Time_s   Intensity_dB
0.065625   64.115549
0.081625   63.408387
0.097625   64.619297
0.113625   70.688218
0.129625   76.523347
0.145625   80.443358
0.161625   82.946083
0.177625   84.347730
0.193625   84.737968
0.209625   84.391803
0.225625   83.803836
0.241625   83.174688
0.257625   82.549451
0.273625   82.102633
0.289625   81.710825
0.305625   81.259856
0.321625   80.931909
0.337625   80.576811
0.353625   79.927754
0.369625   79.213656
0.385625   78.848349
0.401625   78.756597
0.417625   78.563821
0.433625   78.131705
0.449625   77.510913
0.465625   76.287341
0.481625   74.573918
0.497625   75.817578
0.513625   78.311672
0.529625   79.324872
0.545625   79.471885
0.561625   79.483742
0.577625   78.699994
0.593625   76.675951
0.609625   76.673571
0.625625   77.602879
0.641625   77.879622
0.657625   77.662039
0.673625   77.502590
0.689625   77.872883
0.705625   78.260539
0.721625   78.228983
0.737625   78.012014
0.753625   77.510921
0.769625   75.788722
0.785625   72.963008
0.801625   71.069571
0.817625   72.658760
0.833625   75.459313
0.849625   77.965226
0.865625   79.256754
0.881625   79.244366
0.897625   78.540057
0.913625   77.170410
0.929625   75.494187
0.945625   74.595977
0.961625   74.859819
0.977625   75.933785
0.993625   76.818382
1.009625   76.972702
1.025625   76.294301
1.041625   74.766948
1.057625   73.308923
1.073625   73.871875
1.089625   74.878140
1.105625   74.911453
1.121625   74.532129
1.137625   74.031191
1.153625   73.436063
1.169625   72.841192
1.185625   72.288223
1.201625   72.195138
1.217625   72.630160
1.233625   72.931218
1.249625   72.410857
1.265625   71.267973
1.281625   69.877340
1.297625   70.016253
1.313625   70.332072
1.329625   69.564146
1.345625   69.122438
1.361625   69.788432
1.377625   70.724588
1.393625   71.031764
1.409625   73.301407
1.425625   76.535831
1.441625   77.795114
1.457625   76.491476
1.473625   72.306918
1.489625   67.020189
1.505625   70.367525
1.521625   74.344867
1.537625   75.800325
1.553625   75.265782
1.569625   74.310631
1.585625   74.923981
1.601625   78.578979
1.617625   81.469123
1.633625   82.621222
1.649625   82.607983
1.665625   81.650364
1.681625   79.733252
1.697625   76.740295
1.713625   74.069835
1.729625   73.044268
1.745625   73.147941
1.761625   74.548557
1.777625   76.306590
1.793625   77.842356
1.809625   79.687952
1.825625   81.327142
1.841625   81.978865
1.857625   81.174341
1.873625   78.358111
1.889625   75.074264
1.905625   74.560844
1.921625   73.393168
1.937625   69.928792
1.953625   64.295552
1.969625   60.470159
1.985625   61.824497
2.001625   63.295735
2.017625   64.014793
2.033625   64.151793
2.049625   63.338473
2.065625   64.609955
2.081625   70.859932
2.097625   74.913784
2.113625   76.031502
2.129625   75.689250
2.145625   75.728074
2.161625   76.210195
2.177625   76.296563
2.193625   76.029575
2.209625   75.730889
2.225625   75.575942
2.241625   75.615469
2.257625   75.623313
2.273625   75.363713
2.289625   75.153614
2.305625   75.123420
2.321625   75.265490
2.337625   75.680023
2.353625   76.167439
2.369625   76.573795
2.385625   76.968675
2.401625   77.493630
2.417625   78.687456
2.433625   79.974453
2.449625   80.592929
2.465625   80.247974
2.481625   78.181635
2.497625   73.992043
2.513625   68.475327
2.529625   67.000348
2.545625   70.854680
2.561625   72.367829
2.577625   71.251211
2.593625   68.745173
2.609625   65.871431
2.625625   65.588055
2.641625   67.109198
2.657625   67.347500
2.673625   66.619999
2.689625   65.618253
2.705625   64.845880
2.721625   63.553147
2.737625   63.239864
2.753625   64.585679
2.769625   66.703923
2.785625   68.643094
2.801625   69.073270
2.817625   68.938856
2.833625   68.238370
2.849625   67.277406
2.865625   67.397844
2.881625   67.917203
2.897625   67.880819
2.913625   67.693090
2.929625   67.728161
2.945625   67.304199
2.961625   65.744669
2.977625   65.785360
2.993625   69.382526
3.009625   72.477943
3.025625   73.049494
3.041625   73.013405
3.057625   73.202941
3.073625   71.592546
3.089625   67.665164
3.105625   64.934903
3.121625   65.268307
3.137625   66.194264
3.153625   67.579590
3.169625   68.114584
3.185625   68.016685
3.201625   68.084336
3.217625   67.864290
3.233625   67.687661
3.249625   66.442992
3.265625   64.276432
3.281625   60.879233
3.297625   58.692131
3.313625   58.572979
3.329625   59.769918
3.345625   63.664817
3.361625   65.197251
3.377625   65.232936
3.393625   66.026407
3.409625   66.434506
3.425625   69.645024
3.441625   73.736035
3.457625   75.803827
3.473625   76.333695
3.489625   76.277851
3.505625   76.107359
3.521625   75.868493
3.537625   75.636107
3.553625   75.774434
3.569625   76.077131
3.585625   76.180431
3.601625   76.142791
3.617625   75.884584
3.633625   75.484886
3.649625   74.977114
3.665625   74.645780
3.681625   74.599629
3.697625   74.162067
3.713625   73.144209
3.729625   72.155062
3.745625   71.707373
3.761625   72.932143
3.777625   75.717873
3.793625   77.801989
3.809625   78.666937
3.825625   78.808084
3.841625   78.791188
3.857625   78.645594
3.873625   78.151070
3.889625   76.771914
3.905625   74.722081
3.921625   73.615130
3.937625   74.493017
3.953625   76.647902
3.969625   78.151822
3.985625   78.604045
4.001625   78.434083
4.017625   77.654518
4.033625   76.369346
4.049625   74.737484
4.065625   74.422836
4.081625   77.366772
4.097625   80.306896
4.113625   81.673554
4.129625   81.721479
4.145625   81.105715
4.161625   80.506801
4.177625   80.562589
4.193625   81.337139
4.209625   82.396524
4.225625   82.930463
4.241625   83.293716
4.257625   84.201310
4.273625   84.841304
4.289625   84.479133
4.305625   82.245958
4.321625   77.547639
4.337625   73.190061
4.353625   76.163742
4.369625   80.831152
4.385625   83.611093
4.401625   84.586276
4.417625   84.406259
4.433625   83.732528
4.449625   83.264007
4.465625   82.717508
4.481625   81.129278
4.497625   77.661194
4.513625   71.923499
4.529625   65.732981
4.545625   64.292931
4.561625   66.297295
4.577625   68.426449
4.593625   69.667677
4.609625   69.573407
4.625625   68.913777
4.641625   68.818443
4.657625   70.069399
4.673625   73.053557
4.689625   74.879824
4.705625   75.274291
4.721625   75.362881
4.737625   75.222589
4.753625   74.994030
4.769625   74.683915
4.785625   74.054545
4.801625   72.939837
4.817625   72.086912
4.833625   72.695439
4.849625   73.131916
4.865625   71.593394
4.881625   68.825257
4.897625   66.637802
4.913625   67.073557
4.929625   69.907710
4.945625   72.460054
4.961625   74.852076
4.977625   76.647765
4.993625   77.519337
5.009625   77.382870
5.025625   76.312926
5.041625   75.169720
5.057625   74.643331
5.073625   74.334019
5.089625   73.961250
5.105625   73.656768
5.121625   73.571817
5.137625   73.440375
5.153625   73.254915
5.169625   72.478928
5.185625   71.245444
5.201625   70.773476
5.217625   70.851421
5.233625   70.382672
5.249625   69.857340
5.265625   70.706096
5.281625   71.922531
5.297625   72.131352
5.313625   71.287184
5.329625   69.701846
5.345625   67.550149
5.361625   67.145943
5.377625   67.901681
5.393625   68.260050
5.409625   67.887551
5.425625   68.319887
5.441625   69.825879
5.457625   72.387125
5.473625   73.682573
5.489625   73.385871
5.505625   72.674181
5.521625   72.845119
5.537625   73.524219
5.553625   73.876276
5.569625   73.996477
5.585625   74.279770
5.601625   74.624178
5.617625   74.702073
5.633625   74.831753
5.649625   74.784221
5.665625   74.092847
5.681625   73.297313
5.697625   73.508252
5.713625   73.963446
5.729625   73.287946
5.745625   71.839356
5.761625   70.366433
5.777625   69.100953
5.793625   68.718320
5.809625   67.681573
5.825625   65.050547
5.841625   65.368473
5.857625   65.570695
5.873625   64.344001
5.889625   66.118534
5.905625   70.718678
5.921625   74.017991
5.937625   75.587328
5.953625   75.996103
5.969625   75.773113
5.985625   75.640871
6.001625   75.579682
6.017625   75.270977
6.033625   75.150440
6.049625   75.239371
6.065625   75.170528
6.081625   74.918768
6.097625   74.454081
6.113625   73.524214
6.129625   71.488302
6.145625   68.945971
6.161625   69.513903
6.177625   73.226386
6.193625   76.103219
6.209625   76.815291
6.225625   76.171245
6.241625   75.005025
6.257625   73.045741
6.273625   70.864993
6.289625   71.703048
6.305625   73.901833
6.321625   74.824536
6.337625   74.983164
6.353625   75.123954
6.369625   75.353914
6.385625   75.456927
6.401625   75.368395
6.417625   75.233844
6.433625   75.008960
6.449625   74.474325
6.465625   72.595607
6.481625   69.151626
6.497625   67.872591
6.513625   69.189440
6.529625   70.356101
6.545625   71.044707
6.561625   72.675371
6.577625   74.343483
6.593625   75.317158
6.609625   76.605831
6.625625   77.457067
6.641625   77.592030
6.657625   77.119276
6.673625   75.755649
6.689625   74.479049
6.705625   75.572634
6.721625   77.070147
6.737625   77.380374
6.753625   76.398563
6.769625   74.681070
6.785625   72.642572
6.801625   71.747389
6.817625   73.986932
6.833625   75.227847
6.849625   73.483344
6.865625   69.100043
6.881625   70.589258
6.897625   76.874821
6.913625   79.652686
6.929625   79.688560
6.945625   78.465204
6.961625   76.698183
6.977625   74.093082
6.993625   70.426494
7.009625   67.745438
7.025625   67.292915
7.041625   67.691916
7.057625   68.431262
7.073625   68.588440
7.089625   68.396707
7.105625   68.171658
7.121625   67.339477
7.137625   67.793781
7.153625   70.049957
7.169625   72.811161
7.185625   74.005115
7.201625   74.305954
7.217625   74.708107
7.233625   75.094819
7.249625   75.136354
7.265625   75.227648
7.281625   75.545669
7.297625   75.851177
7.313625   76.215313
7.329625   76.575546
7.345625   76.953281
7.361625   78.032986
7.377625   79.652541
7.393625   80.838345
7.409625   81.521586
7.425625   81.587672
7.441625   80.978349
7.457625   80.389125
7.473625   80.793059
7.489625   81.926046
7.505625   82.458856
7.521625   82.118793
7.537625   82.197507
7.553625   83.042899
7.569625   83.566152
7.585625   83.278684
7.601625   81.620841
7.617625   78.822878
7.633625   76.634184
7.649625   75.900126
7.665625   74.779070
7.681625   73.448561
7.697625   73.592610
7.713625   74.582656
7.729625   75.591288
7.745625   75.917073
7.761625   74.934260
7.777625   72.215056
7.793625   69.311103
7.809625   68.915319
7.825625   69.113077
7.841625   69.920581
7.857625   70.083513
7.873625   70.733350
7.889625   73.319021
7.905625   74.488817
7.921625   73.835147
7.937625   73.618000
7.953625   73.819709
7.969625   74.324568
7.985625   74.078449
8.001625   72.625510
8.017625   71.638701
8.033625   71.359367
8.049625   70.471154
8.065625   68.598267
8.081625   66.263246
8.097625   64.353286
8.113625   63.654839
