mean: 74.05620296561115 std: 28.24801849978483
0.04507291666666605 11.172004230321255
0.05573958333333272 11.332381243176304
0.06640624999999939 10.984074289903802
0.07707291666666605 10.48452683150902
0.08773958333333273 10.346134215257516
0.09840624999999939 10.276429578378286
0.10907291666666605 10.053416165708311
0.11973958333333273 9.846408989129511
0.1304062499999994 9.946289679754871
0.14107291666666608 10.21698952935745
0.15173958333333273 10.00064823134493
0.1624062499999994 9.59374783004723
0.17307291666666605 9.860612493554115
0.18373958333333273 9.980930502127645
0.1944062499999994 9.826065382127485
0.20507291666666608 9.83818479720604
0.21573958333333274 9.892138482657664
0.2264062499999994 9.959247018578303
0.23707291666666608 9.941149990639852
0.24773958333333274 9.932489665365551
0.25840624999999945 9.716612279429784
0.2690729166666661 9.42445732930676
0.27973958333333276 9.299925989664466
0.2904062499999994 9.170442963669863
0.3010729166666661 9.252153837678653
0.3117395833333328 9.613457105149497
0.32240624999999945 9.923371636507332
0.3330729166666661 9.599846111018792
0.34373958333333277 9.658363316524527
0.3544062499999994 13.546201824793933
0.36507291666666614 19.472886442864073
0.3757395833333328 23.50387062932733
0.38640624999999945 25.64888262721348
0.3970729166666661 29.204643894123183
0.40773958333333277 41.411121762781
0.4184062499999995 55.73182145816504
0.42907291666666614 67.9032145607136
0.4397395833333328 75.5581738754282
0.45040624999999945 79.43341466907087
0.4610729166666661 80.15333117029157
0.4717395833333328 79.23751159487281
0.4824062499999995 77.81888181386566
0.49307291666666614 76.4812405112147
0.5037395833333328 77.23128218877748
0.5144062499999994 79.24587215570367
0.5250729166666661 80.65778487054367
0.5357395833333328 81.35515612121749
0.5464062499999994 81.4663245405312
0.557072916666666 81.0853832742847
0.5677395833333327 79.90702570469251
0.5784062499999995 79.2486673786534
0.5890729166666661 80.04854727465835
0.5997395833333328 80.20728028001153
0.6104062499999994 78.97889971961737
0.6210729166666661 76.42011907468866
0.6317395833333328 73.3589819801961
0.6424062499999994 72.02652720455141
0.6530729166666661 71.25616189327533
0.6637395833333327 69.98390033442804
0.6744062499999994 72.21776660923875
0.6850729166666661 74.40458128030497
0.6957395833333327 74.19067761704574
0.7064062499999995 72.6471515126107
0.7170729166666661 71.89662456076343
0.7277395833333328 71.96013417797845
0.7384062499999995 71.08948887362287
0.7490729166666661 72.02740849146974
0.7597395833333328 76.08803899374462
0.7704062499999994 77.83308348794134
0.7810729166666661 77.43304002429238
0.7917395833333328 76.90976528340335
0.8024062499999994 76.0845865470796
0.8130729166666661 76.00041034634567
0.8237395833333327 76.86098155567927
0.8344062499999995 76.81169920362836
0.8450729166666662 75.51617820992793
0.8557395833333328 74.1550274013597
0.8664062499999995 73.54732056854098
0.8770729166666661 73.19069699803535
0.8877395833333328 72.97878898720244
0.8984062499999995 71.9844340133113
0.9090729166666661 70.88711372128671
0.9197395833333328 70.67467250981503
0.9304062499999994 69.50187584874887
0.9410729166666661 67.29316752378881
0.9517395833333328 67.69920723889788
0.9624062499999995 71.3343243926946
0.9730729166666662 77.12896706143601
0.9837395833333328 81.66382755502391
0.9944062499999995 83.38043768304983
1.005072916666666 83.10507279384707
1.015739583333333 83.15520564536924
1.0264062499999995 84.13616982014888
1.0370729166666661 84.88948852753592
1.047739583333333 84.52066233722007
1.0584062499999995 83.11873555948395
1.0690729166666662 82.59584589529508
1.079739583333333 83.33893310449187
1.0904062499999996 84.01191859663464
1.1010729166666662 84.19663673005743
1.111739583333333 83.70962614881746
1.1224062499999996 82.90353864316492
1.1330729166666662 81.98221934597895
1.143739583333333 81.41110283989954
1.1544062499999996 81.15294661888862
1.1650729166666662 80.03732350559369
1.1757395833333328 78.3605776751652
1.1864062499999997 77.47737640961424
1.1970729166666663 76.40756308931019
1.2077395833333329 74.52727958958648
1.2184062499999997 72.5767086597284
1.2290729166666663 71.3072174345782
1.239739583333333 70.32567451962343
1.2504062499999997 69.23473125138389
1.2610729166666663 68.18728042840354
1.271739583333333 66.42867244137284
1.2824062499999995 66.32705599192228
1.2930729166666663 67.38911251865294
1.303739583333333 67.52094238776117
1.3144062499999996 66.67617286419188
1.3250729166666664 66.10275862822357
1.335739583333333 66.12970794345595
1.3464062499999996 65.31214596386792
1.3570729166666664 64.68438768079248
1.367739583333333 64.86083944534724
1.3784062499999996 64.30382279245347
1.3890729166666662 62.83591028232932
1.399739583333333 61.61452901960043
1.4104062499999996 61.1749435128744
1.4210729166666662 60.438627631610714
1.431739583333333 59.07226991418564
1.4424062499999997 57.617839236562354
1.4530729166666663 57.49383150997693
1.4637395833333329 57.203182939391596
1.4744062499999997 55.58012955981604
1.4850729166666663 53.70668256921612
1.495739583333333 53.152770848596624
1.5064062499999997 53.293115352641536
1.5170729166666663 52.905146600468555
1.527739583333333 52.05065685827729
1.5384062499999998 51.525307497350354
1.5490729166666664 50.609691991589656
1.559739583333333 48.939085973759624
1.5704062499999996 47.334974294289765
1.5810729166666664 45.51670840960665
1.591739583333333 45.24053070390117
1.6024062499999996 46.744995387648686
1.6130729166666664 48.397009131589215
1.623739583333333 49.312753012356616
1.6344062499999996 49.72657337305249
1.6450729166666664 50.25509738957504
1.655739583333333 52.87828312284752
1.6664062499999996 62.32845944832135
1.6770729166666662 69.63746868794465
1.687739583333333 73.67000682304418
1.6984062499999997 75.1160603014685
1.7090729166666663 74.07559243766417
1.719739583333333 70.73641827841159
1.7304062499999997 66.2244938375571
1.7410729166666663 63.46349800342968
1.7517395833333331 64.48933670413238
1.7624062499999997 66.08595040413539
1.7730729166666663 67.60611965298382
1.783739583333333 69.85724649404165
1.7944062499999998 70.84813945933924
1.8050729166666664 70.23642264502874
1.815739583333333 69.12821896329385
1.8264062499999998 68.33489025661945
1.8370729166666664 70.77438290597738
1.847739583333333 74.81071700562046
1.8584062499999996 77.21520812495102
1.8690729166666664 78.28176393266264
1.879739583333333 78.61462452029495
1.8904062499999996 78.33361372266172
1.9010729166666664 77.85218671242924
1.911739583333333 77.72199303669323
1.9224062499999997 78.15139333371744
1.9330729166666665 78.32272077180194
1.943739583333333 78.23356430154749
1.9544062499999997 78.24533383585626
1.9650729166666663 77.43154628857154
1.975739583333333 75.62585847034052
1.9864062499999997 73.23809948469145
1.9970729166666663 70.44171105563183
2.007739583333333 68.73649796763164
2.0184062499999995 68.67191752528974
2.0290729166666663 68.88930497480408
2.039739583333333 71.5811483537435
2.0504062499999995 75.36824588260346
2.0610729166666664 77.87724270767387
2.0717395833333327 79.18345883607668
2.0824062499999996 80.31508912694446
2.093072916666666 81.42634197644612
2.1037395833333328 81.95084253915569
2.1144062499999996 82.09573932849875
2.125072916666666 81.94285527230478
2.135739583333333 81.53532094642131
2.1464062499999996 81.06844755433647
2.157072916666666 80.50293639025476
2.167739583333333 79.92614618346411
2.1784062499999997 78.70051734503195
2.189072916666666 76.15001693348052
2.199739583333333 73.20139381977586
2.2104062499999997 70.5848862074219
2.221072916666666 68.28696956199562
2.231739583333333 66.81603605284506
2.2424062499999997 66.05267509134524
2.253072916666666 66.24696442704276
2.263739583333333 67.62965462858668
2.2744062499999997 69.03486863737032
2.285072916666666 70.32328688248376
2.295739583333333 72.21168523760478
2.3064062499999993 73.51908741976415
2.317072916666666 73.63928501181034
2.327739583333333 72.27631347324915
2.3384062499999994 69.04857452255774
2.349072916666666 65.662205590457
2.359739583333333 64.59282105810254
2.3704062499999994 64.32444591527714
2.381072916666666 63.17122061829785
2.391739583333333 61.571315130687616
2.4024062499999994 63.335720708658016
2.4130729166666662 67.949418169225
2.423739583333333 70.09919820820511
2.4344062499999994 72.00502641867944
2.4450729166666663 75.01445794869642
2.455739583333333 77.24035424889986
2.4664062499999995 78.46409774171073
2.4770729166666663 78.57835711177107
2.4877395833333327 78.54296529278955
2.4984062499999995 78.54126919093243
2.5090729166666663 77.8042029139281
2.5197395833333327 77.49288306997238
2.5304062499999995 77.57652097970971
2.5410729166666663 77.39555964046812
2.5517395833333327 77.42131835567592
2.5624062499999996 77.40976085115909
2.5730729166666664 77.33309847136762
2.5837395833333328 77.81146065121332
2.5944062499999996 78.55217355582505
2.6050729166666664 79.0280915919686
2.615739583333333 79.4311385462979
2.6264062499999996 79.53446719740172
2.6370729166666664 79.08895600339882
2.647739583333333 77.74052450273413
2.6584062499999996 75.27929593632345
2.6690729166666665 72.77025871063734
2.679739583333333 70.73701651555729
2.6904062499999997 69.18245714156333
2.701072916666666 67.94334406052015
2.711739583333333 66.62992198091798
2.7224062499999997 65.12039861435005
2.733072916666666 64.3225849998881
2.743739583333333 65.08638258816913
2.7544062499999997 65.08815846088177
2.765072916666666 64.17862075931062
2.775739583333333 64.48479396369467
2.7864062499999998 65.602764312924
2.797072916666666 65.39719771433357
2.807739583333333 64.2578850630201
2.81840625 62.501606520114706
2.829072916666666 61.28626644164009
2.839739583333333 61.107906743577686
2.85040625 60.867810174855904
2.861072916666666 60.12800168943015
2.871739583333333 58.81915089437556
2.8824062499999994 57.87759365449542
2.893072916666666 57.20071731365359
2.903739583333333 56.249512269482935
2.9144062499999994 55.009617121353884
2.9250729166666662 54.05739222606198
2.935739583333333 53.557482201072695
2.9464062499999994 53.15812707343095
2.9570729166666663 52.41419849461579
2.967739583333333 51.30867860015252
2.9784062499999995 50.13839481036297
2.9890729166666663 48.49204889632734
2.999739583333333 46.48473030795642
3.0104062499999995 44.96510068195943
3.0210729166666663 43.71815682422425
3.031739583333333 42.462185606754595
3.0424062499999995 42.16995342662497
3.0530729166666664 42.812893179795196
3.063739583333333 42.88015056423031
3.0744062499999996 43.206872478144376
3.0850729166666664 44.98826175938268
3.0957395833333328 46.965508000809464
3.1064062499999996 47.98061681128878
3.1170729166666664 48.51833723532974
3.127739583333333 48.815251180575494
3.1384062499999996 48.926086519977474
3.1490729166666664 48.61926616793828
3.159739583333333 47.423796415195135
3.1704062499999996 46.09332727450993
3.1810729166666665 45.258989941736154
3.191739583333333 44.21251721582066
3.2024062499999997 43.2753353521006
3.2130729166666665 43.16533114213003
3.223739583333333 43.73671249499863
3.2344062499999997 45.273858041500965
3.2450729166666665 47.09005074771262
3.255739583333333 48.06096847458787
3.2664062499999997 48.220385955870704
3.277072916666666 47.4625260395935
3.287739583333333 46.10156625496757
3.2984062499999998 44.8830078265296
3.309072916666666 43.57352305875038
3.319739583333333 41.267717841074344
3.33040625 38.69960232366039
3.341072916666666 36.56094194327839
3.351739583333333 34.951450687360115
3.36240625 32.78547315523071
3.373072916666666 31.64039471869834
3.383739583333333 32.37241196758384
3.39440625 32.746568078070354
3.4050729166666662 34.680784460124876
3.415739583333333 36.43387037564538
3.42640625 36.243744693084786
3.4370729166666663 35.5695302614848
3.447739583333333 35.37686166236391
3.45840625 36.48937547823909
3.4690729166666663 36.706635459493725
3.479739583333333 35.84786698393793
3.4904062499999995 37.037176790463775
3.5010729166666663 39.358993307196826
3.511739583333333 41.029621869423266
3.5224062499999995 40.80406503774631
3.5330729166666663 38.666413588137914
3.543739583333333 43.878653181772876
3.5544062499999995 57.74792056714592
3.5650729166666664 66.24557600454165
3.575739583333333 71.7163975438149
3.5864062499999996 76.07744694041637
3.5970729166666664 80.0249011919172
3.607739583333333 83.15046026004033
3.6184062499999996 84.79097415602749
3.6290729166666664 85.59539827547864
3.6397395833333333 85.82057042202544
3.6504062499999996 84.80006041076784
3.6610729166666665 82.44143112445067
3.671739583333333 79.75929082080357
3.6824062499999997 78.73451365149008
3.6930729166666665 78.84128141110719
3.703739583333333 79.20594928660887
3.7144062499999997 80.05056771129723
3.7250729166666665 80.42035094542938
3.735739583333333 80.57872097631653
3.7464062499999997 81.43950840144994
3.7570729166666665 82.07894064543905
3.767739583333333 81.53274160660452
3.7784062499999997 79.63607659984584
3.7890729166666666 76.50729057980188
3.799739583333333 73.85436464933177
3.8104062499999998 73.26958238384093
3.8210729166666666 72.82675696187063
3.831739583333333 71.46051036375833
3.84240625 69.66136178579534
3.853072916666666 68.24878773043838
3.863739583333333 66.96683792491004
3.87440625 65.33426921243722
3.885072916666666 62.88236548915879
3.895739583333333 64.49181156859679
3.90640625 72.0392011075908
3.9170729166666662 76.36375307110957
3.927739583333333 77.18208259603595
3.93840625 76.32799019428359
3.9490729166666663 76.1113319998883
3.959739583333333 77.23452583664235
3.97040625 78.16172510757552
3.9810729166666663 78.77650838175073
3.991739583333333 80.05211766025896
4.00240625 81.45602475810244
4.013072916666666 81.99616490498082
4.023739583333334 81.39185751176055
4.03440625 80.50550081207481
4.045072916666667 80.39931010897261
4.055739583333334 80.03553097041645
4.06640625 78.54362557636064
4.077072916666667 76.29691129893261
4.087739583333334 74.55452563169945
4.09840625 73.55953364286967
4.109072916666667 72.97701306692302
4.119739583333334 72.7935985080176
4.13040625 71.9798084732304
4.141072916666666 69.55902370666982
4.151739583333334 66.30150183363243
4.16240625 65.26668405152361
4.1730729166666665 67.4438982051912
4.183739583333334 71.83346577305626
4.19440625 75.09446994921696
4.2050729166666665 76.77855069327995
4.215739583333334 77.9001118033448
4.22640625 79.70691774692355
4.2370729166666665 80.73747767076625
4.247739583333334 79.88267749211171
4.25840625 78.68539855967812
4.2690729166666666 78.67062631456247
4.279739583333334 78.56164491525298
4.29040625 77.79251139798052
4.301072916666667 75.89526150525437
4.311739583333334 73.29950193123194
4.32240625 72.95924764172477
4.333072916666667 73.79739147789184
4.343739583333334 73.53306436175356
4.35440625 72.09324864724907
4.365072916666667 69.11255298746026
4.375739583333334 65.71507053638831
4.38640625 63.58431782612074
4.397072916666667 61.772194961493824
4.407739583333334 60.025269336278846
4.41840625 60.42203648792797
4.429072916666667 65.670319760774
4.439739583333334 72.1415132383334
4.45040625 76.60112122836152
4.461072916666667 79.19926686398944
4.471739583333334 80.13532530775542
4.48240625 79.30042854519648
4.493072916666667 76.75308026914075
4.503739583333334 73.21725071807253
4.51440625 70.49408610722764
4.525072916666667 69.28143199133426
4.535739583333333 67.87182953278675
4.54640625 65.96105429490953
4.557072916666667 64.83129575838093
4.567739583333333 63.88813119787828
4.5784062500000005 62.12101095879744
4.589072916666667 60.00822310478097
4.599739583333333 62.80478246229641
4.6104062500000005 69.60268418972771
4.621072916666667 74.41642383193326
4.631739583333333 77.71696638029876
4.6424062500000005 79.96831571116903
4.653072916666667 80.72132147620286
4.663739583333333 80.55465054220383
4.6744062500000005 80.15342577748795
4.685072916666667 79.3819277884543
4.695739583333333 79.43371736228875
4.706406250000001 80.38498783328153
4.717072916666667 80.72025696750609
4.727739583333333 80.9375987523285
4.738406250000001 80.97352567430912
4.749072916666667 80.78935519177688
4.759739583333333 80.23874992583583
4.770406250000001 79.04503921304254
4.781072916666667 77.80435125574114
4.791739583333333 78.23088445615221
4.802406250000001 79.88492916667225
4.813072916666667 81.12007974563313
4.823739583333333 81.45433957931016
4.834406250000001 81.09016788533788
4.845072916666667 80.12385396523564
4.855739583333333 79.65713432881559
4.866406250000001 79.58422203659654
4.877072916666667 78.30336322611215
4.8877395833333335 75.74578202578931
4.898406250000001 72.36171075779282
4.909072916666667 70.01312198564052
4.9197395833333335 70.07179208396737
4.93040625 71.86802273639348
4.941072916666667 74.85013756992346
4.9517395833333335 77.73388266476942
4.96240625 79.29738284794743
4.973072916666667 79.27945994930502
4.983739583333334 78.72462078485471
4.99440625 78.22027363060347
5.005072916666667 77.35043296109771
5.015739583333334 76.37464747326385
5.02640625 75.61471786314739
5.037072916666667 74.683317671578
5.047739583333334 73.5088330045921
5.05840625 73.28623241927727
5.069072916666667 73.80058470212253
5.079739583333334 73.87727539680611
5.09040625 73.90704260136427
5.101072916666667 74.99340342814611
5.111739583333334 75.55408980393749
5.12240625 75.61365157892963
5.133072916666667 76.12553603359132
5.143739583333334 76.59624619457425
5.15440625 76.43155285143243
5.165072916666667 76.03684163771096
5.175739583333334 76.0629519045462
5.18640625 76.48817813052771
5.197072916666667 76.70775140280894
5.207739583333334 76.21254688937213
5.21840625 74.59500967843749
5.229072916666667 72.32592391076427
5.239739583333334 71.22784114179133
5.25040625 71.4602772549888
5.261072916666667 71.40974342563601
5.271739583333334 71.37604221265006
5.28240625 72.40917124097108
5.2930729166666675 73.34309369670976
5.303739583333334 73.39709760607067
5.31440625 72.9485245177287
5.325072916666667 71.73484934051508
5.335739583333334 69.59545972911455
5.34640625 67.5808524791669
5.357072916666667 66.01646025365181
5.367739583333334 64.72594138860379
5.37840625 63.30336064087899
5.389072916666667 62.65734260009623
5.399739583333334 62.64701649818345
5.41040625 62.28857296087669
5.421072916666667 61.55298024285054
5.431739583333334 60.97771037150618
5.44240625 60.3283150098219
5.453072916666667 59.697839252322844
5.463739583333334 59.01964017226979
5.47440625 58.227855117444705
5.485072916666667 57.19424986152795
5.495739583333334 56.14152402493964
5.50640625 55.59171408679431
5.517072916666667 55.023186160044126
5.527739583333334 54.601193096409595
5.53840625 54.7094606507619
5.549072916666667 54.94085862495644
5.559739583333334 55.13364802600581
5.5704062500000004 55.11514001221776
5.581072916666667 54.41922789966108
5.591739583333334 53.23179200437954
5.6024062500000005 51.691096760847664
5.613072916666667 50.73308633311446
5.623739583333334 50.13706531047389
5.6344062500000005 49.30874312507545
5.645072916666667 48.50673629397469
5.655739583333334 48.0473710410031
5.6664062500000005 47.807063917822425
5.677072916666667 47.45769283490287
5.687739583333334 47.01792297079814
5.698406250000001 46.74910484754446
5.709072916666667 47.0355501898709
5.719739583333333 46.90599449527892
5.730406250000001 46.5750660264961
5.741072916666667 46.38492360207244
5.751739583333333 46.12213021628888
5.762406250000001 45.4357185799507
5.773072916666667 44.45930150233003
5.783739583333333 43.94553589698642
5.794406250000001 43.632784500537866
5.805072916666667 43.044291158993545
5.815739583333333 42.64105221551611
5.826406250000001 42.77736398822643
5.837072916666667 42.99588920024043
5.847739583333333 43.214476061167204
5.858406250000001 43.326348977556464
5.869072916666667 43.22505759766958
5.8797395833333335 42.96411707290196
5.890406250000001 42.62464584156394
5.901072916666667 42.36852566989618
5.9117395833333335 42.112612382035984
5.922406250000001 41.737174182765344
5.933072916666667 41.29043040952019
5.9437395833333335 40.906475998004694
5.954406250000001 40.55577619537938
5.965072916666667 40.108551733559764
5.9757395833333335 39.61589880900085
5.986406250000001 39.14278013051941
5.997072916666667 38.61485557332255
6.007739583333334 38.0965733410576
6.018406250000001 37.61470858225236
6.029072916666667 37.09717657195911
6.039739583333334 36.581232326329314
6.050406250000001 36.077663632004246
6.061072916666667 35.564413988986814
6.071739583333334 34.97681090248372
6.082406250000001 34.37046989689842
6.093072916666667 33.85839720736244
6.103739583333334 33.30788161503081
6.11440625 32.62833721748948
6.125072916666667 32.00113901043426
6.135739583333334 31.43295471122657
6.14640625 30.86129862863498
6.157072916666667 30.32835230481635
6.167739583333334 29.855570453324805
6.17840625 29.435741138394327
6.189072916666667 29.0443296138546
6.199739583333334 28.649834637264647
6.21040625 28.230103995823008
6.221072916666667 27.729173966349414
6.231739583333334 27.163090542109973
6.24240625 26.527303558373486
6.253072916666667 25.845010476771492
6.263739583333334 25.15057482720414
6.27440625 24.4070536595942
6.2850729166666675 23.671221067508963
6.295739583333334 22.965205612265716
6.30640625 22.225614402333285
6.3170729166666675 21.40605259191298
6.327739583333334 20.584983546521208
6.33840625 19.833751200884507
6.3490729166666675 19.123893865320728
6.359739583333334 18.33838058885417
6.37040625 17.548514178746718
6.3810729166666675 16.88149440447529
6.391739583333334 16.21245641393143
6.40240625 15.395036988949881
6.413072916666668 14.7434148858178
6.423739583333334 14.212199564026413
6.43440625 13.86631693912875
6.445072916666668 13.47660738410755
6.455739583333334 12.673653322793326
6.46640625 11.948076721905881
6.477072916666668 11.843623062585225
6.487739583333334 11.937825750211026
6.49840625 11.824371203306507
6.509072916666667 11.497322236956043
6.519739583333334 11.226634104273106
6.53040625 10.789066364242837
6.541072916666667 10.519703442299226
6.551739583333334 10.648704064810111
6.56240625 10.694407100709572
6.573072916666667 10.404430286415732
6.583739583333334 9.976795708498422
6.5944062500000005 9.58213814888027
6.605072916666667 9.639042605553202
6.615739583333334 9.900100640809061
6.6264062500000005 10.029211106461695
6.637072916666667 10.417501581350905
6.647739583333334 10.273247095789744
6.6584062500000005 9.43367447538482
6.669072916666667 9.655491316830952
6.679739583333334 10.593304491707869
6.6904062500000006 10.855288621810006
6.701072916666667 10.562807138284091
6.711739583333334 10.599044094124139
6.722406250000001 10.861227352095334
6.733072916666667 10.715528644396262
6.743739583333334 10.403130931719316
6.754406250000001 10.360449725942855
6.765072916666667 10.592503040669946
6.775739583333334 10.608502349473195
6.786406250000001 10.262798118521966
6.797072916666667 9.753433822928194
6.807739583333334 9.436688306871185
6.818406250000001 9.435914959499751
6.829072916666667 9.450740617613636
6.839739583333334 9.378421985794649
6.850406250000001 9.905692337569324
6.861072916666667 10.812688744784856
6.871739583333334 10.770794060057518
6.882406250000001 10.28694468032314
6.893072916666667 9.65212917035054
6.9037395833333335 9.10829843327775
6.914406250000001 9.321195441687868
6.925072916666667 10.153717756068101
6.9357395833333335 10.5867351331563
6.946406250000001 10.270207316194675
6.957072916666667 9.8803690897687
6.9677395833333335 10.02604768410671
6.978406250000001 10.18588735838785
6.989072916666667 9.853793219639485
6.999739583333334 9.533574841084254
7.010406250000001 9.369496667666345
7.021072916666667 9.148396947701519
7.031739583333334 8.98169663060265
7.042406250000001 9.181294404790846
7.053072916666667 9.49290283097924
7.063739583333334 9.821243356642222
7.074406250000001 9.905442351408606
7.085072916666667 9.960173406123367
7.095739583333334 10.077420850164096
7.106406250000001 10.301421715819641
7.117072916666667 10.635483960361334
7.127739583333334 10.653852280100963
7.138406250000001 10.351546214660006
7.149072916666667 9.828013033695557
7.159739583333334 9.171974459730249
7.170406250000001 9.13915754068647
7.181072916666667 9.52560750985285
7.191739583333334 9.37232657535991
7.202406250000001 9.266658620735935
7.213072916666667 9.818139917647681
7.223739583333334 10.056967176684426
7.234406250000001 10.150941262111033
7.245072916666667 10.503879253960873
7.255739583333334 10.745039155772293
7.26640625 10.570962801590762
7.2770729166666674 10.31782438980946
7.287739583333334 10.456871351913819
7.29840625 10.545999264288247
7.3090729166666675 10.353857157571083
7.319739583333334 10.473181578693016
7.33040625 10.036719155787921
7.3410729166666675 9.405455661479445
7.351739583333334 9.812141737317035
7.36240625 10.621019378971779
7.3730729166666675 10.605096401291803
7.383739583333334 9.860488765314825
7.39440625 9.963518847866963
7.405072916666668 10.557574361764795
7.415739583333334 10.831036877638446
7.42640625 10.86056472788161
7.437072916666668 10.8264000037154
7.447739583333334 10.794074865548676
7.45840625 10.487076052863403
7.469072916666668 9.731813289048636
7.479739583333334 9.009238909591984
7.49040625 9.040267471635296
7.501072916666668 9.47721834703723
7.511739583333334 9.750101897870719
7.52240625 10.329794813577639
7.533072916666668 10.851986862208891
7.543739583333334 10.60988253164596
7.55440625 10.100555133770623
7.565072916666668 9.568813470286862
7.575739583333334 9.225986595544773
7.5864062500000005 9.632887590524186
7.597072916666668 9.795201348240104
7.607739583333334 9.359018984659977
7.6184062500000005 9.015749679575116
7.629072916666668 9.082676906237596
7.639739583333334 9.5859088925481
7.6504062500000005 10.292374785168656
7.661072916666667 10.752628121545158
7.671739583333334 10.437404873519947
7.6824062500000005 9.480864163189178
7.693072916666667 9.395032495546493
7.703739583333334 9.859273457553984
7.714406250000001 9.827525820721291
7.725072916666667 9.623934650006712
7.735739583333334 9.636862463246281
7.746406250000001 9.845494620210221
7.757072916666667 10.346776384175591
7.767739583333334 10.51386814654882
7.778406250000001 10.330821845920411
7.789072916666667 10.47827489876167
7.799739583333334 10.669260243251657
7.810406250000001 10.313192389280028
7.821072916666667 9.804475551447513
7.831739583333334 9.43426107169132
7.842406250000001 9.6433202279265
7.853072916666667 9.86241035471336
7.863739583333334 9.45933250417971
7.874406250000001 9.34759041547278
7.885072916666667 9.436354456057176
7.895739583333334 9.64597201342153
7.906406250000001 10.032186918555388
7.917072916666667 9.907775561076816
7.927739583333334 9.969988395142801
7.938406250000001 10.234000952837945
7.949072916666667 9.883803967105049
7.959739583333334 9.759670042817687
7.970406250000001 9.513526163705349
7.981072916666667 9.618965568101176
7.9917395833333345 10.21714064803554
8.00240625 10.3380409566623
8.013072916666667 10.234850759542908
8.023739583333334 10.032120344883804
8.03440625 9.959173172294527
8.045072916666667 10.023839352959541
8.055739583333333 9.896224547587707
8.06640625 9.842371929009696
8.077072916666667 9.952869369823068
8.087739583333333 10.213318983711153
8.09840625 10.855376773771725
8.109072916666667 11.151448263380937
8.119739583333333 11.026162822449162
8.13040625 10.725346840169212
8.141072916666667 10.521321228561128
8.151739583333333 10.393384008079941
8.16240625 10.113152929060341
8.173072916666667 9.673689387146574
8.183739583333333 9.397007310321861
8.19440625 9.76881302139759
8.205072916666667 9.77242463590197
8.215739583333333 9.503061180724133
8.22640625 9.387545332167015
8.237072916666666 9.31099034363906
8.247739583333333 9.280038815548606
8.25840625 9.544051946875124
8.269072916666666 10.45909154005999
8.279739583333333 11.104700059951583
8.29040625 10.96106824313113
8.301072916666666 10.044005803482117
8.311739583333333 9.202574308687224
8.32240625 9.57092146270978
8.333072916666666 10.355859971990034
8.343739583333333 10.67163537396086
8.35440625 10.944436337769625
8.365072916666666 10.86271006620506
8.375739583333333 10.404292050973869
8.38640625 10.395530888045837
8.397072916666666 10.2771467429838
8.407739583333333 10.319911811391204
8.41840625 10.414785012218044
8.429072916666666 10.035400392791004
8.439739583333333 9.50423998858884
8.45040625 9.803138884535267
8.461072916666666 10.58808951871843
8.471739583333333 10.87936716008063
8.48240625 10.655163863852204
8.493072916666666 10.445835857289127
8.503739583333333 10.236885781263139
8.51440625 9.838919761344414
8.525072916666666 9.834801005349352
8.535739583333333 9.749610414365588
8.54640625 9.737045192682068
8.557072916666666 10.283605937824587
8.567739583333333 10.52450543368215
8.57840625 10.488713636240677
8.589072916666666 10.695680506956036
8.599739583333333 10.242238713227103
8.61040625 9.384424157713987
8.621072916666666 9.703447781490038
8.631739583333333 10.638324404609572
8.64240625 11.011916593684417
8.653072916666666 10.97836092385111
8.663739583333333 10.842397561463102
