Time_s   Intensity_dB
0.043531   64.340481
0.054198   65.567024
0.064865   69.508637
0.075531   73.079334
0.086198   76.132290
0.096865   78.322157
0.107531   79.666912
0.118198   80.391560
0.128865   80.863607
0.139531   81.052348
0.150198   81.201973
0.160865   81.673711
0.171531   82.436207
0.182198   82.598385
0.192865   81.285914
0.203531   78.271845
0.214198   74.242387
0.224865   70.768911
0.235531   67.887559
0.246198   67.612963
0.256865   70.494421
0.267531   72.379382
0.278198   72.050293
0.288865   70.473840
0.299531   68.942192
0.310198   67.965706
0.320865   69.634021
0.331531   74.292979
0.342198   77.629757
0.352865   79.354868
0.363531   79.977942
0.374198   79.602566
0.384865   78.050027
0.395531   75.772226
0.406198   73.780048
0.416865   71.887244
0.427531   70.532567
0.438198   71.006049
0.448865   73.567242
0.459531   75.993513
0.470198   77.760050
0.480865   79.002210
0.491531   79.774161
0.502198   79.940874
0.512865   79.308894
0.523531   78.176599
0.534198   76.353321
0.544865   72.940990
0.555531   68.695388
0.566198   67.442565
0.576865   67.450318
0.587531   67.325246
0.598198   68.023180
0.608865   69.820365
0.619531   73.618695
0.630198   76.562302
0.640865   77.747772
0.651531   77.019258
0.662198   74.729094
0.672865   72.823012
0.683531   71.995179
0.694198   71.443973
0.704865   70.322497
0.715531   68.167377
0.726198   65.509357
0.736865   62.491468
0.747531   59.427298
0.758198   61.859219
0.768865   68.891000
0.779531   74.065411
0.790198   77.154328
0.800865   78.681221
0.811531   79.186051
0.822198   79.228879
0.832865   79.270862
0.843531   79.432416
0.854198   79.717548
0.864865   80.013223
0.875531   79.834431
0.886198   78.679550
0.896865   77.047024
0.907531   75.435154
0.918198   73.283899
0.928865   70.380276
0.939531   68.391742
0.950198   67.342368
0.960865   66.765450
0.971531   67.399638
0.982198   66.496940
0.992865   64.053085
1.003531   64.005689
1.014198   67.459558
1.024865   71.864399
1.035531   75.552426
1.046198   77.730062
1.056865   78.530490
1.067531   78.600885
1.078198   78.662838
1.088865   78.947689
1.099531   78.748004
1.110198   78.020020
1.120865   77.724031
1.131531   77.633849
1.142198   77.306485
1.152865   76.979422
1.163531   76.457567
1.174198   76.097748
1.184865   76.319169
1.195531   76.175847
1.206198   74.863242
1.216865   72.748663
1.227531   70.086900
1.238198   66.600307
1.248865   66.178533
1.259531   69.612007
1.270198   73.588898
1.280865   76.001027
1.291531   77.037693
1.302198   77.307468
1.312865   77.158018
1.323531   76.780832
1.334198   76.154556
1.344865   75.308993
1.355531   74.004391
1.366198   72.193062
1.376865   69.881010
1.387531   67.131785
1.398198   67.023313
1.408865   68.302187
1.419531   67.504254
1.430198   66.178155
1.440865   65.871206
1.451531   65.105871
1.462198   63.004627
1.472865   63.595293
1.483531   67.398662
1.494198   68.257889
1.504865   65.721423
1.515531   61.562288
1.526198   61.754497
1.536865   62.448157
1.547531   62.450392
1.558198   63.719742
1.568865   66.494708
1.579531   68.438165
1.590198   69.578517
1.600865   70.284088
1.611531   69.558976
1.622198   68.872956
1.632865   67.891797
1.643531   66.371540
1.654198   68.482067
1.664865   71.749245
1.675531   73.858973
1.686198   75.504244
1.696865   76.694167
1.707531   77.074921
1.718198   76.728615
1.728865   75.915490
1.739531   74.772894
1.750198   73.682663
1.760865   72.878242
1.771531   71.350906
1.782198   69.661996
1.792865   69.336035
1.803531   68.834421
1.814198   67.230286
1.824865   67.715457
1.835531   68.387727
1.846198   67.547439
1.856865   66.654755
1.867531   65.984284
1.878198   66.162491
1.888865   65.638027
1.899531   65.725966
1.910198   65.485396
1.920865   65.829897
1.931531   66.322959
1.942198   65.866279
1.952865   63.852618
1.963531   61.722884
1.974198   59.748285
1.984865   59.974757
1.995531   60.211365
2.006198   58.471204
2.016865   59.246410
2.027531   63.679234
2.038198   66.047458
2.048865   65.333212
2.059531   62.465558
2.070198   60.801919
2.080865   59.991000
2.091531   62.416635
2.102198   67.661502
2.112865   71.668685
2.123531   74.570837
2.134198   76.072677
2.144865   76.701929
2.155531   77.458611
2.166198   78.230011
2.176865   79.200095
2.187531   79.722178
2.198198   79.219564
2.208865   78.492906
2.219531   77.928964
2.230198   77.087029
2.240865   75.936676
2.251531   74.735382
2.262198   73.861824
2.272865   73.647493
2.283531   73.780045
2.294198   73.765755
2.304865   73.564816
2.315531   73.357225
2.326198   73.096125
2.336865   72.781842
2.347531   72.639389
2.358198   73.151479
2.368865   74.140111
2.379531   75.125403
2.390198   75.716453
2.400865   75.352238
2.411531   74.362412
2.422198   74.453659
2.432865   75.571169
2.443531   76.691243
2.454198   77.533567
2.464865   77.988756
2.475531   77.974049
2.486198   77.352988
2.496865   76.227600
2.507531   74.769181
2.518198   73.665055
2.528865   73.326468
2.539531   73.449775
2.550198   74.160564
2.560865   74.954474
2.571531   75.333666
2.582198   75.483635
2.592865   75.770323
2.603531   75.711692
2.614198   74.048139
2.624865   69.971324
2.635531   64.992748
2.646198   62.753746
2.656865   62.980265
2.667531   65.744554
2.678198   66.912177
2.688865   65.926576
2.699531   65.121947
2.710198   66.543010
2.720865   69.699373
2.731531   71.781453
2.742198   72.377243
2.752865   72.001732
2.763531   71.595963
2.774198   71.645487
2.784865   71.539448
2.795531   71.492156
2.806198   71.643703
2.816865   72.032149
2.827531   72.463168
2.838198   72.399130
2.848865   71.774354
2.859531   69.726475
2.870198   66.224835
2.880865   63.606368
2.891531   61.469346
2.902198   59.540408
2.912865   61.061482
2.923531   65.480454
2.934198   68.760470
2.944865   69.839800
2.955531   68.348696
2.966198   64.994058
2.976865   61.614618
2.987531   59.222422
2.998198   59.867390
3.008865   61.572909
3.019531   61.876788
3.030198   61.369605
3.040865   61.480264
3.051531   61.456757
3.062198   62.917434
3.072865   63.637589
3.083531   62.493407
3.094198   63.975518
3.104865   66.852843
3.115531   69.298767
3.126198   72.465038
3.136865   74.442563
3.147531   75.056388
3.158198   74.919563
3.168865   74.274822
3.179531   73.692511
3.190198   73.757082
3.200865   73.910214
3.211531   73.930561
3.222198   73.396765
3.232865   72.211021
3.243531   70.337448
3.254198   68.155516
3.264865   66.383964
3.275531   64.399952
3.286198   62.260260
3.296865   61.753477
3.307531   62.400486
3.318198   61.984520
3.328865   64.489755
3.339531   68.472251
3.350198   70.915470
3.360865   71.955247
3.371531   72.118727
3.382198   71.777750
3.392865   72.020740
3.403531   72.807215
3.414198   72.363689
3.424865   70.827222
3.435531   68.877382
3.446198   66.801988
3.456865   64.960851
3.467531   65.333753
3.478198   66.208575
3.488865   65.511612
3.499531   67.380685
3.510198   68.685378
3.520865   67.708201
3.531531   66.168799
3.542198   68.760462
3.552865   72.094438
3.563531   73.314122
3.574198   73.260126
3.584865   73.194994
3.595531   73.134975
3.606198   73.391540
3.616865   74.109474
3.627531   75.252419
3.638198   76.234173
3.648865   76.784133
3.659531   77.058134
3.670198   76.737667
3.680865   75.536512
3.691531   73.303020
3.702198   70.671206
3.712865   70.439601
3.723531   73.446579
3.734198   75.819104
3.744865   76.953803
3.755531   77.249367
3.766198   76.853878
3.776865   75.748625
3.787531   73.846041
3.798198   71.456019
3.808865   69.295064
3.819531   67.630209
3.830198   66.986284
3.840865   67.075425
3.851531   66.508354
3.862198   66.201860
3.872865   66.578550
3.883531   66.387720
3.894198   64.704123
3.904865   62.258418
3.915531   63.354619
3.926198   64.981139
3.936865   63.674112
3.947531   60.337887
3.958198   61.370677
3.968865   64.632903
3.979531   67.646661
3.990198   68.722805
4.000865   68.150853
4.011531   66.578077
4.022198   65.340304
4.032865   65.220475
4.043531   64.791963
4.054198   64.962635
4.064865   65.401756
4.075531   65.712404
4.086198   65.818676
4.096865   65.642250
4.107531   65.417246
4.118198   65.350024
4.128865   65.756512
4.139531   66.697528
4.150198   66.511651
4.160865   64.797234
4.171531   64.303072
4.182198   64.476245
4.192865   64.281269
4.203531   64.838393
