Time_s   Intensity_dB
0.046437   35.406381
0.057104   54.165495
0.067771   67.062478
0.078437   75.726424
0.089104   81.647044
0.099771   84.307140
0.110437   84.028680
0.121104   83.066708
0.131771   82.255717
0.142437   80.571544
0.153104   78.731949
0.163771   76.144074
0.174437   74.233663
0.185104   73.740239
0.195771   72.984409
0.206437   71.701488
0.217104   70.627097
0.227771   72.551286
0.238437   78.937017
0.249104   84.134125
0.259771   86.542639
0.270437   86.805399
0.281104   86.171574
0.291771   85.594508
0.302437   84.794545
0.313104   83.874647
0.323771   83.278615
0.334437   82.221175
0.345104   81.632334
0.355771   83.154272
0.366437   84.613450
0.377104   85.216770
0.387771   84.745293
0.398437   84.054902
0.409104   83.853690
0.419771   82.998350
0.430437   81.764860
0.441104   81.008724
0.451771   80.889707
0.462437   81.757232
0.473104   83.184125
0.483771   83.350729
0.494437   81.563936
0.505104   79.398378
0.515771   78.568360
0.526437   78.193575
0.537104   76.892784
0.547771   75.650774
0.558437   77.374664
0.569104   79.329391
0.579771   80.507991
0.590437   81.509308
0.601104   81.969040
0.611771   81.261083
0.622437   80.017580
0.633104   79.609877
0.643771   80.412834
0.654437   80.440346
0.665104   78.585028
0.675771   75.227467
0.686437   74.034879
0.697104   76.329594
0.707771   77.519303
0.718437   76.763942
0.729104   73.873938
0.739771   70.383397
0.750437   70.932895
0.761104   75.509286
0.771771   79.755747
0.782437   81.616419
0.793104   81.691871
0.803771   81.608453
0.814437   81.422562
0.825104   80.131424
0.835771   78.302872
0.846437   76.804384
0.857104   75.402394
0.867771   75.340089
0.878437   74.800340
0.889104   74.283662
0.899771   75.126216
0.910437   75.118804
0.921104   73.923313
0.931771   72.047988
0.942437   71.009695
0.953104   71.565740
0.963771   71.808078
0.974437   71.235244
0.985104   71.491423
0.995771   71.871496
1.006437   71.984464
1.017104   73.115133
1.027771   74.548402
1.038437   75.429160
1.049104   76.484142
1.059771   77.489747
1.070437   77.498372
1.081104   76.727576
1.091771   76.596627
1.102437   76.360421
1.113104   75.298605
1.123771   74.519581
1.134437   75.276671
1.145104   76.916798
1.155771   77.839797
1.166437   77.511181
1.177104   76.148392
1.187771   75.294956
1.198437   76.166355
1.209104   76.879211
1.219771   76.702423
1.230437   75.791418
1.241104   74.567700
1.251771   73.517614
1.262437   72.600427
1.273104   71.446353
1.283771   70.083764
1.294437   68.623019
1.305104   67.144348
1.315771   66.255359
1.326437   66.815469
1.337104   68.289846
1.347771   70.649655
1.358437   73.349739
1.369104   75.793194
1.379771   78.246084
1.390437   80.565018
1.401104   81.913167
1.411771   81.971698
1.422437   81.388401
1.433104   80.901832
1.443771   80.408138
1.454437   80.317705
1.465104   81.175581
1.475771   82.036812
1.486437   81.338408
1.497104   79.454003
1.507771   77.479029
1.518437   76.732836
1.529104   75.369868
1.539771   73.062258
1.550437   72.180718
1.561104   70.661959
1.571771   67.626323
1.582437   65.760095
1.593104   67.707258
1.603771   72.018231
1.614437   75.168525
1.625104   76.554535
1.635771   76.973838
1.646437   76.549048
1.657104   74.779224
1.667771   72.751093
1.678437   71.419796
1.689104   70.117072
1.699771   68.298305
1.710437   66.705334
1.721104   66.186994
1.731771   67.442543
1.742437   70.655137
1.753104   72.552032
1.763771   72.229388
1.774437   71.002120
1.785104   70.853247
1.795771   70.507041
1.806437   68.915904
1.817104   67.394954
1.827771   65.584912
1.838437   62.955669
1.849104   63.011132
1.859771   68.149999
1.870437   74.252353
1.881104   78.610028
1.891771   81.287560
1.902437   82.455892
1.913104   82.546889
1.923771   82.574087
1.934437   82.618044
1.945104   81.810776
1.955771   80.446805
1.966437   78.436114
1.977104   77.797241
1.987771   78.221290
1.998437   77.870817
2.009104   77.105483
2.019771   76.578947
2.030437   76.579047
2.041104   76.161592
2.051771   76.184786
2.062437   77.268801
2.073104   77.761164
2.083771   77.163170
2.094437   76.356564
2.105104   75.203322
2.115771   73.298096
2.126437   72.559157
2.137104   73.019327
2.147771   73.312902
2.158437   72.294469
2.169104   70.286909
2.179771   69.784502
2.190437   69.715622
2.201104   70.930123
2.211771   72.577187
2.222437   73.801931
2.233104   73.726112
2.243771   72.052852
2.254437   69.924329
2.265104   67.605856
2.275771   66.294831
2.286437   66.673864
2.297104   66.229622
2.307771   64.978627
2.318437   64.516306
2.329104   64.242888
2.339771   62.910851
2.350437   63.211687
2.361104   67.060721
2.371771   70.343920
2.382437   72.327562
2.393104   73.645780
2.403771   74.174379
2.414437   74.889146
2.425104   77.013055
2.435771   78.501437
2.446437   78.445709
2.457104   78.145006
2.467771   78.046532
2.478437   77.311328
2.489104   76.123734
2.499771   75.269863
2.510437   75.122713
2.521104   74.560376
2.531771   73.291176
2.542437   71.833583
2.553104   70.205519
2.563771   68.650090
2.574437   68.961600
2.585104   69.373034
2.595771   68.018577
2.606437   65.530532
2.617104   65.481766
2.627771   67.584645
2.638437   68.635192
2.649104   67.326318
2.659771   64.290621
2.670437   62.304088
2.681104   60.889549
2.691771   59.553803
2.702437   60.458644
2.713104   67.043744
2.723771   73.079591
2.734437   76.199277
2.745104   77.448183
2.755771   77.711345
2.766437   76.630270
2.777104   73.739257
2.787771   71.599611
2.798437   70.672855
2.809104   68.999803
2.819771   67.965082
2.830437   68.587619
2.841104   68.587235
2.851771   66.508883
2.862437   65.111653
2.873104   65.727956
2.883771   66.085031
2.894437   68.859541
2.905104   71.954594
2.915771   72.529780
2.926437   70.998576
2.937104   69.696661
2.947771   69.226356
2.958437   69.243191
2.969104   70.085177
2.979771   71.139760
2.990437   71.643104
3.001104   71.304031
3.011771   70.147102
3.022437   69.742977
3.033104   71.282957
3.043771   71.253644
3.054437   70.034208
3.065104   69.068103
3.075771   67.225403
3.086437   67.365887
3.097104   69.259324
3.107771   70.649411
3.118437   72.669231
3.129104   74.364440
3.139771   75.245593
3.150437   75.823902
3.161104   76.723783
3.171771   77.958684
3.182437   78.455776
3.193104   77.885213
3.203771   77.420954
3.214437   77.327150
3.225104   77.776480
3.235771   77.552823
3.246437   76.656570
3.257104   75.968451
3.267771   74.733870
3.278437   72.280275
3.289104   71.372235
3.299771   71.543470
3.310437   69.923902
3.321104   67.723533
3.331771   67.587978
3.342437   70.117705
3.353104   72.539383
3.363771   72.549567
3.374437   71.248264
3.385104   69.907584
3.395771   67.907622
3.406437   65.830286
3.417104   64.417116
3.427771   63.523315
3.438437   63.837970
3.449104   68.327870
3.459771   74.187796
3.470437   77.906738
3.481104   79.873473
3.491771   80.678610
3.502437   80.541902
3.513104   80.860965
3.523771   81.282299
3.534437   80.249802
3.545104   78.432169
3.555771   76.614543
3.566437   75.157259
3.577104   74.157402
3.587771   73.081316
3.598437   71.668800
3.609104   70.007483
3.619771   68.718114
3.630437   67.134429
3.641104   65.082556
3.651771   64.129196
3.662437   63.437675
3.673104   62.206360
3.683771   63.691721
3.694437   67.918791
3.705104   70.241709
3.715771   69.520625
3.726437   66.449320
3.737104   64.972718
3.747771   67.309976
3.758437   68.615026
3.769104   67.450280
3.779771   64.109037
3.790437   61.007942
3.801104   59.765750
3.811771   58.519305
3.822437   57.850181
3.833104   57.520710
3.843771   56.531999
3.854437   54.935339
3.865104   53.658565
3.875771   54.015539
3.886437   57.228664
3.897104   64.076766
3.907771   69.422740
3.918437   71.472269
3.929104   71.081073
3.939771   70.526372
3.950437   70.415797
3.961104   70.096461
3.971771   69.116607
3.982437   67.477088
3.993104   65.208875
4.003771   62.195508
4.014437   59.594186
4.025104   57.490339
4.035771   55.390152
4.046438   53.719706
4.057104   52.091819
4.067771   50.532813
4.078438   50.148010
4.089104   50.190904
4.099771   50.251267
4.110438   49.795013
4.121104   48.541019
4.131771   47.549885
4.142437   47.125162
4.153104   47.355881
4.163771   47.899669
4.174437   48.866975
4.185104   48.709763
4.195771   46.898069
4.206437   44.868840
4.217104   43.860014
4.227771   44.313873
4.238437   46.316435
4.249104   49.291705
4.259771   50.939605
4.270437   51.686874
4.281104   52.270866
4.291771   54.752465
4.302437   62.910397
4.313104   69.931305
4.323771   75.215869
4.334437   79.541950
4.345104   82.807603
4.355771   84.779345
4.366437   85.466187
4.377104   85.242693
4.387771   84.573493
4.398438   83.980442
4.409104   83.574167
4.419771   83.118922
4.430438   82.135035
4.441104   80.210817
4.451771   78.473566
4.462438   77.408872
4.473104   76.101860
4.483771   74.452814
4.494438   73.003968
4.505104   72.404059
4.515771   71.840179
4.526438   71.665830
4.537104   72.233440
4.547771   72.765265
4.558438   73.541399
4.569104   74.323597
4.579771   73.692022
4.590438   72.001281
4.601104   71.810869
4.611771   74.026189
4.622438   75.835334
4.633104   76.907068
4.643771   78.376310
4.654438   80.040517
4.665104   81.384555
4.675771   81.810549
4.686438   81.962310
4.697104   82.353165
4.707771   82.526139
4.718438   82.971346
4.729104   83.133106
4.739771   83.009661
4.750438   83.368753
4.761104   83.671372
4.771771   83.722186
4.782438   83.400730
4.793104   82.776279
4.803771   83.530567
4.814438   85.066717
4.825104   85.181193
4.835771   84.107181
4.846438   83.702475
4.857104   84.220615
4.867771   84.509012
4.878438   84.500756
4.889104   84.964906
4.899771   85.126590
4.910438   84.045840
4.921104   81.666229
4.931771   78.850732
4.942438   76.748493
4.953104   75.568478
4.963771   74.959230
4.974438   74.278410
4.985104   73.717943
4.995771   72.829473
5.006438   71.956134
5.017104   70.654333
5.027771   68.697736
5.038438   67.331142
5.049104   66.098882
5.059771   64.488779
5.070438   63.690148
5.081104   66.325418
5.091771   71.146327
5.102438   75.445148
5.113104   78.251770
5.123771   79.514956
5.134438   79.626339
5.145104   79.627730
5.155771   79.663676
5.166438   79.262113
5.177104   78.383787
5.187771   77.241059
5.198438   76.590222
5.209104   76.284564
5.219771   75.953141
5.230438   74.997106
5.241104   73.184876
5.251771   71.396293
5.262438   69.960107
5.273104   68.212219
5.283771   66.713701
5.294438   67.762130
5.305104   70.022778
5.315771   71.871869
5.326437   72.803222
5.337104   72.949549
5.347771   72.425747
5.358437   70.823207
5.369104   68.013407
5.379771   66.569393
5.390437   68.500207
5.401104   70.043353
5.411771   70.174831
5.422438   69.238870
5.433104   67.696604
5.443771   65.782572
5.454438   63.983487
5.465104   66.718987
5.475771   72.338050
5.486438   75.650151
5.497104   76.836203
5.507771   77.443139
5.518438   78.168740
5.529104   78.616873
5.539771   78.776811
5.550438   78.537934
5.561104   77.492763
5.571771   76.096613
5.582438   75.497496
5.593104   75.358974
5.603771   74.414461
5.614438   72.385427
5.625104   71.554019
5.635771   72.218195
5.646438   71.165150
5.657104   68.244521
5.667771   64.584338
5.678438   61.907403
5.689104   61.001323
5.699771   60.787987
5.710438   61.278532
5.721104   62.680169
5.731771   64.166259
5.742438   65.246706
5.753104   65.781935
5.763771   65.169124
5.774438   63.743795
5.785104   62.350077
5.795771   61.877773
5.806438   62.040671
5.817104   61.386804
5.827771   59.958851
5.838438   58.475599
5.849104   57.961305
5.859771   61.420444
5.870438   65.399619
5.881104   67.576698
5.891771   69.174860
5.902438   69.922378
5.913104   68.910607
5.923771   67.630542
5.934438   67.273412
5.945104   66.889342
5.955771   65.194858
5.966438   61.976902
5.977104   59.075474
5.987771   57.510154
5.998438   57.651421
6.009104   59.441667
6.019771   62.519234
6.030438   66.693524
6.041104   69.868035
6.051771   71.433864
6.062438   71.239890
6.073104   70.038882
6.083771   69.089487
6.094438   68.640727
6.105104   68.124177
6.115771   67.853279
6.126438   67.736197
6.137104   66.773922
6.147771   64.791909
6.158438   63.376221
6.169104   62.706304
6.179771   61.842081
6.190438   60.737917
6.201104   60.881878
6.211771   64.463814
6.222438   68.080934
6.233104   70.143533
6.243771   71.609284
6.254438   72.657060
6.265104   72.306065
6.275771   69.733434
6.286438   65.457553
6.297104   62.415317
6.307771   61.230423
6.318438   59.599949
6.329104   57.860526
6.339771   59.518422
6.350438   63.981881
6.361104   66.031471
6.371771   64.966731
6.382438   62.442969
6.393104   60.333543
6.403771   58.194994
6.414438   56.360769
6.425104   54.991126
6.435771   58.564152
6.446438   66.656353
6.457104   72.151142
6.467771   74.716089
6.478438   75.131875
6.489104   75.495575
6.499771   76.272814
6.510438   76.795594
6.521104   78.051005
6.531771   79.096630
6.542438   78.716009
6.553104   76.819980
6.563771   77.033353
6.574438   77.962530
6.585104   76.752011
6.595771   76.124652
6.606438   76.882793
6.617104   76.432294
6.627771   74.877456
6.638438   73.794902
6.649104   74.269489
6.659771   73.846771
6.670438   70.954404
6.681104   67.464951
6.691771   66.895442
6.702438   66.922183
6.713104   65.542848
6.723771   63.928927
6.734438   63.405426
6.745104   62.261418
6.755771   59.849850
6.766438   59.043854
6.777104   63.521735
6.787771   68.721569
6.798438   72.879578
6.809104   75.424451
6.819771   76.406572
6.830438   77.003133
6.841104   78.643976
6.851771   80.368720
6.862438   81.706740
6.873104   82.744789
6.883771   82.492388
6.894438   80.577707
6.905104   78.807861
6.915771   78.279607
6.926438   76.860304
6.937104   74.892623
6.947771   74.333973
6.958438   73.824404
6.969104   72.260766
6.979771   69.650341
6.990438   67.541494
7.001104   66.963372
7.011771   67.310806
7.022438   68.241744
7.033104   70.818344
7.043771   73.599879
7.054438   74.717947
7.065104   75.412294
7.075771   75.891345
7.086438   75.180696
7.097104   74.409320
7.107771   73.649393
7.118438   72.399465
7.129104   71.508522
7.139771   70.937430
7.150438   70.482570
7.161104   70.886308
7.171771   70.907675
7.182438   68.754531
7.193104   64.833762
7.203771   61.174564
7.214438   59.490246
7.225104   58.674983
7.235771   58.000740
7.246438   57.859946
7.257104   62.026334
7.267771   67.468857
7.278438   70.950506
7.289104   73.371343
7.299771   75.176154
7.310438   75.737702
7.321104   75.485236
7.331771   75.624158
7.342438   76.133435
7.353104   75.236219
7.363771   72.993834
7.374438   71.457757
7.385104   70.291915
7.395771   67.806595
7.406438   65.395931
7.417104   66.366688
7.427771   69.260468
7.438438   70.632204
7.449104   69.692357
7.459771   66.856934
7.470438   63.061912
7.481104   60.245332
7.491771   58.641457
7.502438   57.282546
7.513104   55.418002
7.523771   53.802012
7.534438   53.094550
7.545104   53.117206
7.555771   53.157900
7.566438   53.047532
7.577104   53.140988
7.587771   53.916235
7.598438   56.367234
7.609104   58.633980
7.619771   59.640633
7.630438   60.292945
7.641104   64.263725
7.651771   69.559790
7.662438   72.352557
7.673104   71.858866
7.683771   68.892682
7.694438   67.593561
7.705104   70.639989
7.715771   73.231017
7.726438   73.262857
7.737104   70.731632
7.747771   66.730555
7.758438   67.030883
7.769104   72.294831
7.779771   76.061765
7.790438   77.491204
7.801104   77.202061
7.811771   76.159707
7.822438   74.871574
7.833104   73.821773
7.843771   72.856735
7.854438   71.485725
7.865104   69.563279
7.875771   67.373703
7.886438   65.589723
7.897104   64.509332
7.907771   63.748915
7.918438   62.941799
7.929104   61.482992
7.939771   59.681067
7.950438   61.059478
7.961104   64.975029
7.971771   67.348743
7.982438   67.975343
7.993104   67.663846
8.003771   66.773781
8.014437   65.035435
8.025104   62.022305
8.035771   58.744029
8.046438   56.439352
8.057104   54.661734
8.067771   53.553237
8.078438   53.159115
8.089104   52.861585
8.099771   51.915511
8.110438   52.235305
8.121104   52.714145
8.131771   52.163930
8.142438   50.776181
8.153104   50.933883
8.163771   53.020811
8.174438   53.161278
8.185104   51.971668
8.195771   51.982256
8.206438   51.743014
8.217104   51.086780
8.227771   49.866133
8.238437   47.828113
8.249104   45.240880
8.259771   44.189705
8.270437   45.517264
8.281104   46.272949
8.291771   46.935887
8.302437   46.920806
8.313104   45.701065
8.323771   49.746540
8.334437   60.093711
8.345104   66.392217
8.355771   68.321176
8.366437   67.077087
8.377104   65.907203
8.387771   65.364336
8.398438   63.375055
8.409104   62.028894
8.419771   62.052631
8.430438   61.518341
8.441104   59.102582
8.451771   56.422948
8.462438   55.603825
8.473104   55.045993
8.483771   57.216277
8.494438   63.865482
8.505104   70.354484
8.515771   74.946616
8.526438   78.153202
8.537104   80.233528
8.547771   80.946404
8.558438   81.659352
8.569104   82.695886
8.579771   82.991294
8.590438   82.361683
8.601104   80.929968
8.611771   80.213179
8.622438   79.516992
8.633104   78.264812
8.643771   75.839624
8.654438   72.957503
8.665104   72.429368
8.675771   73.819392
8.686438   74.747180
8.697104   73.955273
8.707771   71.503861
8.718438   68.884903
8.729104   67.451319
8.739771   67.571292
8.750438   70.301563
8.761104   73.732931
8.771771   76.261135
8.782438   77.657677
8.793104   77.317579
8.803771   75.161346
8.814438   73.550433
8.825104   72.653717
8.835771   71.310441
8.846438   71.127961
8.857104   71.482833
8.867771   72.581292
8.878438   74.979996
8.889104   76.915657
8.899771   77.731247
8.910438   78.156404
8.921104   78.744370
8.931771   78.819286
8.942438   78.327928
8.953104   77.581522
8.963771   76.584237
8.974438   76.006989
8.985104   76.283300
8.995771   76.597651
9.006438   76.407058
9.017104   75.100845
9.027771   72.837212
9.038438   70.621839
9.049104   70.701090
9.059771   73.204896
9.070438   74.966739
9.081104   75.405590
9.091771   74.632726
9.102438   72.998795
9.113104   71.474112
9.123771   69.288536
9.134438   66.915474
9.145104   68.166906
9.155771   70.885565
9.166438   73.561431
9.177104   74.165067
9.187771   73.030981
9.198438   72.902113
9.209104   73.597629
9.219771   74.571449
9.230438   74.737652
9.241104   73.434251
9.251771   72.869703
9.262438   74.515677
9.273104   75.551273
9.283771   74.693932
9.294438   72.793540
9.305104   71.891434
9.315771   71.563842
9.326438   70.779848
9.337104   70.013187
9.347771   69.350634
9.358438   67.702656
9.369104   64.577222
9.379771   61.287325
9.390438   61.297590
9.401104   68.544593
9.411771   75.782601
9.422438   79.584334
9.433104   80.074372
9.443771   77.885367
9.454438   74.449845
9.465104   71.471846
9.475771   69.773101
9.486438   68.227820
9.497104   68.474263
9.507771   73.048840
9.518438   76.099331
9.529104   76.513366
9.539771   74.424923
9.550438   71.018406
9.561104   69.941544
9.571771   70.399408
9.582438   69.302531
9.593104   66.927213
9.603771   65.155416
9.614438   63.067117
9.625104   60.395569
9.635771   58.660776
9.646438   58.386306
9.657104   59.484837
9.667771   63.219506
9.678438   68.402273
9.689104   71.596281
9.699771   72.174874
9.710438   71.869064
9.721104   72.513736
9.731771   71.873045
9.742438   69.126787
9.753104   66.761645
9.763771   65.748015
9.774438   64.765969
9.785104   63.935387
9.795771   62.868500
9.806438   62.344261
9.817104   64.690488
9.827771   68.463678
9.838438   70.648060
9.849104   71.836855
9.859771   72.909063
9.870438   73.444185
9.881104   73.234899
9.891771   72.994499
9.902438   72.729100
9.913104   71.133579
9.923771   68.189252
9.934438   65.858495
9.945104   64.393143
9.955771   62.860418
9.966438   63.407225
9.977104   70.123581
9.987771   75.855081
9.998438   77.997876
10.009104   76.906792
10.019771   74.635713
10.030438   73.037699
10.041104   70.787805
10.051771   67.313674
10.062438   63.727620
10.073104   61.491609
10.083771   60.387283
10.094438   59.343190
10.105104   57.561411
10.115771   55.924967
10.126438   55.159173
10.137104   55.281889
10.147771   56.846892
10.158438   57.892337
10.169104   57.707186
10.179771   58.427768
10.190438   60.796009
10.201104   63.951402
10.211771   66.932201
10.222438   68.860927
10.233104   70.368930
10.243771   71.425644
10.254438   70.957444
10.265104   68.379229
10.275771   66.455376
10.286438   69.905537
10.297104   72.892823
10.307771   73.938942
10.318438   73.300264
10.329104   72.047532
10.339771   71.367292
10.350438   70.415641
10.361104   68.925868
10.371771   67.023451
10.382438   64.427070
10.393104   62.310124
10.403771   60.759209
10.414438   59.434688
10.425104   58.205736
10.435771   57.400141
10.446438   59.029235
10.457104   66.986740
10.467771   72.590060
10.478438   74.270436
10.489104   72.607852
10.499771   68.060127
10.510438   62.154909
10.521104   59.093881
10.531771   58.753749
10.542438   58.691976
10.553104   57.360006
10.563771   55.558763
10.574438   54.853186
10.585104   54.598939
10.595771   55.189537
10.606438   55.604326
10.617104   54.775768
10.627771   52.865923
10.638438   51.510395
10.649104   51.063591
10.659771   52.371252
10.670438   57.610088
10.681104   63.630750
10.691771   67.878722
10.702438   70.283390
10.713104   70.710381
10.723771   69.670794
10.734438   70.908671
10.745104   72.585192
10.755771   72.097907
10.766438   72.607326
10.777104   74.714846
10.787771   75.142239
10.798438   73.953394
10.809104   71.754227
10.819771   70.934389
10.830438   73.006687
10.841104   74.609058
10.851771   74.855078
10.862438   74.376748
10.873104   74.037695
10.883771   73.972324
10.894438   74.628129
10.905104   75.413708
10.915771   75.513886
10.926438   74.611770
10.937104   73.497881
10.947771   73.594296
10.958438   73.888246
10.969104   73.736782
10.979771   73.271953
10.990438   72.990908
11.001104   72.453473
11.011771   70.738202
11.022438   69.203796
11.033104   68.834335
11.043771   68.275941
11.054438   67.102636
11.065104   66.317527
11.075771   66.383590
11.086438   66.150649
11.097104   65.130364
11.107771   63.784946
11.118438   63.385218
11.129104   64.646280
11.139771   65.869309
11.150438   66.449899
11.161104   66.705012
11.171771   66.242584
11.182438   64.815640
11.193104   62.974085
11.203771   61.593955
11.214438   60.009232
11.225104   57.769143
11.235771   55.805939
11.246438   54.416154
11.257104   53.278709
11.267771   52.524680
11.278438   51.753344
11.289104   50.755554
11.299771   49.734078
11.310438   49.255648
11.321104   50.828740
11.331771   54.928816
11.342438   58.787770
11.353104   61.676013
11.363771   63.206867
11.374438   63.982110
11.385104   65.023782
11.395771   65.761115
11.406438   65.781506
11.417104   65.891574
11.427771   66.033448
11.438438   65.964802
11.449104   66.235222
11.459771   66.642465
11.470438   66.543648
11.481104   65.277793
11.491771   63.788389
11.502438   62.864985
11.513104   62.207593
11.523771   61.170303
11.534438   59.791627
11.545104   58.699513
11.555771   57.649177
11.566438   55.785088
11.577104   52.985357
11.587771   50.829374
11.598438   50.048607
11.609104   49.138334
11.619771   47.648381
11.630438   45.163304
11.641104   43.465587
11.651771   42.610844
11.662438   41.977486
11.673104   40.515553
11.683771   37.756002
11.694438   37.336456
11.705104   38.014518
11.715771   37.437177
11.726438   36.802259
11.737104   36.990893
11.747771   36.725582
11.758438   35.180201
11.769104   34.481503
11.779771   34.722333
11.790438   34.713231
11.801104   35.013052
11.811771   37.197087
11.822438   38.013362
11.833104   38.089153
11.843771   39.432007
11.854438   39.445458
11.865104   38.894138
11.875771   37.811273
11.886438   35.109819
11.897104   32.161345
11.907771   30.130797
11.918438   30.405935
11.929104   30.554755
11.939771   28.933000
11.950438   27.403389
11.961104   25.473591
11.971771   22.256616
11.982438   21.873462
11.993104   21.620170
12.003771   19.706361
12.014438   18.577066
12.025104   18.284198
12.035771   16.092392
12.046438   13.583813
12.057104   13.854266
12.067771   14.615946
12.078438   14.484818
12.089104   14.184174
12.099771   14.077867
12.110438   14.386207
12.121104   14.645817
12.131771   13.652738
12.142438   11.861594
12.153104   10.964570
12.163771   11.003679
12.174438   11.190372
12.185104   10.995081
12.195771   10.078946
12.206438   9.492017
12.217104   9.790506
12.227771   10.457345
12.238438   10.404307
12.249104   10.145453
12.259771   10.257538
12.270438   10.226808
12.281104   10.063268
12.291771   9.779980
12.302438   9.544807
12.313104   9.423203
12.323771   9.506450
12.334438   10.134137
12.345104   10.636783
12.355771   10.720024
12.366438   10.274882
12.377104   10.027443
12.387771   10.752327
12.398438   11.240457
12.409104   10.424531
12.419771   9.550037
12.430438   9.539895
12.441104   9.798592
12.451771   10.214856
12.462438   10.209218
12.473104   9.621864
12.483771   9.634693
12.494438   10.159863
12.505104   10.148648
12.515771   10.064424
12.526438   10.243497
12.537104   10.305685
12.547771   10.203365
12.558438   10.095745
12.569104   9.754118
12.579771   9.838835
12.590438   10.122150
12.601104   10.281068
12.611771   10.560942
12.622438   10.587718
12.633104   10.421558
12.643771   10.706543
12.654438   11.401811
12.665104   11.357970
12.675771   10.919730
12.686438   10.427172
12.697104   10.262671
12.707771   10.654478
12.718438   10.676166
12.729104   10.344507
12.739771   10.097957
12.750438   10.011306
12.761104   9.975580
12.771771   10.217164
12.782438   10.398372
12.793104   9.842018
12.803771   9.343085
12.814438   9.990583
12.825104   10.326534
12.835771   10.156761
12.846438   9.829846
12.857104   9.808622
12.867771   10.081572
12.878438   9.836961
12.889104   10.006403
12.899771   10.530699
12.910438   10.048274
12.921104   9.547449
12.931771   9.945072
12.942438   10.608826
12.953104   10.830316
12.963771   10.655178
12.974438   10.143998
12.985104   9.417785
12.995771   9.427839
13.006438   9.855932
