mean: 224.78005685396673 std: 39.49028168543091
0.021437500000000328 --undefined--
0.031437500000000326 --undefined--
0.04143750000000033 --undefined--
0.05143750000000033 --undefined--
0.061437500000000325 --undefined--
0.07143750000000033 --undefined--
0.08143750000000033 285.59160309683375
0.09143750000000034 272.64313096023517
0.10143750000000033 275.2469467650521
0.11143750000000033 281.70342618775675
0.12143750000000034 281.7817406698902
0.13143750000000032 279.99566664353523
0.14143750000000033 280.2382573797178
0.15143750000000034 280.25544177030145
0.16143750000000034 281.512241152084
0.17143750000000033 280.2702499015979
0.18143750000000033 278.3719304939746
0.19143750000000034 281.3361144567788
0.20143750000000032 282.849236266707
0.21143750000000033 --undefined--
0.22143750000000034 --undefined--
0.23143750000000032 --undefined--
0.24143750000000033 315.41378846266105
0.2514375000000003 334.3874513366677
0.2614375000000003 342.55820007280914
0.27143750000000033 347.51078404147864
0.28143750000000034 341.9868479772725
0.29143750000000035 331.5045431591186
0.30143750000000036 323.6691651195427
0.3114375000000003 320.57158097312083
0.3214375000000003 313.7992832552078
0.33143750000000033 312.08818963685576
0.34143750000000034 313.86181460227107
0.35143750000000035 316.8375362837361
0.36143750000000036 316.2567168399787
0.37143750000000036 312.1433625413476
0.3814375000000003 309.11315148910865
0.3914375000000003 308.15887520906364
0.40143750000000034 304.50161300169975
0.41143750000000034 301.96291054746956
0.42143750000000035 299.7750923911286
0.43143750000000036 301.49637632949975
0.4414375000000003 305.6432551474815
0.4514375000000003 306.12316179910283
0.46143750000000033 280.1168201132739
0.47143750000000034 280.62217101782875
0.48143750000000035 277.0516693611803
0.49143750000000036 269.0246129401677
0.5014375000000003 265.97130382419266
0.5114375000000003 278.3225488860417
0.5214375000000003 278.1059019444879
0.5314375000000003 274.8982623396212
0.5414375000000003 263.3207224096381
0.5514375000000004 251.7005470548501
0.5614375000000004 251.97356676918434
0.5714375000000004 261.34722069462214
0.5814375000000004 265.1318709251314
0.5914375000000004 268.137244703855
0.6014375000000003 268.7575113140641
0.6114375000000003 266.189860640772
0.6214375000000003 262.73868407627447
0.6314375000000003 260.2093658559342
0.6414375000000003 259.06832962270386
0.6514375000000003 260.32984149883436
0.6614375000000003 261.0824763300498
0.6714375000000004 266.041500362681
0.6814375000000004 265.73024752152855
0.6914375000000004 245.70328470591767
0.7014375000000004 247.01386407092258
0.7114375000000004 248.3430571067285
0.7214375000000004 243.59820082504734
0.7314375000000003 243.95578846648027
0.7414375000000003 248.11911701307963
0.7514375000000003 249.66587593903915
0.7614375000000003 250.02364053357894
0.7714375000000003 247.53585922743798
0.7814375000000003 250.6917990938263
0.7914375000000003 249.76213927162095
0.8014375000000004 248.96059737877687
0.8114375000000004 247.54361905808298
0.8214375000000004 247.20345409067238
0.8314375000000004 245.48555864474477
0.8414375000000004 244.72329115870144
0.8514375000000004 244.53333458106223
0.8614375000000003 247.31458991777535
0.8714375000000003 241.75394824115637
0.8814375000000003 239.88341359981305
0.8914375000000003 233.06383574225208
0.9014375000000003 232.52872165364056
0.9114375000000003 231.22709141186397
0.9214375000000004 234.33679577689355
0.9314375000000004 234.55978971541865
0.9414375000000004 235.9876697071806
0.9514375000000004 236.969875187725
0.9614375000000004 246.043993319042
0.9714375000000004 244.01554165239358
0.9814375000000003 236.7269596707566
0.9914375000000003 234.7291569597263
1.0014375000000002 --undefined--
1.0114375000000002 --undefined--
1.0214375000000002 --undefined--
1.0314375000000002 --undefined--
1.0414375000000002 224.68718396084938
1.0514375000000002 224.37051170616397
1.0614375000000003 223.18647799838573
1.0714375000000003 222.52870326570576
1.0814375000000003 221.68184096217178
1.0914375000000003 223.04017644727037
1.1014375000000003 221.03964996714143
1.1114375000000003 219.45649934566538
1.1214375000000003 218.72554801838447
1.1314375000000003 216.23009002510693
1.1414375000000003 214.675208646391
1.1514375000000003 217.3146401791271
1.1614375000000003 217.58515791752393
1.1714375000000004 216.852533096301
1.1814375000000001 215.03409178504253
1.1914375000000001 211.63590979574892
1.2014375000000002 210.91009918561298
1.2114375000000002 209.31559189475357
1.2214375000000002 211.7277046597744
1.2314375000000002 207.71313114235875
1.2414375000000002 212.3356969473878
1.2514375000000002 212.99822704243155
1.2614375000000002 212.86864235670228
1.2714375000000002 215.36246269727016
1.2814375000000002 --undefined--
1.2914375000000002 --undefined--
1.3014375000000002 203.56115097262534
1.3114375000000003 201.96925263470186
1.3214375000000003 196.89361272721382
1.3314375000000003 197.51166182208158
1.3414375000000003 198.02589173418892
1.3514375000000003 201.95125216604472
1.3614375000000003 208.45365085852688
1.3714375000000003 208.76117825459343
1.3814375000000003 207.6494505447661
1.3914375000000003 207.89636020247173
1.4014375000000003 207.8581125542737
1.4114375000000003 207.46407639028817
1.4214375000000004 206.47501351349305
1.4314375000000001 204.5834458085509
1.4414375000000001 202.32542079942422
1.4514375000000002 200.14264728330508
1.4614375000000002 197.626025448819
1.4714375000000002 197.79717439297124
1.4814375000000002 196.08053673403845
1.4914375000000002 193.68105741014267
1.5014375000000002 195.04012965461052
1.5114375000000002 194.06686375889376
1.5214375000000002 197.25285499896907
1.5314375000000002 197.5302320077258
1.5414375000000002 196.1398938835783
1.5514375000000002 197.6424995645241
1.5614375000000003 195.84186005845066
1.5714375000000003 --undefined--
1.5814375000000003 --undefined--
1.5914375000000003 --undefined--
1.6014375000000003 208.30088659806415
1.6114375000000003 205.3931870461647
1.6214375000000003 202.7855068911874
1.6314375000000003 199.0679226995766
1.6414375000000003 194.5600408240021
1.6514375000000003 --undefined--
1.6614375000000003 --undefined--
1.6714375000000004 --undefined--
1.6814375000000004 --undefined--
1.6914375000000001 --undefined--
1.7014375000000002 --undefined--
1.7114375000000002 --undefined--
1.7214375000000002 --undefined--
1.7314375000000002 --undefined--
1.7414375000000002 --undefined--
1.7514375000000002 --undefined--
1.7614375000000002 --undefined--
1.7714375000000002 --undefined--
1.7814375000000002 --undefined--
1.7914375000000002 --undefined--
1.8014375000000002 --undefined--
1.8114375000000003 --undefined--
1.8214375000000003 --undefined--
1.8314375000000003 --undefined--
1.8414375000000003 --undefined--
1.8514375000000003 --undefined--
1.8614375000000003 --undefined--
1.8714375000000003 245.76849746355632
1.8814375000000003 241.89721086553178
1.8914375000000003 231.98231689461895
1.9014375000000003 224.90482624346697
1.9114375000000003 --undefined--
1.9214375000000004 --undefined--
1.9314375000000004 --undefined--
1.9414375000000001 --undefined--
1.9514375000000002 --undefined--
1.9614375000000002 --undefined--
1.9714375000000002 --undefined--
1.9814375000000002 --undefined--
1.9914375000000002 88.70771530806519
2.0014375 89.30683561578807
2.0114375000000004 89.62783954876049
2.0214375 179.36642368644914
2.0314375000000005 178.7650654871039
2.0414375000000002 177.75093522832472
2.0514375000000005 176.72386517563712
2.0614375000000003 175.91661209753357
2.0714375 176.28313084959433
2.0814375000000003 176.94217578544564
2.0914375 177.34397633788797
2.1014375000000003 179.39375434788923
2.1114375 185.90964230060442
2.1214375000000003 191.94273812151687
2.1314375 195.10350965768257
2.1414375000000003 196.2015770289188
2.1514375 190.28302333845195
2.1614375000000003 193.63521727623632
2.1714375 197.8924701880719
2.1814375000000004 195.1125994990384
2.1914375 192.7018798117661
2.2014375000000004 183.23376731226205
2.2114375 --undefined--
2.2214375000000004 --undefined--
2.2314375 --undefined--
2.2414375000000004 --undefined--
2.2514375 --undefined--
2.2614375000000004 --undefined--
2.2714375 78.0352138586417
2.2814375000000005 89.64040765241013
2.2914375000000002 89.1268073203763
2.3014375000000005 89.41670436797423
2.3114375000000003 89.91681229581764
2.3214375000000005 --undefined--
2.3314375000000003 --undefined--
2.3414375 --undefined--
2.3514375000000003 --undefined--
2.3614375 205.5565039446566
2.3714375000000003 205.09272432752132
2.3814375 204.87367398720704
2.3914375000000003 207.3823111490499
2.4014375 209.36935940112406
2.4114375000000003 209.1273362666709
2.4214375 209.66050584175878
2.4314375000000004 210.96226013470255
2.4414375 211.0207526959238
2.4514375000000004 210.6065361349982
2.4614375 210.8305642930371
2.4714375000000004 210.18810886267582
2.4814375 209.5790166039944
2.4914375000000004 209.52378125551846
2.5014375 209.25966440232463
2.5114375000000004 207.85603689028403
2.5214375 208.22287478209975
2.5314375000000005 204.80682690385547
2.5414375000000002 202.07052933037173
2.5514375000000005 201.85641184361398
2.5614375000000003 201.51090329393975
2.5714375000000005 202.52526016953027
2.5814375000000003 202.55695554739773
2.5914375 203.27176738913647
2.6014375000000003 204.21761830024136
2.6114375 205.87536234779412
2.6214375000000003 207.57067663109575
2.6314375 204.25360455137118
2.6414375000000003 203.11441303469823
2.6514375 202.11783676099023
2.6614375000000003 201.38463923889816
2.6714375 203.12552070657418
2.6814375000000004 203.08886570390078
2.6914375 --undefined--
2.7014375000000004 --undefined--
2.7114375 --undefined--
2.7214375000000004 300.06355818817644
2.7314375 298.7232717541786
2.7414375000000004 297.9206744617963
2.7514375 295.74058641254675
2.7614375000000004 293.62811100918617
2.7714375 293.623268410727
2.7814375000000005 293.97786025249786
2.7914375000000002 296.5083638472946
2.8014375000000005 295.920018720931
2.8114375000000003 293.6246895933594
2.8214375000000005 295.7039854010355
2.8314375000000003 295.09258852169813
2.8414375 295.21165067046815
2.8514375000000003 297.95230694888903
2.8614375 297.27369964443227
2.8714375000000003 --undefined--
2.8814375 --undefined--
2.8914375000000003 --undefined--
2.9014375 272.0594518464311
2.9114375000000003 253.29507738453503
2.9214375 250.5701219626327
2.9314375000000004 243.32071738275525
2.9414375 240.98641405153586
2.9514375000000004 252.48658628953848
2.9614375 251.3151506273665
2.9714375000000004 249.88114850326875
2.9814375 224.23848572049076
2.9914375000000004 222.45590447437155
3.0014375 219.9841815742387
3.0114375000000004 224.05089605311696
3.0214375 218.72865652318703
3.0314375000000005 214.91061347334048
3.0414375000000002 212.9618307493303
3.0514375000000005 207.16002161847027
3.0614375000000003 209.05500767171063
3.0714375000000005 209.2957692026576
3.0814375000000003 206.4586952095149
3.0914375000000005 214.50674226707704
3.1014375000000003 216.78465528611872
3.1114375 226.34910606123455
3.1214375000000003 226.12433021915064
3.1314375 226.14030252787086
3.1414375000000003 225.57634662139355
3.1514375 224.29838010095486
3.1614375000000003 222.99318609725464
3.1714375 220.74500689396086
3.1814375000000004 218.78681939076094
3.1914375 222.51222592517752
3.2014375000000004 221.648282851459
3.2114375 221.13555580363078
3.2214375000000004 223.4266915888588
3.2314375 204.65554163557152
3.2414375000000004 200.14509619202965
3.2514375 212.70917914455464
3.2614375000000004 210.70974196992907
3.2714375 207.77890763768912
3.2814375000000005 204.0088529098005
3.2914375000000002 201.6982373696769
3.3014375000000005 199.6003475590969
3.3114375000000003 186.3932566013757
3.3214375000000005 --undefined--
3.3314375000000003 --undefined--
3.3414375000000005 --undefined--
3.3514375000000003 --undefined--
3.3614375 --undefined--
3.3714375000000003 --undefined--
3.3814375 --undefined--
3.3914375000000003 --undefined--
3.4014375 --undefined--
3.4114375000000003 --undefined--
3.4214375 --undefined--
3.4314375000000004 --undefined--
3.4414375 --undefined--
3.4514375000000004 --undefined--
3.4614375 --undefined--
3.4714375000000004 --undefined--
3.4814375 --undefined--
3.4914375000000004 --undefined--
3.5014375 --undefined--
3.5114375000000004 161.95937104016497
3.5214375 162.59597223341004
3.5314375000000005 163.41729428932442
3.5414375000000002 165.09309399206188
3.5514375000000005 165.27468801001538
3.5614375000000003 164.64336483584918
3.5714375000000005 163.04773916553117
3.5814375000000003 164.36039035981554
3.5914375000000005 165.52814712643124
3.6014375000000003 165.21296117986398
3.6114375 164.18648878473024
3.6214375000000003 163.71103039112575
3.6314375 --undefined--
3.6414375000000003 --undefined--
3.6514375 --undefined--
3.6614375000000003 --undefined--
3.6714375 --undefined--
3.6814375000000004 --undefined--
3.6914375 --undefined--
3.7014375000000004 --undefined--
3.7114375 --undefined--
3.7214375000000004 --undefined--
3.7314375 --undefined--
3.7414375000000004 --undefined--
3.7514375 342.34431687062914
3.7614375000000004 342.1682535197089
3.7714375 334.8171402649221
3.7814375000000005 --undefined--
3.7914375000000002 --undefined--
3.8014375000000005 --undefined--
3.8114375000000003 --undefined--
3.8214375000000005 --undefined--
3.8314375000000003 --undefined--
3.8414375000000005 --undefined--
3.8514375000000003 --undefined--
3.8614375 --undefined--
3.8714375000000003 --undefined--
3.8814375 --undefined--
3.8914375000000003 --undefined--
3.9014375 --undefined--
3.9114375000000003 --undefined--
3.9214375 --undefined--
3.9314375000000004 --undefined--
3.9414375 --undefined--
3.9514375000000004 --undefined--
3.9614375 --undefined--
3.9714375000000004 --undefined--
3.9814375 --undefined--
3.9914375000000004 --undefined--
4.001437500000001 --undefined--
4.0114375 --undefined--
4.0214375 --undefined--
4.0314375 --undefined--
4.041437500000001 --undefined--
4.0514375000000005 --undefined--
4.0614375 --undefined--
4.0714375 --undefined--
4.081437500000001 --undefined--
4.0914375000000005 --undefined--
4.1014375 --undefined--
4.1114375 --undefined--
4.1214375 --undefined--
4.1314375000000005 --undefined--
4.1414375 --undefined--
4.1514375 --undefined--
4.1614375 --undefined--
4.171437500000001 --undefined--
4.1814375 --undefined--
4.1914375 --undefined--
4.2014375 --undefined--
4.211437500000001 --undefined--
4.2214375 --undefined--
4.2314375 --undefined--
4.2414375 --undefined--
4.251437500000001 --undefined--
4.2614375 --undefined--
4.2714375 --undefined--
4.2814375 --undefined--
4.291437500000001 --undefined--
4.3014375000000005 --undefined--
4.3114375 244.84168701624284
4.3214375 243.9334427204925
4.331437500000001 243.20538560268616
4.3414375000000005 243.9339250554578
4.3514375 243.96241890849623
4.3614375 243.4299363929097
4.371437500000001 242.7854190716996
4.3814375000000005 242.25680488056778
4.3914375 242.51287158846327
4.4014375 243.81351545200903
4.4114375 244.31994044095896
4.421437500000001 244.00911257184364
4.4314375 243.00835773367797
4.4414375 241.7921543967461
4.4514375 243.55435199753546
4.461437500000001 245.00820009669644
4.4714375 243.27964317585557
4.4814375 243.024161513546
4.4914375 242.99678899034134
4.501437500000001 243.9514853363335
4.5114375 244.23371609551305
4.5214375 242.59806702210986
4.5314375 242.57464932950612
4.541437500000001 242.97586811321708
4.5514375000000005 --undefined--
4.5614375 --undefined--
4.5714375 --undefined--
4.581437500000001 --undefined--
4.5914375000000005 --undefined--
4.6014375 --undefined--
4.6114375 249.07121844201174
4.621437500000001 240.7835404054975
4.6314375000000005 238.3441271697972
4.6414375 221.9347085851177
4.6514375 219.74349428526472
4.6614375 218.20537294220821
4.671437500000001 217.38151542066953
4.6814375 217.03986875450428
4.6914375 217.5126515392251
4.7014375 218.8488049841658
4.711437500000001 222.65908999870163
4.7214375 228.3192695417512
4.7314375 235.09253610297785
4.7414375 239.6122315770595
4.751437500000001 241.61686966310685
4.7614375 243.08353992486857
4.7714375 243.03718698826697
4.7814375 240.9846336017739
4.791437500000001 236.80270128167288
4.8014375000000005 233.2102197341512
4.8114375 221.95367296394102
4.8214375 218.49657253670085
4.831437500000001 214.14268226221296
4.8414375000000005 211.28316650673023
4.8514375 207.80559779944852
4.8614375 205.21473486195356
4.871437500000001 204.1826116379491
4.8814375000000005 203.12692429634706
4.8914375 203.26609111999383
4.9014375 203.06390231245805
4.9114375 203.0408541493425
4.921437500000001 202.0077497135645
4.9314375 201.4832792293398
4.9414375 202.50014557819182
4.9514375 202.92219052538434
4.961437500000001 202.10680923338384
4.9714375 201.89129082869025
4.9814375 202.63233473420965
4.9914375 202.0311116325121
5.001437500000001 202.89721559859981
5.0114375 204.01510049925952
5.0214375 203.60009613870383
5.0314375 204.31328460944292
5.041437500000001 204.60605168324784
5.0514375000000005 204.43910824028413
5.0614375 204.1220876241515
5.0714375 204.37884689850276
5.081437500000001 245.30220658497367
5.0914375000000005 241.50880640206145
5.1014375 240.50348225302648
5.1114375 237.15204917020083
5.121437500000001 232.48215915097296
5.1314375000000005 229.0959143411228
5.1414375 225.00211700578964
5.1514375 222.84197501643868
5.1614375 221.53223179972608
5.171437500000001 220.50412690935894
5.1814375 220.39090511191705
5.1914375 220.18529723547428
5.2014375 219.2842622198754
5.211437500000001 218.38765453856962
5.2214375 218.31099200248153
5.2314375 218.49461001660381
5.2414375 218.765985527957
5.251437500000001 218.55560164324214
5.2614375 218.43499810373626
5.2714375 218.78577799153663
5.2814375 219.21260914299734
5.291437500000001 218.70368425298358
5.3014375000000005 217.7930088306808
5.3114375 217.17180338077682
5.3214375 --undefined--
5.331437500000001 --undefined--
5.3414375000000005 --undefined--
5.3514375 --undefined--
5.3614375 --undefined--
5.371437500000001 --undefined--
5.3814375000000005 217.79481718386765
5.3914375 205.92158301928
5.4014375 205.90279062399694
5.4114375 205.03783360516096
5.421437500000001 203.7616148461809
5.4314375 202.03459268995252
5.4414375 200.55800420208166
5.4514375 205.2025115752939
5.461437500000001 205.1461962612348
5.4714375 207.28513640643544
5.4814375 207.22140894131135
5.4914375 208.23035507778545
5.501437500000001 209.6946202474967
5.5114375 210.4224877921009
5.5214375 210.88571157742908
5.5314375 210.9296235932913
5.541437500000001 210.80473558519435
5.5514375000000005 210.70212104423354
5.5614375 209.83301132606243
5.5714375 210.76069882105395
5.581437500000001 210.36775826001647
5.5914375000000005 210.6301015883275
5.6014375 210.69845301515784
5.6114375 210.56556974704588
5.621437500000001 209.61181260924002
5.6314375000000005 --undefined--
5.6414375 --undefined--
5.6514375 --undefined--
5.6614375 --undefined--
5.671437500000001 --undefined--
5.6814375 --undefined--
5.6914375 --undefined--
5.7014375 --undefined--
5.711437500000001 --undefined--
5.7214375 191.00436901232678
5.7314375 190.25709405557117
5.7414375 189.91212211330253
5.751437500000001 190.06931305878243
5.7614375 189.27937044560736
5.7714375 188.32369647710237
5.7814375 188.41355407884433
5.791437500000001 187.79940809894342
5.8014375000000005 --undefined--
5.8114375 --undefined--
5.8214375 --undefined--
5.831437500000001 --undefined--
5.8414375000000005 --undefined--
5.8514375 --undefined--
5.8614375 --undefined--
5.871437500000001 --undefined--
5.8814375000000005 --undefined--
5.8914375 --undefined--
5.9014375 --undefined--
5.9114375 --undefined--
5.921437500000001 --undefined--
5.9314375 --undefined--
5.9414375 --undefined--
5.9514375 --undefined--
5.961437500000001 --undefined--
5.9714375 --undefined--
5.9814375 --undefined--
5.9914375 --undefined--
6.001437500000001 --undefined--
6.0114375 --undefined--
6.0214375 --undefined--
6.0314375 --undefined--
6.041437500000001 --undefined--
6.0514375000000005 179.0087401179823
6.0614375 178.34492703181795
6.0714375 177.69265804059998
6.081437500000001 176.3873387688341
6.0914375000000005 176.728535493506
6.1014375 177.05807677318728
6.1114375 177.52593080328722
6.121437500000001 177.84043618228424
6.1314375000000005 178.42713079429214
6.1414375 178.57564782525444
6.1514375 178.0549520381523
6.161437500000001 178.13240087148492
6.171437500000001 178.60878113583016
6.1814375 177.6838499984457
6.1914375 177.69273888856037
6.2014375 177.72261853893508
6.211437500000001 --undefined--
6.2214375 --undefined--
6.2314375 --undefined--
6.2414375 --undefined--
6.251437500000001 --undefined--
6.2614375 --undefined--
6.2714375 --undefined--
6.2814375 --undefined--
6.291437500000001 --undefined--
6.3014375000000005 --undefined--
6.3114375 --undefined--
6.3214375 --undefined--
6.331437500000001 --undefined--
6.3414375000000005 --undefined--
6.3514375 --undefined--
6.3614375 --undefined--
6.371437500000001 --undefined--
6.3814375000000005 --undefined--
6.3914375 --undefined--
6.4014375 --undefined--
6.411437500000001 --undefined--
6.421437500000001 --undefined--
6.4314375 --undefined--
6.4414375 --undefined--
6.4514375 292.68550582330556
6.461437500000001 292.42981668957225
6.4714375 290.0213536661431
6.4814375 287.0301835527291
6.4914375 283.8576043101996
6.501437500000001 281.4251763050934
6.5114375 279.3249095609159
6.5214375 279.0797292684487
6.5314375 276.8433687354616
6.541437500000001 277.52749729688907
6.5514375000000005 277.5949935210896
6.5614375 279.81198557107183
6.5714375 295.0751784108541
6.581437500000001 295.1088523921614
6.5914375000000005 278.9617250174536
6.6014375 276.1896932053112
6.6114375 280.8643591958152
6.621437500000001 298.2223199214162
6.6314375000000005 298.23207941532934
6.6414375 297.032620931555
6.6514375 295.02197427397414
6.661437500000001 291.90935559369757
6.671437500000001 292.79061819728554
6.6814375 294.1604410055007
6.6914375 296.2348358594751
6.7014375 295.0429824075198
6.711437500000001 293.6176842481598
6.7214375 293.1732771965354
6.7314375 293.2704011768304
6.7414375 293.37928406252576
6.751437500000001 277.19437058036897
6.7614375 --undefined--
6.7714375 --undefined--
6.7814375 252.70647518985436
6.791437500000001 224.90578370595725
6.8014375000000005 220.1975164759472
6.8114375 217.63760361374594
6.8214375 218.1713339722933
6.831437500000001 218.5641236070205
6.8414375000000005 216.92332056117846
6.8514375 214.84473554211178
6.8614375 214.44417845583746
6.871437500000001 217.33773295813026
6.8814375000000005 221.3564968422655
6.8914375 228.72231353287893
6.9014375 233.948711621978
6.911437500000001 233.33155770532454
6.921437500000001 219.111289181172
6.9314375 224.09668176560268
6.9414375 220.43498639506265
6.9514375 222.88038536649435
6.961437500000001 224.51010126307332
6.9714375 224.5312181508887
6.9814375 229.49385826892706
6.9914375 234.2843390841802
7.001437500000001 238.49021365279845
7.0114375 236.50527534461477
7.0214375 234.12870844446644
7.0314375 228.71298994729898
7.041437500000001 225.1064077216548
7.0514375000000005 224.04586991898398
7.0614375 218.22382420505093
7.0714375 211.0021357913145
7.081437500000001 204.55248717314547
7.0914375000000005 201.8320997169922
7.1014375 199.9629218185472
7.1114375 197.13797662163083
7.121437500000001 193.78172721632845
7.1314375000000005 202.45999211184082
7.1414375 199.64500391395663
7.1514375 198.1274580374488
7.161437500000001 198.3863783834927
7.171437500000001 --undefined--
7.1814375 --undefined--
7.1914375 --undefined--
7.2014375 --undefined--
7.211437500000001 --undefined--
7.2214375 --undefined--
7.2314375 --undefined--
7.2414375 --undefined--
7.251437500000001 --undefined--
7.2614375 --undefined--
7.2714375 214.2113295939922
7.2814375 213.7138083479767
7.291437500000001 211.86492894152443
7.3014375000000005 218.260025363791
7.3114375 215.69608718721145
7.3214375 214.12693471142242
7.331437500000001 209.09672387279295
7.3414375000000005 209.00437389759168
7.3514375 210.20079713247105
7.3614375 212.96270249047384
7.371437500000001 214.96029325513442
7.3814375000000005 215.1676810627822
7.3914375 210.37104116068073
7.4014375 209.67432773133538
7.411437500000001 209.85305217762829
7.421437500000001 --undefined--
7.4314375 --undefined--
7.4414375 --undefined--
7.4514375 --undefined--
7.461437500000001 --undefined--
7.4714375 --undefined--
7.4814375 --undefined--
7.4914375 --undefined--
7.501437500000001 --undefined--
7.5114375 --undefined--
7.5214375 --undefined--
7.5314375 --undefined--
7.541437500000001 --undefined--
7.5514375000000005 --undefined--
7.5614375 --undefined--
7.5714375 --undefined--
7.581437500000001 --undefined--
7.5914375000000005 --undefined--
7.6014375 --undefined--
7.6114375 207.48637564723958
7.621437500000001 203.86364604441712
7.6314375000000005 --undefined--
7.6414375 --undefined--
7.6514375 --undefined--
7.661437500000001 --undefined--
7.671437500000001 --undefined--
7.6814375 --undefined--
7.6914375 --undefined--
7.7014375 --undefined--
7.711437500000001 --undefined--
7.7214375 --undefined--
7.7314375 --undefined--
7.7414375 --undefined--
7.751437500000001 --undefined--
7.7614375 --undefined--
7.7714375 --undefined--
7.7814375 --undefined--
7.791437500000001 --undefined--
7.8014375000000005 --undefined--
7.8114375 171.7547246231205
7.8214375 170.5579503756662
7.831437500000001 170.34677458562655
7.8414375000000005 169.97282160631153
7.8514375 169.56303581273477
7.8614375 171.55803230068057
7.871437500000001 --undefined--
7.8814375000000005 --undefined--
7.8914375 --undefined--
7.9014375 --undefined--
7.911437500000001 --undefined--
7.921437500000001 --undefined--
7.9314375 --undefined--
7.9414375 --undefined--
7.951437500000001 --undefined--
7.961437500000001 --undefined--
7.9714375 --undefined--
7.9814375 --undefined--
7.9914375 --undefined--
8.001437500000002 --undefined--
8.011437500000001 --undefined--
8.021437500000001 --undefined--
8.031437500000001 --undefined--
8.0414375 --undefined--
8.0514375 --undefined--
8.061437500000002 --undefined--
8.071437500000002 --undefined--
8.081437500000002 --undefined--
8.091437500000001 --undefined--
8.101437500000001 --undefined--
8.111437500000001 --undefined--
8.1214375 --undefined--
8.1314375 --undefined--
8.141437500000002 --undefined--
8.151437500000002 --undefined--
8.161437500000002 --undefined--
8.171437500000001 --undefined--
8.181437500000001 --undefined--
8.191437500000001 --undefined--
8.2014375 --undefined--
8.2114375 --undefined--
8.2214375 --undefined--
8.231437500000002 --undefined--
8.241437500000002 --undefined--
8.251437500000002 --undefined--
8.261437500000001 --undefined--
8.271437500000001 --undefined--
8.281437500000001 --undefined--
8.2914375 --undefined--
8.3014375 --undefined--
8.311437500000002 --undefined--
8.321437500000002 --undefined--
8.331437500000002 --undefined--
8.341437500000001 --undefined--
8.351437500000001 --undefined--
8.361437500000001 --undefined--
8.3714375 264.6840318543393
8.3814375 263.35929081614466
8.391437500000002 262.815602853885
8.401437500000002 236.5062512846984
8.411437500000002 233.1958450446874
8.421437500000001 233.53448543255408
8.431437500000001 246.8434704071725
8.441437500000001 --undefined--
8.4514375 --undefined--
8.4614375 --undefined--
8.4714375 --undefined--
8.481437500000002 --undefined--
8.491437500000002 --undefined--
8.501437500000002 233.41259516097864
8.511437500000001 258.6800454062119
8.521437500000001 263.54544274259615
8.531437500000001 266.4512369144754
8.5414375 267.6174931548716
8.5514375 263.3726306754842
8.561437500000002 258.5614308998833
8.571437500000002 252.54568797317435
8.581437500000002 246.82429724925197
8.591437500000001 263.94909090959555
8.601437500000001 264.17366505120145
8.611437500000001 264.1656060899572
8.6214375 265.0879922828099
8.6314375 238.28011375840856
8.641437500000002 236.44041199976124
8.651437500000002 --undefined--
8.661437500000002 --undefined--
8.671437500000001 --undefined--
8.681437500000001 --undefined--
8.691437500000001 --undefined--
8.7014375 237.2349564069602
8.7114375 237.98435143881525
8.721437500000002 240.07402039898912
8.731437500000002 237.89517275678315
8.741437500000002 234.42382619447162
8.751437500000002 232.90686014766024
8.761437500000001 232.0300478187421
8.771437500000001 231.13115290158618
8.781437500000001 228.92859463671508
8.7914375 226.472976872717
8.8014375 226.33175970255118
8.811437500000002 225.57740078113656
8.821437500000002 219.89256117147252
8.831437500000002 213.78119370329924
8.841437500000001 227.14784777579803
8.851437500000001 227.78890905143024
8.861437500000001 224.3038238340749
8.8714375 226.9528079967362
8.8814375 208.10279043743452
8.891437500000002 207.6921050137718
8.901437500000002 208.51800062465793
8.911437500000002 209.12152770536113
8.921437500000001 209.48619632766122
8.931437500000001 208.8715953834427
8.941437500000001 208.4703376749084
8.9514375 207.93678585310207
8.9614375 207.29508234678218
8.971437500000002 207.24811500225334
8.981437500000002 208.00374352302063
8.991437500000002 209.11207873835136
9.001437500000002 210.3113374188087
9.011437500000001 211.0655130811903
9.021437500000001 211.3370164933198
9.031437500000001 210.1512643193074
9.0414375 209.1098809377419
9.0514375 224.04626582758826
9.061437500000002 221.008490497356
9.071437500000002 219.63957103501164
9.081437500000002 219.84975636676657
9.091437500000001 219.66680104369848
9.101437500000001 219.56688969786828
9.111437500000001 218.528275414848
9.1214375 217.92738758568942
9.1314375 219.39379209068122
9.141437500000002 220.31551018449358
9.151437500000002 219.1249352095355
9.161437500000002 --undefined--
9.171437500000001 --undefined--
9.181437500000001 --undefined--
9.191437500000001 --undefined--
9.2014375 209.52146380359474
9.2114375 207.10979993374772
9.221437500000002 201.9986050134659
9.231437500000002 197.28002054142306
9.241437500000002 195.61838818626688
9.251437500000002 199.7800935112412
9.261437500000001 --undefined--
9.271437500000001 --undefined--
9.281437500000001 --undefined--
9.2914375 --undefined--
9.3014375 --undefined--
9.311437500000002 --undefined--
9.321437500000002 --undefined--
9.331437500000002 --undefined--
9.341437500000001 --undefined--
9.351437500000001 --undefined--
9.361437500000001 --undefined--
9.3714375 --undefined--
9.3814375 --undefined--
9.391437500000002 --undefined--
9.401437500000002 --undefined--
9.411437500000002 --undefined--
9.421437500000001 --undefined--
9.431437500000001 --undefined--
9.441437500000001 --undefined--
9.4514375 --undefined--
9.4614375 --undefined--
9.471437500000002 --undefined--
9.481437500000002 --undefined--
9.491437500000002 --undefined--
9.501437500000002 --undefined--
9.511437500000001 275.385163586226
9.521437500000001 257.47689873211056
9.531437500000001 258.1055188946627
9.5414375 246.40560584582812
9.5514375 243.94306847503591
9.561437500000002 243.8701926368127
9.571437500000002 243.09268973025297
9.581437500000002 244.60858196890646
9.591437500000001 244.43481672443346
9.601437500000001 243.47107508453635
9.611437500000001 246.77537672032932
9.6214375 247.7122369173521
9.6314375 --undefined--
9.641437500000002 --undefined--
9.651437500000002 --undefined--
9.661437500000002 --undefined--
9.671437500000001 232.71230008537643
9.681437500000001 226.60558615249528
9.691437500000001 225.8128653225465
9.7014375 220.60535815360063
9.7114375 215.70247763228383
9.721437500000002 212.24309321094321
9.731437500000002 212.1022774443281
9.741437500000002 202.9713951131369
9.751437500000002 --undefined--
9.761437500000001 --undefined--
9.771437500000001 --undefined--
9.781437500000001 --undefined--
9.7914375 --undefined--
9.8014375 --undefined--
9.811437500000002 --undefined--
9.821437500000002 --undefined--
9.831437500000002 --undefined--
9.841437500000001 --undefined--
9.851437500000001 --undefined--
9.861437500000001 --undefined--
9.8714375 --undefined--
9.8814375 --undefined--
9.891437500000002 --undefined--
9.901437500000002 --undefined--
9.911437500000002 --undefined--
9.921437500000001 --undefined--
9.931437500000001 --undefined--
9.941437500000001 --undefined--
9.9514375 --undefined--
9.9614375 --undefined--
9.971437500000002 --undefined--
9.981437500000002 --undefined--
9.991437500000002 --undefined--
10.001437500000002 --undefined--
10.011437500000001 --undefined--
10.021437500000001 --undefined--
10.031437500000001 --undefined--
10.0414375 --undefined--
10.0514375 --undefined--
10.061437500000002 --undefined--
10.071437500000002 --undefined--
10.081437500000002 --undefined--
10.091437500000001 --undefined--
10.101437500000001 --undefined--
10.111437500000001 --undefined--
10.1214375 --undefined--
10.1314375 --undefined--
10.141437500000002 --undefined--
10.151437500000002 --undefined--
10.161437500000002 --undefined--
10.171437500000001 --undefined--
10.181437500000001 --undefined--
10.191437500000001 --undefined--
10.2014375 --undefined--
10.2114375 --undefined--
10.221437500000002 --undefined--
10.231437500000002 --undefined--
10.241437500000002 --undefined--
10.251437500000002 --undefined--
10.261437500000001 --undefined--
10.271437500000001 --undefined--
10.281437500000001 --undefined--
10.2914375 --undefined--
10.3014375 --undefined--
10.311437500000002 --undefined--
10.321437500000002 --undefined--
10.331437500000002 --undefined--
10.341437500000001 169.7340787030065
10.351437500000001 169.01921842156983
10.361437500000001 169.60136748168063
10.3714375 170.24264109875799
10.3814375 --undefined--
10.391437500000002 --undefined--
10.401437500000002 --undefined--
10.411437500000002 --undefined--
10.421437500000001 --undefined--
10.431437500000001 --undefined--
10.441437500000001 --undefined--
10.4514375 --undefined--
10.4614375 --undefined--
10.471437500000002 --undefined--
10.481437500000002 --undefined--
10.491437500000002 --undefined--
10.501437500000002 --undefined--
10.511437500000001 --undefined--
10.521437500000001 --undefined--
10.531437500000001 --undefined--
10.5414375 --undefined--
10.5514375 --undefined--
10.561437500000002 --undefined--
10.571437500000002 --undefined--
10.581437500000002 --undefined--
10.591437500000001 --undefined--
10.601437500000001 --undefined--
10.611437500000001 --undefined--
10.6214375 --undefined--
10.6314375 --undefined--
10.641437500000002 --undefined--
10.651437500000002 --undefined--
10.661437500000002 --undefined--
10.671437500000001 --undefined--
10.681437500000001 229.94934951987358
10.691437500000001 226.0481681569969
10.7014375 223.15449580283476
10.7114375 220.70877965828976
10.721437500000002 219.7370372979485
10.731437500000002 213.58397522269752
10.741437500000002 214.32422697035184
10.751437500000002 214.0577560609666
10.761437500000001 210.25368338595746
10.771437500000001 209.25804263822036
10.781437500000001 206.8569448286279
10.7914375 202.48003501393737
10.8014375 201.41970959523323
10.811437500000002 198.7605212431185
10.821437500000002 193.38594065884797
10.831437500000002 192.94422332190848
10.841437500000001 192.51392658358867
10.851437500000001 191.29806463690244
10.861437500000001 190.41799233924039
10.8714375 189.19502716284663
10.8814375 187.80350934872396
10.891437500000002 185.82309357331278
10.901437500000002 182.57392367572626
10.911437500000002 180.0844056738568
10.921437500000001 178.69776951372216
10.931437500000001 176.97258645866236
10.941437500000001 175.05911706745098
10.9514375 174.12590445625472
10.9614375 172.38716361294695
10.971437500000002 172.04607551587043
10.981437500000002 171.87797979401344
10.991437500000002 171.2695415189432
11.001437500000002 171.88642501866673
11.011437500000001 172.3090868304905
11.021437500000001 172.00745433491429
11.031437500000001 172.17348133177927
11.0414375 172.46282466786772
11.0514375 172.47564697382904
11.061437500000002 171.2920816507741
11.071437500000002 171.09894890399707
11.081437500000002 171.29840078237723
11.091437500000001 171.72504569114363
11.101437500000001 171.74448913610638
11.111437500000001 170.67040856866453
11.1214375 --undefined--
11.1314375 --undefined--
11.141437500000002 --undefined--
11.151437500000002 --undefined--
11.161437500000002 --undefined--
11.171437500000001 --undefined--
11.181437500000001 --undefined--
11.191437500000001 --undefined--
11.2014375 --undefined--
11.2114375 --undefined--
11.221437500000002 --undefined--
11.231437500000002 --undefined--
11.241437500000002 --undefined--
11.251437500000002 --undefined--
11.261437500000001 --undefined--
11.271437500000001 --undefined--
11.281437500000001 --undefined--
11.2914375 --undefined--
11.3014375 --undefined--
11.311437500000002 --undefined--
11.321437500000002 --undefined--
11.331437500000002 --undefined--
11.341437500000001 --undefined--
11.351437500000001 --undefined--
11.361437500000001 --undefined--
11.3714375 --undefined--
11.3814375 --undefined--
11.391437500000002 --undefined--
11.401437500000002 --undefined--
11.411437500000002 --undefined--
11.421437500000001 --undefined--
11.431437500000001 --undefined--
11.441437500000001 --undefined--
11.4514375 --undefined--
11.4614375 --undefined--
11.471437500000002 --undefined--
11.481437500000002 --undefined--
11.491437500000002 --undefined--
11.501437500000002 --undefined--
11.511437500000001 --undefined--
11.521437500000001 --undefined--
11.531437500000001 --undefined--
11.5414375 --undefined--
11.5514375 --undefined--
11.561437500000002 --undefined--
11.571437500000002 --undefined--
11.581437500000002 --undefined--
11.591437500000001 --undefined--
11.601437500000001 --undefined--
11.611437500000001 --undefined--
11.6214375 --undefined--
11.6314375 --undefined--
11.641437500000002 --undefined--
11.651437500000002 --undefined--
11.661437500000002 --undefined--
11.671437500000001 --undefined--
11.681437500000001 --undefined--
11.691437500000001 --undefined--
11.7014375 --undefined--
11.7114375 --undefined--
11.721437500000002 --undefined--
11.731437500000002 --undefined--
11.741437500000002 --undefined--
11.751437500000002 --undefined--
11.761437500000001 --undefined--
11.771437500000001 --undefined--
11.781437500000001 --undefined--
11.7914375 --undefined--
11.8014375 --undefined--
11.811437500000002 --undefined--
11.821437500000002 --undefined--
11.831437500000002 --undefined--
11.841437500000001 --undefined--
11.851437500000001 --undefined--
11.861437500000001 --undefined--
11.8714375 --undefined--
11.8814375 --undefined--
11.891437500000002 --undefined--
11.901437500000002 --undefined--
11.911437500000002 --undefined--
11.921437500000001 --undefined--
11.931437500000001 --undefined--
11.941437500000001 --undefined--
11.9514375 --undefined--
11.9614375 --undefined--
11.971437500000002 --undefined--
11.981437500000002 --undefined--
11.991437500000002 --undefined--
12.001437500000002 --undefined--
12.011437500000001 --undefined--
12.021437500000001 --undefined--
12.031437500000001 --undefined--
12.0414375 --undefined--
12.051437500000002 --undefined--
12.061437500000002 --undefined--
12.071437500000002 --undefined--
12.081437500000002 --undefined--
12.091437500000001 --undefined--
12.101437500000001 --undefined--
12.111437500000001 --undefined--
12.1214375 --undefined--
12.1314375 --undefined--
12.141437500000002 --undefined--
12.151437500000002 --undefined--
12.161437500000002 --undefined--
12.171437500000001 --undefined--
12.181437500000001 --undefined--
12.191437500000001 --undefined--
12.2014375 --undefined--
12.2114375 --undefined--
12.221437500000002 --undefined--
12.231437500000002 --undefined--
12.241437500000002 --undefined--
12.251437500000002 --undefined--
12.261437500000001 --undefined--
12.271437500000001 --undefined--
12.281437500000001 --undefined--
12.2914375 --undefined--
12.301437500000002 --undefined--
12.311437500000002 --undefined--
12.321437500000002 --undefined--
12.331437500000002 --undefined--
12.341437500000001 --undefined--
12.351437500000001 --undefined--
12.361437500000001 --undefined--
12.3714375 --undefined--
12.3814375 --undefined--
12.391437500000002 --undefined--
12.401437500000002 --undefined--
12.411437500000002 --undefined--
12.421437500000001 --undefined--
12.431437500000001 --undefined--
12.441437500000001 --undefined--
12.4514375 --undefined--
12.4614375 --undefined--
12.471437500000002 --undefined--
12.481437500000002 --undefined--
12.491437500000002 --undefined--
12.501437500000002 --undefined--
12.511437500000001 --undefined--
12.521437500000001 --undefined--
12.531437500000001 --undefined--
12.5414375 --undefined--
12.551437500000002 --undefined--
12.561437500000002 --undefined--
12.571437500000002 --undefined--
12.581437500000002 --undefined--
12.591437500000001 --undefined--
12.601437500000001 --undefined--
12.611437500000001 --undefined--
12.6214375 --undefined--
12.6314375 --undefined--
12.641437500000002 --undefined--
12.651437500000002 --undefined--
12.661437500000002 --undefined--
12.671437500000001 --undefined--
12.681437500000001 --undefined--
12.691437500000001 --undefined--
12.7014375 --undefined--
12.7114375 --undefined--
12.721437500000002 --undefined--
12.731437500000002 --undefined--
12.741437500000002 --undefined--
12.751437500000002 --undefined--
12.761437500000001 --undefined--
12.771437500000001 --undefined--
12.781437500000001 --undefined--
12.7914375 --undefined--
12.801437500000002 --undefined--
12.811437500000002 --undefined--
12.821437500000002 --undefined--
12.831437500000002 --undefined--
12.841437500000001 --undefined--
12.851437500000001 --undefined--
12.861437500000001 --undefined--
12.8714375 --undefined--
12.8814375 --undefined--
12.891437500000002 --undefined--
12.901437500000002 --undefined--
12.911437500000002 --undefined--
12.921437500000001 --undefined--
12.931437500000001 --undefined--
12.941437500000001 --undefined--
12.9514375 --undefined--
12.9614375 --undefined--
12.971437500000002 --undefined--
12.981437500000002 --undefined--
12.991437500000002 --undefined--
13.001437500000002 --undefined--
13.011437500000001 --undefined--
13.021437500000001 --undefined--
13.031437500000001 --undefined--
