Time_s   F0_Hz
0.036063   --undefined--
0.051063   --undefined--
0.066063   339.398371
0.081063   313.825574
0.096063   304.630669
0.111063   294.870929
0.126063   284.990028
0.141063   285.294165
0.156063   295.356955
0.171063   303.828334
0.186063   306.383705
0.201063   306.382497
0.216063   301.963397
0.231063   275.630316
0.246063   273.262495
0.261063   273.843477
0.276063   277.158909
0.291063   283.236555
0.306063   283.868894
0.321063   309.982414
0.336063   309.437529
0.351063   302.619360
0.366063   290.207829
0.381063   246.886649
0.396063   235.506705
0.411063   231.448490
0.426063   247.664892
0.441063   262.537619
0.456063   268.995153
0.471063   269.904290
0.486063   269.866391
0.501063   274.593812
0.516063   277.460651
0.531063   277.315705
0.546063   277.270106
0.561063   277.520581
0.576063   279.359703
0.591063   282.852255
0.606063   279.813439
0.621063   275.502596
0.636063   272.491785
0.651063   270.045599
0.666063   268.339562
0.681063   268.035656
0.696063   255.840326
0.711063   263.011298
0.726063   266.753747
0.741063   264.266913
0.756063   261.178413
0.771063   258.261489
0.786063   255.740609
0.801063   253.869738
0.816063   251.075149
0.831063   247.998837
0.846063   246.991240
0.861063   247.857304
0.876063   247.505469
0.891063   246.071164
0.906063   244.828057
0.921063   243.420539
0.936063   241.971374
0.951063   241.403691
0.966063   239.765006
0.981063   236.612104
0.996063   229.475713
1.011063   224.806464
1.026063   223.415242
1.041063   221.774017
1.056063   214.925505
1.071063   209.851788
1.086063   236.634173
1.101063   303.349534
1.116063   --undefined--
1.131063   --undefined--
1.146063   --undefined--
1.161063   --undefined--
1.176063   --undefined--
1.191063   --undefined--
1.206063   --undefined--
1.221063   --undefined--
1.236063   230.690205
1.251063   239.857014
1.266063   237.126044
1.281063   233.947340
1.296063   233.708894
1.311063   235.415611
1.326063   241.146468
1.341063   251.446513
1.356063   265.359003
1.371063   275.001996
1.386063   287.719230
1.401063   288.318558
1.416063   279.073380
1.431063   261.968835
1.446063   255.246891
1.461063   263.091049
1.476063   245.551856
1.491063   228.371221
1.506063   213.094865
1.521063   201.625590
1.536063   198.855535
1.551063   198.492395
1.566063   200.049241
1.581063   202.096270
1.596063   202.789302
1.611063   203.591597
1.626063   204.682619
1.641063   200.327598
1.656063   188.041078
1.671063   184.996102
1.686063   187.176419
1.701063   212.282617
1.716063   228.386421
1.731063   228.253300
1.746063   227.006330
1.761063   224.777872
1.776063   224.205632
1.791063   227.462629
1.806063   239.752941
1.821063   249.743445
1.836063   258.343695
1.851063   266.199607
1.866063   276.445762
1.881063   282.193514
1.896063   273.159810
1.911063   262.374593
1.926063   259.446214
1.941063   277.012460
1.956063   --undefined--
1.971063   --undefined--
1.986063   --undefined--
2.001063   --undefined--
2.016063   258.539753
2.031063   247.496457
2.046063   234.251526
2.061063   221.118706
2.076063   215.484461
2.091063   210.694451
2.106063   207.348856
2.121063   206.985776
2.136063   206.027833
2.151063   203.523154
2.166063   199.021138
2.181063   199.163024
2.196063   199.295622
2.211063   199.107201
2.226063   199.027719
2.241063   198.951702
2.256063   198.589633
2.271063   --undefined--
2.286063   --undefined--
2.301063   --undefined--
2.316063   339.810257
2.331063   338.826617
2.346063   320.278684
2.361063   250.975825
2.376063   247.661392
2.391063   248.997295
2.406063   254.786378
2.421063   256.275115
2.436063   252.367683
2.451063   233.095453
2.466063   225.050861
2.481063   220.155942
2.496063   215.193614
2.511063   232.149560
2.526063   216.453051
2.541063   194.574278
2.556063   184.761730
2.571063   178.275718
2.586063   175.104811
2.601063   175.924368
2.616063   174.180168
2.631063   175.275999
2.646063   176.325671
2.661063   175.844169
2.676063   173.616201
2.691063   172.171247
2.706063   172.543344
2.721063   --undefined--
2.736063   --undefined--
2.751063   --undefined--
2.766063   --undefined--
2.781063   --undefined--
2.796063   --undefined--
2.811063   87.161140
2.826063   91.437158
2.841063   94.059723
2.856063   98.311423
2.871063   104.232897
2.886063   109.084419
2.901063   119.483645
2.916063   127.431974
2.931063   134.264019
2.946063   142.498204
2.961063   144.003382
2.976063   --undefined--
2.991063   --undefined--
3.006063   --undefined--
3.021063   --undefined--
3.036063   --undefined--
3.051063   --undefined--
3.066063   --undefined--
3.081063   --undefined--
3.096063   --undefined--
3.111063   --undefined--
3.126063   --undefined--
3.141063   --undefined--
3.156063   --undefined--
3.171063   --undefined--
3.186063   --undefined--
3.201063   391.879146
3.216063   --undefined--
3.231063   394.578177
3.246063   387.353222
3.261063   --undefined--
3.276063   52.066193
3.291063   53.824934
3.306063   56.168627
3.321063   --undefined--
3.336063   --undefined--
3.351063   --undefined--
3.366063   --undefined--
3.381063   --undefined--
3.396063   --undefined--
3.411063   --undefined--
3.426063   --undefined--
3.441063   --undefined--
3.456063   --undefined--
3.471063   214.595284
3.486063   235.801838
3.501063   233.468111
3.516063   227.705064
3.531063   226.846137
3.546063   226.668680
3.561063   225.439720
3.576063   225.124365
3.591063   225.719762
3.606063   224.272237
3.621063   217.204132
3.636063   210.642492
3.651063   --undefined--
3.666063   --undefined--
3.681063   --undefined--
3.696063   --undefined--
3.711063   --undefined--
3.726063   233.438999
3.741063   231.086107
3.756063   230.164820
3.771063   227.662330
3.786063   221.945861
3.801063   216.848334
3.816063   211.689642
3.831063   205.435924
3.846063   213.188614
3.861063   213.480660
3.876063   213.147368
3.891063   212.835277
3.906063   213.097293
3.921063   212.129821
3.936063   209.572508
3.951063   207.544558
3.966063   205.351737
3.981063   202.854822
3.996063   201.417625
4.011063   200.887892
4.026063   200.353606
4.041063   199.335620
4.056063   196.511737
4.071063   190.340630
4.086063   188.454766
4.101063   --undefined--
4.116063   --undefined--
4.131063   --undefined--
4.146063   --undefined--
4.161063   --undefined--
4.176063   --undefined--
4.191063   --undefined--
4.206063   --undefined--
4.221063   --undefined--
4.236063   --undefined--
4.251063   --undefined--
4.266063   --undefined--
4.281063   --undefined--
4.296063   231.390401
4.311063   231.732817
4.326063   216.355667
4.341063   210.905504
4.356063   208.492334
4.371063   206.425837
4.386063   205.105513
4.401063   203.896317
4.416063   202.745570
4.431063   202.668915
4.446063   201.660083
4.461063   200.207740
4.476063   200.619894
4.491063   199.732478
4.506063   198.612071
4.521063   197.895519
4.536063   197.443233
4.551063   196.751929
4.566063   194.846716
4.581063   194.656997
4.596063   195.890843
4.611063   192.836336
4.626063   192.110328
4.641063   191.591261
4.656063   191.730771
4.671063   192.144501
4.686063   190.812850
4.701063   188.828112
4.716063   187.090763
4.731063   185.724432
4.746063   182.440075
4.761063   176.762744
4.776063   177.807731
4.791063   187.401605
4.806063   187.012048
4.821063   184.560218
4.836063   183.566266
4.851063   182.657570
4.866063   181.448786
4.881063   180.709656
4.896063   180.244615
4.911063   179.192769
4.926063   178.049348
4.941063   177.401599
4.956063   177.622722
4.971063   178.431309
4.986063   178.586264
5.001063   177.333260
5.016063   175.310528
5.031063   177.007305
5.046063   177.285414
5.061063   178.931707
5.076063   183.038245
5.091063   186.611623
5.106063   94.137866
5.121063   --undefined--
5.136063   --undefined--
5.151063   281.733251
5.166063   270.187160
5.181063   251.299597
5.196063   254.996532
5.211063   252.846178
5.226063   257.685725
5.241063   284.769850
5.256063   --undefined--
5.271063   --undefined--
5.286063   --undefined--
5.301063   --undefined--
5.316063   --undefined--
5.331063   --undefined--
5.346063   --undefined--
5.361063   --undefined--
5.376063   --undefined--
5.391063   59.090387
5.406063   --undefined--
5.421063   --undefined--
5.436063   --undefined--
5.451063   --undefined--
5.466063   --undefined--
5.481063   --undefined--
5.496063   --undefined--
5.511063   --undefined--
5.526063   --undefined--
5.541063   --undefined--
5.556063   379.267980
5.571063   375.267681
5.586063   --undefined--
5.601063   390.847700
5.616063   383.807466
5.631063   380.403321
5.646063   315.900278
5.661063   374.629648
5.676063   --undefined--
5.691063   --undefined--
5.706063   --undefined--
5.721063   --undefined--
5.736063   --undefined--
5.751063   --undefined--
5.766063   --undefined--
5.781063   --undefined--
5.796063   --undefined--
5.811063   --undefined--
5.826063   --undefined--
5.841063   --undefined--
5.856063   --undefined--
5.871063   --undefined--
5.886063   --undefined--
5.901063   --undefined--
5.916063   --undefined--
5.931063   --undefined--
5.946063   --undefined--
5.961063   --undefined--
5.976063   --undefined--
5.991063   --undefined--
6.006063   --undefined--
6.021063   --undefined--
6.036063   --undefined--
6.051063   --undefined--
6.066063   --undefined--
6.081063   --undefined--
6.096063   --undefined--
6.111063   --undefined--
6.126063   --undefined--
6.141063   --undefined--
6.156063   --undefined--
6.171063   --undefined--
6.186063   --undefined--
6.201063   --undefined--
6.216063   --undefined--
6.231063   --undefined--
6.246063   --undefined--
6.261063   --undefined--
6.276063   --undefined--
6.291063   246.280006
6.306063   254.587170
6.321063   254.366159
6.336063   251.808696
6.351063   249.314526
6.366063   247.970735
6.381063   248.833011
6.396063   251.885741
6.411063   256.468122
6.426063   259.274230
6.441063   244.669745
6.456063   233.891495
6.471063   220.638810
6.486063   210.302892
6.501063   207.050647
6.516063   208.095920
6.531063   212.329105
6.546063   215.963051
6.561063   229.516064
6.576063   236.526989
6.591063   240.211243
6.606063   240.523911
6.621063   237.484315
6.636063   238.123673
6.651063   244.425928
6.666063   236.237117
6.681063   --undefined--
6.696063   --undefined--
6.711063   188.325202
6.726063   186.950453
6.741063   186.499344
6.756063   187.327287
6.771063   187.455603
6.786063   184.816706
6.801063   179.075770
6.816063   --undefined--
6.831063   --undefined--
6.846063   --undefined--
6.861063   177.808953
6.876063   175.739037
6.891063   164.507852
6.906063   163.201826
6.921063   164.047816
6.936063   172.389850
6.951063   174.308077
6.966063   --undefined--
6.981063   --undefined--
6.996063   252.609574
7.011063   263.434006
7.026063   --undefined--
7.041063   --undefined--
7.056063   --undefined--
7.071063   --undefined--
7.086063   --undefined--
7.101063   --undefined--
7.116063   --undefined--
7.131063   --undefined--
7.146063   --undefined--
7.161063   --undefined--
7.176063   --undefined--
7.191063   --undefined--
7.206063   --undefined--
7.221063   --undefined--
7.236063   --undefined--
7.251063   --undefined--
7.266063   197.531544
7.281063   193.615118
7.296063   186.625639
7.311063   185.737995
7.326063   183.708093
7.341063   180.322147
7.356063   176.349924
7.371063   --undefined--
7.386063   --undefined--
7.401063   --undefined--
7.416063   182.031468
7.431063   179.396297
7.446063   --undefined--
7.461063   --undefined--
7.476063   --undefined--
7.491063   363.874618
7.506063   363.995236
7.521063   388.026308
7.536063   --undefined--
7.551063   --undefined--
7.566063   --undefined--
7.581063   --undefined--
7.596063   --undefined--
7.611063   --undefined--
7.626063   --undefined--
7.641063   --undefined--
7.656063   --undefined--
7.671063   --undefined--
7.686063   --undefined--
7.701063   --undefined--
7.716063   --undefined--
7.731063   --undefined--
7.746063   --undefined--
7.761063   393.638676
7.776063   --undefined--
7.791063   --undefined--
7.806063   --undefined--
7.821063   --undefined--
7.836063   --undefined--
7.851063   --undefined--
7.866063   --undefined--
7.881063   --undefined--
7.896063   --undefined--
7.911063   --undefined--
7.926063   --undefined--
7.941063   --undefined--
7.956063   --undefined--
7.971063   --undefined--
7.986063   --undefined--
8.001062   228.045139
8.016063   232.142938
8.031063   244.481600
8.046062   251.150459
8.061063   258.423637
8.076062   261.828627
8.091062   263.893739
8.106063   --undefined--
8.121062   --undefined--
8.136062   --undefined--
8.151063   --undefined--
8.166062   --undefined--
8.181062   --undefined--
8.196063   241.373547
8.211062   253.210338
8.226062   254.998520
8.241063   252.566632
8.256062   248.291609
8.271062   233.595608
8.286062   224.258638
8.301063   219.805267
8.316062   199.767660
8.331062   185.223915
8.346063   --undefined--
8.361062   --undefined--
8.376062   205.226710
8.391063   208.352170
8.406062   217.608677
8.421062   225.865471
8.436063   206.052627
8.451062   196.980378
8.466062   189.593697
8.481063   186.656335
8.496062   186.248644
8.511062   185.076960
8.526063   --undefined--
8.541062   --undefined--
8.556062   --undefined--
8.571063   --undefined--
8.586062   200.061392
8.601062   186.236875
8.616063   181.378163
8.631062   178.412722
8.646062   175.905492
8.661062   166.538855
8.676063   162.839353
8.691062   --undefined--
8.706062   --undefined--
8.721063   --undefined--
8.736062   --undefined--
8.751062   --undefined--
8.766063   --undefined--
8.781062   --undefined--
8.796062   --undefined--
8.811063   --undefined--
8.826062   --undefined--
8.841062   --undefined--
8.856063   --undefined--
8.871062   --undefined--
8.886062   392.586945
8.901063   --undefined--
8.916062   --undefined--
8.931062   --undefined--
8.946063   --undefined--
8.961062   --undefined--
8.976062   --undefined--
8.991063   --undefined--
9.006062   --undefined--
9.021062   394.011436
9.036062   --undefined--
9.051062   --undefined--
9.066062   --undefined--
9.081062   --undefined--
9.096063   392.643127
9.111062   --undefined--
9.126062   --undefined--
9.141063   --undefined--
9.156062   --undefined--
9.171062   --undefined--
9.186063   --undefined--
9.201062   --undefined--
9.216062   --undefined--
9.231063   --undefined--
9.246062   --undefined--
9.261062   --undefined--
9.276063   --undefined--
9.291062   --undefined--
9.306062   --undefined--
9.321063   --undefined--
9.336062   --undefined--
9.351062   --undefined--
9.366063   --undefined--
9.381062   --undefined--
9.396062   --undefined--
9.411062   --undefined--
9.426062   --undefined--
