mean: 227.43594961866623 std: 65.64609016490259
0.021000000000000015 --undefined--
0.031000000000000014 --undefined--
0.041000000000000016 --undefined--
0.05100000000000002 --undefined--
0.06100000000000001 320.02347802169385
0.07100000000000002 321.7730998536999
0.08100000000000002 327.60494152653035
0.09100000000000003 331.87350604180193
0.10100000000000002 337.39914061566736
0.11100000000000002 347.0905028311284
0.12100000000000002 351.8514455722718
0.131 346.18418421361775
0.14100000000000001 342.74263709606635
0.15100000000000002 342.0818518461633
0.16100000000000003 342.7347152182694
0.171 343.5041768996473
0.18100000000000002 343.12134379048535
0.19100000000000003 341.3562419297021
0.201 343.0491070872419
0.21100000000000002 345.3154826462189
0.22100000000000003 344.45148349416894
0.231 --undefined--
0.24100000000000002 --undefined--
0.251 --undefined--
0.261 --undefined--
0.271 346.1622106418358
0.281 348.5858150557312
0.29100000000000004 361.4707313179098
0.30100000000000005 365.56396902182183
0.311 369.26709836909913
0.321 361.7182810661594
0.331 359.2368561137584
0.341 361.7970010581868
0.35100000000000003 365.06099270231005
0.36100000000000004 368.759540648253
0.37100000000000005 373.41748614536994
0.381 377.30530847595094
0.391 373.9669199030394
0.401 372.5734576006758
0.41100000000000003 371.2692938891304
0.42100000000000004 366.8231491797259
0.43100000000000005 367.42502506577904
0.441 367.6375556056336
0.451 370.61894433084086
0.461 387.76129033611284
0.47100000000000003 376.37675607296353
0.48100000000000004 368.49167536157876
0.49100000000000005 --undefined--
0.501 --undefined--
0.511 --undefined--
0.521 --undefined--
0.531 --undefined--
0.541 --undefined--
0.551 321.68581608455486
0.561 336.8402996000345
0.5710000000000001 342.21052806803175
0.5810000000000001 345.6108195197735
0.5910000000000001 339.6486456556386
0.601 326.5545241667233
0.611 321.90838438882486
0.621 318.4163476213489
0.631 318.65509994009085
0.641 316.3589897179702
0.651 313.70215408911224
0.661 312.6388958948051
0.671 311.8299418264064
0.681 306.8637023223407
0.6910000000000001 305.52938423085214
0.7010000000000001 305.281523767779
0.7110000000000001 306.83821324410536
0.7210000000000001 302.0853372827301
0.731 296.2336094541822
0.741 295.17862083409466
0.751 291.23337498767114
0.761 291.1372784921167
0.771 301.53609342330964
0.781 304.43614560118334
0.791 --undefined--
0.801 --undefined--
0.811 --undefined--
0.8210000000000001 --undefined--
0.8310000000000001 --undefined--
0.8410000000000001 --undefined--
0.8510000000000001 --undefined--
0.861 --undefined--
0.871 --undefined--
0.881 --undefined--
0.891 102.04699528697375
0.901 101.48002419341842
0.911 102.58703360419962
0.921 102.87265975663279
0.931 --undefined--
0.9410000000000001 277.968823308751
0.9510000000000001 270.3141862418866
0.9610000000000001 273.1504237598706
0.9710000000000001 277.4541800364488
0.981 278.84435205582207
0.991 277.95908074957026
1.001 277.1983952117268
1.011 277.3735555623738
1.021 274.5598056669708
1.031 269.6608937363319
1.041 264.93558892650015
1.051 261.7622050887246
1.061 260.003270621775
1.071 260.14844425408666
1.081 263.1104605445895
1.091 266.67015721275357
1.101 273.06851936208443
1.111 274.1768608124369
1.121 268.2617682348691
1.131 262.9585379854249
1.141 267.9668056368394
1.151 277.4049370784938
1.161 261.98653947218423
1.171 260.06779400209217
1.1809999999999998 258.4618684400937
1.1909999999999998 271.28165312237945
1.2009999999999998 270.75497018554125
1.2109999999999999 270.03097163313186
1.2209999999999999 269.12153488835116
1.2309999999999999 269.30684041424075
1.2409999999999999 270.30158925203204
1.251 271.4007908684273
1.261 272.7869153738481
1.271 274.78910430445285
1.281 276.40780202442556
1.291 278.0950578614797
1.301 279.5154530555456
1.311 281.72942694170155
1.321 287.15598288423536
1.331 303.8665145228056
1.341 313.5371264306911
1.351 316.8388700508066
1.361 317.29119004721537
1.371 297.77923181314605
1.381 284.86542491528496
1.391 287.7457345543902
1.401 287.47109908983623
1.411 287.35873000415376
1.421 286.5374814136505
1.4309999999999998 --undefined--
1.4409999999999998 --undefined--
1.4509999999999998 136.6798368696945
1.4609999999999999 137.3190996045222
1.4709999999999999 138.3807326930958
1.4809999999999999 136.8173013714934
1.4909999999999999 --undefined--
1.501 --undefined--
1.511 124.18081182094657
1.521 122.16753155726761
1.531 121.44625807733709
1.541 122.25493589195173
1.551 120.35657104181807
1.561 122.21638075839964
1.571 122.13061096759003
1.581 125.54299427566585
1.591 125.16469311070767
1.601 123.16563836784712
1.611 120.72380977853355
1.621 115.91968023884777
1.631 114.53752192247288
1.641 111.50532507186644
1.651 127.76179055076554
1.661 123.12323247647986
1.671 118.34316743784969
1.681 118.34219554208198
1.6909999999999998 121.64054610291288
1.7009999999999998 109.37651451941623
1.7109999999999999 114.7405700882581
1.7209999999999999 115.00079799813085
1.7309999999999999 116.46645686110223
1.7409999999999999 117.31806674414764
1.751 118.91730893034233
1.761 117.7862720596846
1.771 118.25747722491326
1.781 114.05858342283051
1.791 111.94827584686578
1.801 116.8460400809073
1.811 119.477155265928
1.821 116.8176135952983
1.831 115.46051737095858
1.841 114.8267062090926
1.851 115.12487939554782
1.861 117.47638002125053
1.871 118.93807551248865
1.881 115.99906793699677
1.891 110.64072283321153
1.901 110.99648933832529
1.911 113.7573836239695
1.921 --undefined--
1.931 238.4945079416161
1.9409999999999998 233.48155566683914
1.9509999999999998 222.80561090754807
1.9609999999999999 220.74397610056133
1.9709999999999999 219.52064034871992
1.9809999999999999 218.38552363466906
1.9909999999999999 218.77424134167373
2.001 220.0646225278454
2.011 222.12139468956318
2.021 219.67074285518677
2.031 219.12379444393733
2.041 219.3542517961142
2.051 219.88470667716686
2.061 --undefined--
2.0709999999999997 --undefined--
2.081 --undefined--
2.0909999999999997 --undefined--
2.101 134.2598407648838
2.1109999999999998 133.53415623821726
2.121 127.14018594331483
2.131 --undefined--
2.141 --undefined--
2.151 --undefined--
2.161 --undefined--
2.171 --undefined--
2.181 --undefined--
2.191 --undefined--
2.201 --undefined--
2.211 --undefined--
2.221 --undefined--
2.231 284.9038680925577
2.241 283.981849427004
2.251 269.7913528441709
2.261 272.41931653238714
2.271 --undefined--
2.281 --undefined--
2.291 --undefined--
2.301 --undefined--
2.311 --undefined--
2.321 --undefined--
2.331 --undefined--
2.3409999999999997 --undefined--
2.351 --undefined--
2.3609999999999998 --undefined--
2.371 261.2571925903408
2.381 245.77229888698065
2.391 232.12575642419733
2.401 226.3328921334029
2.411 222.8968448816179
2.421 219.58669462756765
2.431 218.92257935634825
2.441 218.049837168427
2.451 218.28470750834626
2.461 219.26081558475244
2.471 219.3124030647414
2.481 224.2053402712542
2.491 226.42855894249834
2.501 228.24597428887776
2.511 229.42209478715887
2.521 230.5651995266433
2.531 231.34937567723728
2.541 231.92394628359585
2.551 231.99226352603418
2.561 231.88031758273877
2.571 231.162919105884
2.581 231.37369934519765
2.5909999999999997 231.96649401435215
2.601 236.06650436790108
2.6109999999999998 246.4279832206363
2.621 247.65926838200133
2.631 246.2839131393304
2.641 246.0432324041444
2.651 244.25824627178912
2.661 246.27995795685146
2.671 249.8237268020465
2.681 246.10442969984473
2.691 238.18255515798157
2.701 233.87479421976897
2.711 229.31520932963653
2.721 227.3585022778997
2.731 227.82371566231555
2.741 229.33749377059834
2.751 212.04825524816926
2.761 212.87043167425364
2.771 212.5807207591083
2.781 213.37700983295227
2.791 215.57512304763333
2.801 217.20865927010166
2.811 217.91972712160316
2.821 219.00162669121755
2.831 219.94508571453218
2.8409999999999997 220.58848082207467
2.851 219.72734288684723
2.8609999999999998 220.24462606337082
2.871 109.61641464823303
2.881 109.34208884892793
2.891 109.64823579113015
2.901 109.7953246007231
2.911 --undefined--
2.921 --undefined--
2.931 --undefined--
2.941 --undefined--
2.951 --undefined--
2.961 --undefined--
2.971 --undefined--
2.981 --undefined--
2.991 --undefined--
3.001 --undefined--
3.011 --undefined--
3.021 --undefined--
3.031 --undefined--
3.041 --undefined--
3.051 --undefined--
3.061 --undefined--
3.071 --undefined--
3.081 --undefined--
3.091 --undefined--
3.101 --undefined--
3.1109999999999998 --undefined--
3.121 --undefined--
3.131 --undefined--
3.141 --undefined--
3.151 --undefined--
3.161 --undefined--
3.171 --undefined--
3.181 --undefined--
3.191 --undefined--
3.201 --undefined--
3.211 --undefined--
3.221 --undefined--
3.231 396.6902170008442
3.241 396.05455089104976
3.251 391.17426659770257
3.261 --undefined--
3.271 --undefined--
3.281 --undefined--
3.291 --undefined--
3.301 --undefined--
3.311 --undefined--
3.321 --undefined--
3.331 --undefined--
3.341 --undefined--
3.351 --undefined--
3.3609999999999998 --undefined--
3.371 --undefined--
3.381 --undefined--
3.391 --undefined--
3.401 --undefined--
3.411 --undefined--
3.421 --undefined--
3.431 --undefined--
3.441 --undefined--
3.451 --undefined--
3.461 --undefined--
3.471 207.17570383584084
3.481 206.6935311184884
3.491 205.21652160127113
3.501 204.31974214046076
3.511 203.03935250182155
3.521 201.09076602595624
3.531 199.58311618846062
3.541 195.15941005482426
3.551 194.54692290249463
3.561 194.1457109501131
3.571 193.68277159016074
3.581 192.66541277973533
3.591 191.31897593709
3.601 189.93950131030192
3.6109999999999998 189.6631730581379
3.621 190.10569390225825
3.631 191.51082040360868
3.641 192.97057030111662
3.651 193.50890813149832
3.661 194.46459233332536
3.671 194.79385420548505
3.681 195.27504742068544
3.691 194.90718726026978
3.701 193.8411424888651
3.711 193.11058309950315
3.721 193.38657677037764
3.731 193.42276583535428
3.741 192.65720826189147
3.751 191.08939902105368
3.761 190.62934123396772
3.771 190.87024425243536
3.781 192.00873720333712
3.791 192.4132443594299
3.801 192.12837824526144
3.811 191.59666977988843
3.821 192.34575375657357
3.831 192.58712091754478
3.841 192.29871374217583
3.851 190.87543521583945
3.8609999999999998 189.04030548813878
3.871 190.40021693828373
3.881 191.1730981385797
3.891 190.58993794715568
3.901 190.8413965805417
3.911 191.69836147974064
3.921 190.0725792883569
3.931 190.99985987198934
3.941 --undefined--
3.951 --undefined--
3.961 --undefined--
3.971 --undefined--
3.981 --undefined--
3.991 --undefined--
4.001 --undefined--
4.011 195.3656120112598
4.021 196.33844476323196
4.031 195.66338009417925
4.041 193.58804827048044
4.051 191.48034663237752
4.061 191.98825546252164
4.071 201.04217711982162
4.081 --undefined--
4.091 --undefined--
4.101 --undefined--
4.111 --undefined--
4.1209999999999996 218.12994097863165
4.131 213.90438165948893
4.141 200.74254813148082
4.151 198.40041151590407
4.161 195.10984821323112
4.171 192.12716627660313
4.181 193.9415997313994
4.191 194.95807595868908
4.201 195.07068075512282
4.211 194.7725452418988
4.221 194.4900902518522
4.231 194.67986172463134
4.241 194.71770888280255
4.251 194.8969390116614
4.261 --undefined--
4.271 --undefined--
4.281 --undefined--
4.291 116.38855149030778
4.301 116.40532569963312
4.311 117.78699848443793
4.321 116.66724853061947
4.331 115.11765415146003
4.341 128.7597185705185
4.351 129.1598468779914
4.361 129.2551796638685
4.371 130.34763007138946
4.381 132.2190843126796
4.391 135.52948790423036
4.401 136.98705273858465
4.411 138.21352591403348
4.421 140.00507650242486
4.431 141.34339971139897
4.441 95.61490386001056
4.451 96.62608371334684
4.461 97.52227159596798
4.471 97.86272594603868
4.481 97.72024645549529
4.491 97.3360742730881
4.501 95.94809375463126
4.511 99.59587847948984
4.521 108.09794161099542
4.531 109.68489777329319
4.541 110.01089226156091
4.551 109.8632835685559
4.561 110.00240494374233
4.571 163.4314578889664
4.581 155.41979475747607
4.591 146.86457706568547
4.601 148.3245246544873
4.611 141.43535074786465
4.621 --undefined--
4.631 --undefined--
4.641 --undefined--
4.651 --undefined--
4.661 --undefined--
4.671 137.8857024802948
4.681 139.85211659602084
4.691 142.2614471243873
4.701 145.02735589032528
4.711 145.2173626212037
4.721 288.4503708175171
4.731 284.5371899315584
4.741 279.15069576385935
4.751 273.12780047359877
4.761 271.1861013249628
4.771 270.1893730208068
4.781 270.1910899422878
4.791 269.63174083226886
4.801 269.52348342890724
4.811 269.58904126256317
4.821 269.6356742763054
4.831 269.7844003903389
4.841 268.9246706663522
4.851 268.13977203929466
4.861 266.7317310922083
4.871 268.0441829279964
4.881 268.2420795371304
4.891 268.5759838057481
4.901 266.65894812424307
4.911 260.969445927737
4.921 257.4392542793405
4.931 254.60067867802329
4.941 252.42060239699242
4.951 251.0291958452478
4.961 250.2107416480138
4.971 250.53306978988383
4.981 251.3115833776584
4.991 253.16149829759976
5.001 255.47142691762852
5.011 257.8012540913267
5.021 257.79075284294703
5.031 257.0346269357133
5.041 256.6703425873569
5.051 256.49073588102584
5.061 256.57326473716773
5.071 256.652331299911
5.081 257.69978066935806
5.091 259.0511671935333
5.101 259.72748280789756
5.111 259.82821558710503
5.121 259.35340352010536
5.131 258.8905404033697
5.141 259.5022558494219
5.151 260.9224836055051
5.161 260.1404243362905
5.171 260.2677711756932
5.181 128.9975387710665
5.191 130.83702137149612
5.201 131.07067045678198
5.211 129.68065900048907
5.221 130.0886017367472
5.231 129.81968377209316
5.241 128.7909580863418
5.251 126.22461703224667
5.261 127.31024323164186
5.271 128.57400969542542
5.281 129.79319057709452
5.291 --undefined--
5.301 --undefined--
5.311 --undefined--
5.321 218.63470144216748
5.331 213.99901465211667
5.341 207.69797312118598
5.351 205.7779349806192
5.361 205.8385086740566
5.371 205.47429987298722
5.381 205.20930751114835
5.391 206.34545149091173
5.401 206.71271474209718
5.411 206.46252877505378
5.421 206.11853914061336
5.431 206.5731915754828
5.441 207.3377407870109
5.451 207.71868620674095
5.461 208.55729193394197
5.471 210.40334980412717
5.481 208.9746663906362
5.491 207.60223072878176
5.501 206.76156932168615
5.511 205.8931542682091
5.521 205.0042880590965
5.531 204.58533848094933
5.541 204.9177459712573
5.551 206.17502453497403
5.561 208.19803918450418
5.571 105.70735338881515
5.581 105.81510769888914
5.591 105.65573005145534
5.601 105.63859351171922
5.611 102.2431975252326
5.621 101.9822575171347
5.631 101.61053344583986
5.641 101.6186035045924
5.651 102.00019252093448
5.661 102.43872873389621
5.671 102.19690239350348
5.681 101.29771973710776
5.691 104.85264222910908
5.701 104.50704074121613
5.711 104.69698114000478
5.721 101.72357429701626
5.731 105.20289685466749
5.741 105.79505640556506
5.751 106.09390165910129
5.761 106.44678129960953
5.771 104.84046006041439
5.781 102.61019373090612
5.791 104.00323197351514
5.801 104.2243519337312
5.811 --undefined--
5.821 --undefined--
5.831 --undefined--
5.841 --undefined--
5.851 --undefined--
5.861 --undefined--
5.871 --undefined--
5.881 --undefined--
5.891 --undefined--
5.901 --undefined--
5.911 --undefined--
5.921 --undefined--
5.931 --undefined--
5.941 --undefined--
5.951 --undefined--
5.961 --undefined--
5.971 --undefined--
5.981 --undefined--
5.991 --undefined--
6.001 --undefined--
6.011 --undefined--
6.021 --undefined--
6.031 --undefined--
6.041 --undefined--
6.051 --undefined--
6.061 --undefined--
6.071 --undefined--
6.081 --undefined--
6.091 --undefined--
6.101 --undefined--
6.111 --undefined--
6.121 --undefined--
6.131 --undefined--
6.141 --undefined--
6.151 --undefined--
6.1610000000000005 --undefined--
6.171 --undefined--
6.181 --undefined--
6.191 --undefined--
6.201 --undefined--
6.211 --undefined--
6.221 --undefined--
6.231 --undefined--
6.241 --undefined--
6.251 --undefined--
6.261 --undefined--
6.271 --undefined--
6.281 --undefined--
6.291 --undefined--
6.301 --undefined--
6.311 --undefined--
6.321 --undefined--
6.331 --undefined--
6.341 --undefined--
6.351 --undefined--
6.361 --undefined--
6.371 --undefined--
6.381 --undefined--
6.391 --undefined--
6.401 --undefined--
6.4110000000000005 --undefined--
6.421 --undefined--
6.431 --undefined--
6.441 --undefined--
6.451 --undefined--
6.461 --undefined--
6.471 --undefined--
6.481 --undefined--
6.491 --undefined--
6.501 --undefined--
6.511 --undefined--
6.521 --undefined--
6.531 --undefined--
6.541 --undefined--
6.551 --undefined--
6.561 --undefined--
6.571 --undefined--
6.581 --undefined--
6.591 --undefined--
6.601 --undefined--
6.611 --undefined--
6.621 --undefined--
6.631 --undefined--
6.641 --undefined--
6.651 --undefined--
6.6610000000000005 --undefined--
6.671 --undefined--
6.681 --undefined--
6.691 --undefined--
6.701 --undefined--
6.711 --undefined--
6.721 --undefined--
6.731 --undefined--
6.741 --undefined--
6.751 --undefined--
6.761 --undefined--
6.771 --undefined--
6.781 --undefined--
6.791 --undefined--
6.801 --undefined--
6.811 --undefined--
6.821 --undefined--
6.831 --undefined--
6.841 --undefined--
6.851 --undefined--
6.861 --undefined--
6.871 --undefined--
6.881 --undefined--
6.891 --undefined--
6.901 --undefined--
6.9110000000000005 --undefined--
6.921 --undefined--
6.931 --undefined--
6.941 --undefined--
6.951 --undefined--
6.961 --undefined--
6.971 --undefined--
6.981 --undefined--
6.991 --undefined--
7.001 --undefined--
7.011 --undefined--
7.021 --undefined--
7.031 --undefined--
7.041 --undefined--
7.051 --undefined--
7.061 --undefined--
7.071 --undefined--
7.081 --undefined--
7.091 --undefined--
7.101 --undefined--
7.111 --undefined--
7.121 --undefined--
7.131 --undefined--
7.141 --undefined--
7.151 --undefined--
7.1610000000000005 --undefined--
7.171 --undefined--
7.181 --undefined--
7.191 --undefined--
7.201 --undefined--
7.211 --undefined--
7.221 --undefined--
7.231 --undefined--
7.241 --undefined--
7.251 --undefined--
7.261 --undefined--
7.271 --undefined--
7.281 --undefined--
7.291 --undefined--
7.301 --undefined--
7.311 --undefined--
7.321 --undefined--
7.331 --undefined--
7.341 --undefined--
7.351 --undefined--
7.361 --undefined--
7.371 --undefined--
7.381 --undefined--
7.391 --undefined--
7.401 --undefined--
7.4110000000000005 --undefined--
7.421 --undefined--
7.431 --undefined--
7.441 --undefined--
7.451 --undefined--
7.461 --undefined--
7.471 --undefined--
7.481 --undefined--
7.491 --undefined--
7.501 --undefined--
7.511 --undefined--
7.521 208.72974475996577
7.531 208.23547637679448
7.541 199.63927490586303
7.551 195.7472305222346
7.561 194.35097536136317
7.571 193.16474205575156
7.581 193.1698263857966
7.591 193.23530636675963
7.601 192.9979325546352
7.611 193.26801915177782
7.621 193.24549484700168
7.631 192.94294722146847
7.641 193.19059158395157
7.651 --undefined--
7.6610000000000005 --undefined--
7.671 --undefined--
7.681 --undefined--
7.691 --undefined--
7.701 --undefined--
7.711 --undefined--
7.721 --undefined--
7.731 --undefined--
7.741 --undefined--
7.751 --undefined--
7.761 --undefined--
7.771 --undefined--
7.781 233.5050224570935
7.791 221.2397415154164
7.801 222.13999546074714
7.811 219.09461612096118
7.821 220.46721086219222
7.831 209.69252954111343
7.841 211.78846941291914
7.851 215.5332321366446
7.861 215.28598113950127
7.871 213.16169290993108
7.881 210.0442141550624
7.891 204.92183035377766
7.901 202.37755867282144
7.9110000000000005 200.84868710759926
7.921 198.7914437791285
7.931 199.05009776938874
7.941 198.86666601668676
7.9510000000000005 197.96036077302375
7.961 196.5055576559778
7.971 196.0831319032544
7.981 195.7473830553097
7.991 196.33790014102667
8.001000000000001 196.16045975439286
8.011000000000001 195.59203435437394
8.021 195.6301494441147
8.031 195.31322874266974
8.041 194.46507706132704
8.051 193.7394813300246
8.061000000000002 194.10548316830074
8.071000000000002 193.85528995524353
8.081000000000001 193.47665688615172
8.091000000000001 192.9457909624333
8.101 191.51675346522515
8.111 191.16360759399183
8.121 191.6342524380096
8.131 192.7750479060861
8.141000000000002 195.39963832204344
8.151000000000002 195.13225260646465
8.161000000000001 193.85008132701316
8.171000000000001 --undefined--
8.181000000000001 --undefined--
8.191 --undefined--
8.201 --undefined--
8.211 --undefined--
8.221 --undefined--
8.231000000000002 --undefined--
8.241000000000001 --undefined--
8.251000000000001 --undefined--
8.261000000000001 --undefined--
8.271 307.36601174280526
8.281 301.71403282578217
8.291 293.74519712362127
8.301 291.2252463605359
8.311000000000002 290.69934000209406
8.321000000000002 290.89990031481125
8.331000000000001 292.643505242597
8.341000000000001 294.0564893993059
8.351 294.28371225604036
8.361 294.717654047285
8.371 295.562213174362
8.381 295.06367870182817
8.391000000000002 293.43311398966506
8.401000000000002 293.0212946432134
8.411000000000001 292.44653944712184
8.421000000000001 290.8800980916288
8.431000000000001 288.76435537656255
8.441 284.6740460104298
8.451 282.1541058335777
8.461 286.01436229694644
8.471 290.93255045502593
8.481000000000002 289.84685075764463
8.491000000000001 284.9895424393227
8.501000000000001 282.1292321787869
8.511000000000001 282.02428498538245
8.521 284.3596492907887
8.531 284.6449932862317
8.541 285.05136377012303
8.551 --undefined--
8.561000000000002 --undefined--
8.571000000000002 --undefined--
8.581000000000001 259.21974602798275
8.591000000000001 248.57950061371
8.601 237.91468384816977
8.611 229.86057058453454
8.621 226.45682276021859
8.631 224.06444844283493
8.641000000000002 222.1441675814996
8.651000000000002 217.9663123506497
8.661000000000001 216.59657684197896
8.671000000000001 216.23179823891152
8.681000000000001 215.8019177762133
8.691 214.20639564732505
8.701 213.31219643789692
8.711 212.61401766115475
8.721000000000002 210.7727597817055
8.731000000000002 210.21556745726787
8.741000000000001 210.17715884313003
8.751000000000001 209.51647066953427
8.761000000000001 211.71910015698793
8.771 209.99800523699065
8.781 206.05297145818741
8.791 207.24476682039716
8.801 207.1512983260826
8.811000000000002 206.92615978367428
8.821000000000002 206.2179317834556
8.831000000000001 205.36143304032203
8.841000000000001 204.26218743544152
8.851 203.08215083337265
8.861 202.6362633691571
8.871 202.29124533282442
8.881 201.16982538275758
8.891000000000002 199.75280684200035
8.901000000000002 199.35218888979043
8.911000000000001 198.43110106028027
8.921000000000001 197.70365850532502
8.931000000000001 197.2478240804563
8.941 196.60846246209323
8.951 196.3060933132434
8.961 196.5388468846159
8.971000000000002 196.66800207857887
8.981000000000002 197.05774804863387
8.991000000000001 197.69531036062455
9.001000000000001 197.3669256238724
9.011000000000001 196.82033978188656
9.021 196.94037022096623
9.031 197.31056205738764
9.041 197.35620410328656
9.051 198.75181894579245
9.061000000000002 199.0769590332117
9.071000000000002 198.3568215499851
9.081000000000001 198.3564562883313
9.091000000000001 --undefined--
9.101 --undefined--
9.111 --undefined--
9.121 --undefined--
9.131 --undefined--
9.141000000000002 --undefined--
9.151000000000002 --undefined--
9.161000000000001 --undefined--
9.171000000000001 --undefined--
9.181000000000001 --undefined--
9.191 --undefined--
9.201 --undefined--
9.211 --undefined--
9.221000000000002 --undefined--
9.231000000000002 --undefined--
9.241000000000001 --undefined--
9.251000000000001 --undefined--
9.261000000000001 --undefined--
9.271 --undefined--
9.281 --undefined--
9.291 --undefined--
9.301 --undefined--
9.311000000000002 --undefined--
9.321000000000002 --undefined--
9.331000000000001 --undefined--
9.341000000000001 --undefined--
9.351 --undefined--
9.361 --undefined--
9.371 --undefined--
9.381 --undefined--
9.391000000000002 --undefined--
9.401000000000002 --undefined--
9.411000000000001 --undefined--
9.421000000000001 --undefined--
9.431000000000001 --undefined--
9.441 --undefined--
9.451 320.4487001007665
9.461 321.0870799818238
9.471000000000002 325.19015408133566
9.481000000000002 333.88547110268655
9.491000000000001 344.53861311808856
9.501000000000001 345.5042184837565
9.511000000000001 325.60165733863886
9.521 334.2232948012002
9.531 344.1082480532731
9.541 --undefined--
9.551 --undefined--
9.561000000000002 --undefined--
9.571000000000002 --undefined--
9.581000000000001 --undefined--
9.591000000000001 --undefined--
9.601 --undefined--
9.611 --undefined--
9.621 --undefined--
9.631 --undefined--
9.641000000000002 348.92990527140944
9.651000000000002 360.307449021055
9.661000000000001 364.8914148584192
9.671000000000001 334.2227791180953
9.681000000000001 325.48648454750105
9.691 323.1713512483984
9.701 324.9100140794526
9.711 324.6070411505101
9.721000000000002 325.8399261941353
9.731000000000002 326.9042445449617
9.741000000000001 326.4773125475259
9.751000000000001 330.107536743772
9.761000000000001 337.3212489199793
9.771 344.20040554081595
9.781 342.50284760002853
9.791 341.9356470355781
9.801 340.46869781579187
9.811000000000002 337.6640279170211
9.821000000000002 334.17026334683425
9.831000000000001 334.4247201147218
9.841000000000001 332.1164786498811
9.851 337.7619196714598
9.861 338.2400654510538
9.871 341.2343811664709
9.881 342.4093973371815
9.891000000000002 341.2013065381769
9.901000000000002 339.7695795206642
9.911000000000001 343.6743490324036
9.921000000000001 343.4556630806713
9.931000000000001 330.29020728077984
9.941 323.4149188817023
9.951 286.57520241378666
9.961 277.802281766116
9.971000000000002 268.22263612063074
9.981000000000002 261.17214290174377
9.991000000000001 253.02045819987856
10.001000000000001 251.52326706704469
10.011000000000001 259.676103107443
10.021 284.3894159643372
10.031 272.25454711343
10.041 271.6908999746391
10.051 271.23556219001307
10.061000000000002 262.9618899516133
10.071000000000002 259.26351328914666
10.081000000000001 261.96111646046495
10.091000000000001 270.32304670569556
10.101 --undefined--
10.111 --undefined--
10.121 256.46462614599164
10.131 255.08856798118137
10.141000000000002 251.2055983376871
10.151000000000002 247.6601339636486
10.161000000000001 245.18916869545276
10.171000000000001 244.34717935306358
10.181000000000001 244.2143804306179
10.191 244.20891243951587
10.201 244.32388499031296
10.211 244.23513224901927
10.221000000000002 243.98781994731345
10.231000000000002 243.52979695190174
10.241000000000001 243.13912806700645
10.251000000000001 243.4515390695265
10.261000000000001 243.4438560869106
10.271 242.66472609853653
10.281 241.53824953097927
10.291 240.85912365849526
10.301 238.2722546661457
10.311000000000002 237.22387613579735
10.321000000000002 227.70592337121414
10.331000000000001 225.80117864973957
10.341000000000001 224.04222318833618
10.351 223.32286989085802
10.361 223.15447733998477
10.371 221.9766175022364
10.381 220.25297250699853
10.391000000000002 220.12713100263767
10.401000000000002 219.8739962204364
10.411000000000001 220.23332144212335
10.421000000000001 219.99412304360936
10.431000000000001 219.23594560895452
10.441 218.6738562979587
10.451 219.87544372820753
10.461 220.95740635308994
10.471000000000002 221.42413893608284
10.481000000000002 222.28293094488555
10.491000000000001 222.0678860641187
10.501000000000001 220.08054976493952
10.511000000000001 218.77817463800508
10.521 219.67568936428123
10.531 220.6809258686133
10.541 219.64257958567498
10.551 219.91480698008877
10.561000000000002 220.42562982224533
10.571000000000002 220.67927214581204
10.581000000000001 221.0427151963548
10.591000000000001 110.15249797507222
10.601 110.82526352195909
10.611 110.4965144137456
10.621 110.79651910604315
10.631 110.58130710078402
10.641000000000002 110.29506947053014
10.651000000000002 109.91747251843812
10.661000000000001 110.20730852245451
10.671000000000001 110.27086859436233
10.681000000000001 110.00755841514845
10.691 109.59822200196606
10.701 109.72413651444664
10.711 --undefined--
10.721000000000002 268.92258232505503
10.731000000000002 270.36346365037133
10.741000000000001 275.88772263804975
10.751000000000001 274.77951322165165
10.761000000000001 274.6371159678521
10.771 273.9585052221861
10.781 275.75315747761516
10.791 275.0443585872033
10.801 273.33987961265063
10.811000000000002 274.24486501257314
10.821000000000002 283.1630089249381
10.831000000000001 294.59323670717333
10.841000000000001 298.0123614558952
10.851 296.35705162687515
10.861 295.1840741966332
10.871 292.3321793780885
10.881 291.6335541461677
10.891000000000002 284.9333206730047
10.901000000000002 277.50840336181017
10.911000000000001 275.6269299471002
10.921000000000001 273.1567450730836
10.931000000000001 271.0539613937028
10.941 270.6423942507274
10.951 271.54326627611147
10.961 272.4788290158544
10.971000000000002 272.74492096600824
10.981000000000002 271.9583042709517
10.991000000000001 270.80162515641643
11.001000000000001 270.58031599837443
11.011000000000001 269.93698316807854
11.021 269.1314883549798
11.031 270.25285729976457
11.041 270.4386127376737
11.051 270.358611904885
11.061000000000002 270.2273913734381
11.071000000000002 272.6127914059526
11.081000000000001 276.88717172699035
11.091000000000001 271.67006178905643
11.101 268.19427351797
11.111 268.48670695357004
11.121 267.1077183735877
11.131 268.3229324190879
11.141000000000002 269.3854221163813
11.151000000000002 268.83052552151526
11.161000000000001 263.3279107561436
11.171000000000001 275.17802432500184
11.181000000000001 275.85148715385566
11.191 268.3447717407953
11.201 268.94870258242355
11.211 276.3710151635167
11.221000000000002 274.2834734228567
11.231000000000002 270.80452694648926
11.241000000000001 264.0794759392863
11.251000000000001 258.23322165707776
11.261000000000001 251.80646191870247
11.271 248.665909307165
11.281 243.7272072734961
11.291 242.78881517225628
11.301 242.41031725800116
11.311000000000002 240.7554717188092
11.321000000000002 240.54271518184615
11.331000000000001 239.2648168311416
11.341000000000001 237.87556424890812
11.351 237.43077477264075
11.361 237.08616012830385
11.371 236.02247228442653
11.381 236.32177718879362
11.391000000000002 237.44104870628883
11.401000000000002 237.40345382171878
11.411000000000001 237.60935957974993
11.421000000000001 237.4736079233301
11.431000000000001 238.48748414160178
11.441 238.63511746424487
11.451 241.49996552302449
11.461 --undefined--
11.471000000000002 --undefined--
11.481000000000002 --undefined--
11.491000000000001 --undefined--
11.501000000000001 --undefined--
11.511000000000001 --undefined--
11.521 --undefined--
11.531 --undefined--
11.541 246.80607081700623
11.551 237.8592457732452
11.561000000000002 227.264236734883
11.571000000000002 221.12928280955
11.581000000000001 214.79688831529347
11.591000000000001 207.28865402682732
11.601 201.26413951046078
11.611 200.54306359286423
11.621 200.3731998014418
11.631 197.03623245895582
11.641000000000002 196.86888179092864
11.651000000000002 --undefined--
11.661000000000001 --undefined--
11.671000000000001 --undefined--
11.681000000000001 --undefined--
11.691 --undefined--
11.701 --undefined--
11.711 --undefined--
11.721000000000002 192.34777407233767
11.731000000000002 192.13916476968893
11.741000000000001 188.84719309683777
11.751000000000001 188.3995081012213
11.761000000000001 186.75663307458652
11.771 188.15269182266175
11.781 186.2455689215195
11.791 187.55893198197927
11.801 190.03960924803303
11.811000000000002 --undefined--
11.821000000000002 --undefined--
11.831000000000001 --undefined--
11.841000000000001 --undefined--
11.851 --undefined--
11.861 --undefined--
11.871 --undefined--
11.881 --undefined--
11.891000000000002 --undefined--
11.901000000000002 --undefined--
11.911000000000001 --undefined--
11.921000000000001 --undefined--
11.931000000000001 --undefined--
11.941 --undefined--
11.951 --undefined--
11.961 --undefined--
11.971000000000002 --undefined--
11.981000000000002 313.13687288092757
11.991000000000001 302.0007827130381
12.001000000000001 298.53109684070705
12.011000000000001 296.31009427092823
12.021 298.02070259194005
12.031 300.8865168417964
12.041 302.93609316131534
12.051000000000002 304.72414886041753
12.061000000000002 304.0160532860638
12.071000000000002 300.629298702383
12.081000000000001 296.4332210609377
12.091000000000001 295.26954052188887
12.101 292.57256208318375
12.111 290.547476170872
12.121 289.09938878656556
12.131 288.1533014141737
12.141000000000002 286.3382879510184
12.151000000000002 284.3487871550273
12.161000000000001 282.85591938738213
12.171000000000001 281.4125347503428
12.181000000000001 279.0712829474196
12.191 277.7753611852632
12.201 277.8231786229951
12.211 277.722984490843
12.221000000000002 276.37757271615163
12.231000000000002 275.45207412065787
12.241000000000001 273.98932457691075
12.251000000000001 272.75927439956655
12.261000000000001 271.82001181315434
12.271 272.792589792379
12.281 273.58137379820994
12.291 274.2689015236216
12.301000000000002 273.58569313543853
12.311000000000002 272.93720245911004
12.321000000000002 270.82997629207006
12.331000000000001 270.16874659811987
12.341000000000001 272.21200006540437
12.351 273.83495858036383
12.361 273.501215732838
12.371 272.78309793444464
12.381 273.61131028611135
12.391000000000002 277.11596729677854
12.401000000000002 277.1175935895363
12.411000000000001 --undefined--
12.421000000000001 --undefined--
12.431000000000001 --undefined--
12.441 --undefined--
12.451 --undefined--
12.461 226.42088252378184
12.471000000000002 221.06171095293905
12.481000000000002 211.2260806035841
12.491000000000001 210.33332295110475
12.501000000000001 210.43328878726004
12.511000000000001 210.79161411068498
12.521 210.40884941588632
12.531 209.56832263157838
12.541 201.60211100814345
12.551000000000002 192.74202405429588
12.561000000000002 192.48695394732454
12.571000000000002 194.21492922955474
12.581000000000001 195.38664516829238
12.591000000000001 195.74926995355287
12.601 195.37281866110746
12.611 194.99174492703295
12.621 195.63159818459215
12.631 196.03835986986448
12.641000000000002 196.97524393994485
12.651000000000002 197.11285368664224
12.661000000000001 196.82076080625927
12.671000000000001 196.00982301750497
12.681000000000001 195.90184789755642
12.691 --undefined--
12.701 --undefined--
12.711 --undefined--
12.721000000000002 --undefined--
12.731000000000002 --undefined--
12.741000000000001 --undefined--
12.751000000000001 --undefined--
12.761000000000001 --undefined--
12.771 --undefined--
12.781 --undefined--
12.791 --undefined--
12.801000000000002 397.14260159240774
12.811000000000002 393.0735746378656
12.821000000000002 --undefined--
12.831000000000001 --undefined--
12.841000000000001 --undefined--
12.851 --undefined--
12.861 --undefined--
12.871 --undefined--
12.881 --undefined--
12.891000000000002 --undefined--
12.901000000000002 --undefined--
12.911000000000001 --undefined--
12.921000000000001 --undefined--
12.931000000000001 --undefined--
12.941 --undefined--
12.951 --undefined--
12.961 --undefined--
12.971000000000002 --undefined--
12.981000000000002 --undefined--
12.991000000000001 --undefined--
13.001000000000001 --undefined--
13.011000000000001 --undefined--
13.021 --undefined--
13.031 --undefined--
13.041 --undefined--
13.051000000000002 --undefined--
13.061000000000002 --undefined--
13.071000000000002 --undefined--
13.081000000000001 --undefined--
13.091000000000001 --undefined--
13.101 --undefined--
13.111 --undefined--
13.121 209.1290505372078
13.131 198.51257705130288
13.141000000000002 196.70436904948403
13.151000000000002 193.90426786661462
13.161000000000001 191.83960503986867
13.171000000000001 191.57682982809504
13.181000000000001 192.45187367689414
13.191 193.44103781996057
13.201 194.05032600247256
13.211 194.67637009116666
13.221000000000002 194.79962393132027
13.231000000000002 193.60084726477325
13.241000000000001 195.24895508026242
13.251000000000001 195.87316690810906
13.261000000000001 198.17223892498828
13.271 198.96205997310423
13.281 196.02827896673952
13.291 193.31798598474774
13.301000000000002 196.61097593963916
13.311000000000002 --undefined--
13.321000000000002 --undefined--
13.331000000000001 --undefined--
13.341000000000001 --undefined--
13.351 --undefined--
13.361 --undefined--
13.371 --undefined--
13.381 180.44293780767643
13.391000000000002 179.26113036477133
13.401000000000002 180.15175901905326
13.411000000000001 181.43994068769015
13.421000000000001 182.0180779611609
13.431000000000001 181.2690600784535
13.441 181.96332183644353
13.451 181.47720725309742
13.461 182.30976927062363
13.471000000000002 --undefined--
13.481000000000002 --undefined--
13.491000000000001 --undefined--
13.501000000000001 --undefined--
13.511000000000001 --undefined--
13.521 --undefined--
13.531 --undefined--
13.541 --undefined--
13.551000000000002 --undefined--
13.561000000000002 --undefined--
13.571000000000002 --undefined--
13.581000000000001 --undefined--
13.591000000000001 --undefined--
13.601 --undefined--
13.611 --undefined--
13.621 --undefined--
13.631 --undefined--
13.641000000000002 185.66984860721624
13.651000000000002 186.90693167758118
13.661000000000001 187.38567437124942
13.671000000000001 187.5493932022723
13.681000000000001 187.44353501635572
13.691 187.09956488118777
13.701 186.049303127595
13.711 185.0293872845683
13.721000000000002 185.05684121230442
13.731000000000002 185.12169055576106
13.741000000000001 185.332174652945
13.751000000000001 185.8271999996794
13.761000000000001 186.2169182762446
13.771 186.38427137959857
13.781 186.10239193560037
13.791 185.57683715251855
13.801000000000002 185.2704587841929
13.811000000000002 185.84637241771705
13.821000000000002 185.77460339104252
13.831000000000001 --undefined--
13.841000000000001 --undefined--
13.851 --undefined--
13.861 --undefined--
13.871 --undefined--
13.881 --undefined--
13.891000000000002 --undefined--
13.901000000000002 --undefined--
13.911000000000001 --undefined--
13.921000000000001 --undefined--
13.931000000000001 --undefined--
13.941 --undefined--
13.951 --undefined--
13.961 186.70920099900448
13.971000000000002 186.74996300644452
13.981000000000002 186.78431430590607
13.991000000000001 187.40434725749628
14.001000000000001 189.40481865278903
14.011000000000001 192.8907972613041
14.021 194.264438976194
14.031 194.00835143841783
14.041 187.5823947195232
14.051000000000002 187.26218804743849
14.061000000000002 188.11748809102968
14.071000000000002 189.01001016305779
14.081000000000001 189.37212361193323
14.091000000000001 196.17284062914624
14.101 --undefined--
14.111 --undefined--
14.121 --undefined--
14.131 --undefined--
14.141000000000002 --undefined--
14.151000000000002 --undefined--
14.161000000000001 --undefined--
14.171000000000001 --undefined--
14.181000000000001 217.8704088036759
14.191 218.1702661180448
14.201 217.55748557733511
14.211 217.6465664069389
14.221000000000002 219.60040071999595
14.231000000000002 220.08169610619598
14.241000000000001 231.65867000284354
14.251000000000001 242.62116010790658
14.261000000000001 254.94548197525214
14.271 259.58624690288633
14.281 261.14121414532434
14.291 262.94238430498615
14.301000000000002 262.9698539462674
14.311000000000002 264.97095154029006
14.321000000000002 265.3250979863835
14.331000000000001 261.9693554369097
14.341000000000001 261.0991815839212
14.351 260.8260266265638
14.361 260.41558516404865
14.371 258.6873214792579
14.381 256.74574256367555
14.391000000000002 248.52022078932552
14.401000000000002 237.6631220084612
14.411000000000001 231.87036326640583
14.421000000000001 228.38082093386393
14.431000000000001 225.89409988120548
14.441 224.01050225672384
14.451 222.75717348427477
14.461 223.68838277054425
14.471000000000002 227.67128518661175
14.481000000000002 226.0995516961547
14.491000000000001 224.62617123932455
14.501000000000001 224.35207248394394
14.511000000000001 222.80014164543695
14.521 222.86166097563725
14.531 223.39069377762303
14.541 224.68655276633962
14.551000000000002 225.45521152423302
14.561000000000002 --undefined--
14.571000000000002 --undefined--
14.581000000000001 --undefined--
14.591000000000001 --undefined--
14.601 --undefined--
14.611 --undefined--
14.621 241.0869686273569
14.631 246.51615524751838
14.641000000000002 238.8110614306817
14.651000000000002 222.88503178564466
14.661000000000001 208.56279701673262
14.671000000000001 199.63261733492917
14.681000000000001 198.77827612712213
14.691 198.54499004062944
14.701 196.78224522110182
14.711 199.6045118780914
14.721000000000002 200.72653083143905
14.731000000000002 198.78090089391034
14.741000000000001 193.53935262882854
14.751000000000001 191.72914214227066
14.761000000000001 --undefined--
14.771 --undefined--
14.781 --undefined--
14.791 --undefined--
14.801000000000002 --undefined--
14.811000000000002 92.46204849613179
14.821000000000002 94.50739389105644
14.831000000000001 91.15055232274807
14.841000000000001 89.2885146261392
14.851 --undefined--
14.861 --undefined--
14.871 --undefined--
14.881 --undefined--
14.891000000000002 --undefined--
14.901000000000002 --undefined--
14.911000000000001 --undefined--
14.921000000000001 --undefined--
14.931000000000001 183.0394385788485
14.941 183.43488059306787
14.951 183.3249147390546
14.961 182.60828346913567
14.971000000000002 180.3278830419293
14.981000000000002 179.0260237571708
14.991000000000001 178.8514083280345
15.001000000000001 178.93016013259185
15.011000000000001 179.71520381199454
15.021 180.084061216412
15.031 --undefined--
15.041 --undefined--
15.051000000000002 181.2025210318962
15.061000000000002 179.38548274976347
15.071000000000002 178.71533323341424
15.081000000000001 177.6341930127815
15.091000000000001 131.51341432400176
15.101 131.3752177283507
15.111 --undefined--
15.121 --undefined--
15.131 --undefined--
15.141000000000002 --undefined--
15.151000000000002 --undefined--
15.161000000000001 --undefined--
15.171000000000001 --undefined--
15.181000000000001 --undefined--
15.191 --undefined--
15.201 --undefined--
15.211 --undefined--
15.221000000000002 --undefined--
15.231000000000002 --undefined--
15.241000000000001 --undefined--
15.251000000000001 --undefined--
15.261000000000001 --undefined--
15.271 --undefined--
15.281 --undefined--
15.291 --undefined--
15.301000000000002 --undefined--
15.311000000000002 --undefined--
15.321000000000002 --undefined--
15.331000000000001 --undefined--
15.341000000000001 --undefined--
15.351 --undefined--
15.361 --undefined--
15.371 --undefined--
15.381 --undefined--
15.391000000000002 --undefined--
15.401000000000002 --undefined--
15.411000000000001 --undefined--
15.421000000000001 --undefined--
15.431000000000001 --undefined--
15.441 --undefined--
15.451 --undefined--
15.461 --undefined--
15.471000000000002 --undefined--
15.481000000000002 --undefined--
15.491000000000001 --undefined--
15.501000000000001 --undefined--
15.511000000000001 --undefined--
15.521 --undefined--
15.531 --undefined--
15.541 --undefined--
15.551000000000002 --undefined--
15.561000000000002 --undefined--
15.571000000000002 --undefined--
15.581000000000001 --undefined--
15.591000000000001 --undefined--
15.601 --undefined--
15.611 --undefined--
15.621 --undefined--
15.631000000000002 --undefined--
15.641000000000002 --undefined--
15.651000000000002 328.356683724893
15.661000000000001 330.41610849016956
15.671000000000001 329.79935056294005
15.681000000000001 322.368857983749
15.691 317.3083132754174
15.701 319.26361439157887
15.711 --undefined--
15.721000000000002 --undefined--
15.731000000000002 --undefined--
15.741000000000001 --undefined--
15.751000000000001 --undefined--
15.761000000000001 --undefined--
15.771 --undefined--
15.781 --undefined--
15.791 --undefined--
15.801000000000002 --undefined--
15.811000000000002 --undefined--
15.821000000000002 --undefined--
15.831000000000001 --undefined--
15.841000000000001 --undefined--
15.851 --undefined--
15.861 --undefined--
15.871 --undefined--
15.881000000000002 --undefined--
15.891000000000002 --undefined--
15.901000000000002 303.1938070269722
15.911000000000001 301.69453678514594
15.921000000000001 291.1555221285988
15.931000000000001 290.64370686988116
15.941 305.06922568857544
15.951 --undefined--
15.961 --undefined--
15.971000000000002 --undefined--
15.981000000000002 --undefined--
15.991000000000001 --undefined--
16.001 --undefined--
16.011 --undefined--
16.021 --undefined--
16.031000000000002 --undefined--
16.041 --undefined--
16.051000000000002 --undefined--
16.061 --undefined--
16.071 --undefined--
16.081 --undefined--
16.091 --undefined--
16.101000000000003 --undefined--
16.111 --undefined--
16.121000000000002 --undefined--
16.131 --undefined--
16.141000000000002 --undefined--
16.151 --undefined--
16.161 --undefined--
16.171 --undefined--
16.181 --undefined--
16.191000000000003 --undefined--
16.201 --undefined--
16.211000000000002 --undefined--
16.221 --undefined--
16.231 --undefined--
16.241 --undefined--
16.251 --undefined--
16.261000000000003 --undefined--
16.271 --undefined--
16.281000000000002 --undefined--
16.291 --undefined--
16.301000000000002 --undefined--
16.311 --undefined--
16.321 --undefined--
16.331 --undefined--
16.341 --undefined--
16.351000000000003 --undefined--
16.361 --undefined--
16.371000000000002 --undefined--
16.381 --undefined--
16.391000000000002 --undefined--
16.401 --undefined--
16.411 --undefined--
16.421 --undefined--
16.431 --undefined--
16.441000000000003 --undefined--
16.451 --undefined--
16.461000000000002 --undefined--
16.471 --undefined--
16.481 --undefined--
16.491 --undefined--
16.501 --undefined--
16.511000000000003 --undefined--
16.521 --undefined--
16.531000000000002 --undefined--
16.541 --undefined--
16.551000000000002 --undefined--
16.561 --undefined--
16.571 --undefined--
16.581 --undefined--
16.591 --undefined--
16.601000000000003 --undefined--
16.611 --undefined--
16.621000000000002 --undefined--
16.631 --undefined--
16.641000000000002 --undefined--
16.651 --undefined--
16.661 --undefined--
16.671 --undefined--
16.681 --undefined--
16.691000000000003 --undefined--
16.701 --undefined--
16.711000000000002 --undefined--
16.721 --undefined--
16.731 --undefined--
16.741 --undefined--
16.751 --undefined--
16.761000000000003 --undefined--
16.771 --undefined--
16.781000000000002 --undefined--
16.791 --undefined--
16.801000000000002 --undefined--
16.811 --undefined--
16.821 --undefined--
16.831 --undefined--
16.841 --undefined--
16.851000000000003 --undefined--
16.861 --undefined--
16.871000000000002 --undefined--
16.881 --undefined--
16.891000000000002 --undefined--
16.901 --undefined--
16.911 --undefined--
16.921 --undefined--
16.931 --undefined--
16.941000000000003 --undefined--
16.951 --undefined--
16.961000000000002 --undefined--
16.971 --undefined--
16.981 --undefined--
16.991 --undefined--
17.001 --undefined--
17.011000000000003 --undefined--
17.021 --undefined--
17.031000000000002 --undefined--
17.041 --undefined--
17.051000000000002 --undefined--
17.061 --undefined--
17.071 --undefined--
17.081 --undefined--
17.091 --undefined--
17.101000000000003 --undefined--
17.111 --undefined--
17.121000000000002 --undefined--
17.131 --undefined--
17.141000000000002 --undefined--
17.151 --undefined--
17.161 --undefined--
17.171000000000003 --undefined--
17.181 --undefined--
17.191000000000003 --undefined--
17.201 --undefined--
17.211000000000002 --undefined--
17.221 --undefined--
17.231 --undefined--
17.241 --undefined--
17.251 --undefined--
17.261000000000003 --undefined--
17.271 --undefined--
17.281000000000002 --undefined--
17.291 --undefined--
17.301000000000002 --undefined--
17.311 --undefined--
17.321 --undefined--
17.331 --undefined--
17.341 --undefined--
17.351000000000003 --undefined--
17.361 --undefined--
17.371000000000002 --undefined--
17.381 --undefined--
17.391000000000002 --undefined--
17.401 --undefined--
17.411 --undefined--
17.421000000000003 --undefined--
17.431 --undefined--
17.441000000000003 --undefined--
17.451 --undefined--
17.461000000000002 --undefined--
17.471 --undefined--
17.481 --undefined--
17.491 --undefined--
17.501 --undefined--
17.511000000000003 --undefined--
17.521 --undefined--
17.531000000000002 --undefined--
17.541 --undefined--
17.551000000000002 --undefined--
17.561 --undefined--
17.571 --undefined--
17.581 --undefined--
17.591 --undefined--
17.601000000000003 --undefined--
17.611 --undefined--
17.621000000000002 --undefined--
17.631 --undefined--
17.641000000000002 --undefined--
17.651 --undefined--
17.661 --undefined--
17.671000000000003 --undefined--
17.681 --undefined--
17.691000000000003 --undefined--
17.701 --undefined--
17.711000000000002 --undefined--
17.721 --undefined--
17.731 --undefined--
17.741 --undefined--
17.751 --undefined--
17.761000000000003 --undefined--
17.771 --undefined--
17.781000000000002 --undefined--
17.791 --undefined--
17.801000000000002 --undefined--
17.811 --undefined--
17.821 --undefined--
17.831 --undefined--
17.841 --undefined--
17.851000000000003 --undefined--
17.861 --undefined--
17.871000000000002 --undefined--
17.881 --undefined--
17.891000000000002 --undefined--
17.901 --undefined--
17.911 --undefined--
17.921000000000003 --undefined--
17.931 --undefined--
17.941000000000003 --undefined--
17.951 --undefined--
17.961000000000002 --undefined--
17.971 --undefined--
17.981 --undefined--
17.991 --undefined--
18.001 --undefined--
18.011000000000003 --undefined--
18.021 --undefined--
18.031000000000002 --undefined--
18.041 --undefined--
18.051000000000002 --undefined--
18.061 --undefined--
18.071 --undefined--
18.081 --undefined--
18.091 --undefined--
18.101000000000003 --undefined--
18.111 --undefined--
18.121000000000002 --undefined--
18.131 --undefined--
18.141000000000002 --undefined--
18.151 --undefined--
18.161 --undefined--
18.171000000000003 --undefined--
18.181 --undefined--
18.191000000000003 --undefined--
18.201 --undefined--
18.211000000000002 --undefined--
18.221 --undefined--
18.231 --undefined--
18.241 --undefined--
18.251 --undefined--
18.261000000000003 --undefined--
18.271 --undefined--
18.281000000000002 --undefined--
18.291 --undefined--
18.301000000000002 --undefined--
18.311 --undefined--
18.321 --undefined--
18.331 --undefined--
