mean: 269.0607750286882 std: 82.5660525672614 duration: 4.8761875
0.023093750000000243 --undefined--
0.03309375000000024 --undefined--
0.04309375000000024 --undefined--
0.053093750000000245 --undefined--
0.06309375000000024 --undefined--
0.07309375000000025 --undefined--
0.08309375000000024 --undefined--
0.09309375000000025 --undefined--
0.10309375000000025 --undefined--
0.11309375000000024 --undefined--
0.12309375000000025 223.01897353551638
0.13309375000000023 223.08308026292497
0.14309375000000024 221.10616254863092
0.15309375000000025 219.3874264961758
0.16309375000000026 219.76122419310903
0.17309375000000024 221.97142146037737
0.18309375000000025 218.92578880870045
0.19309375000000026 216.31042590595115
0.20309375000000024 213.77819241497184
0.21309375000000025 211.22390501202548
0.22309375000000026 208.45660933378198
0.23309375000000024 205.83107393163704
0.24309375000000025 202.33183964759553
0.25309375000000023 199.0758279093878
0.26309375000000024 196.20437575502564
0.27309375000000025 192.62046471637578
0.28309375000000025 189.70389780304822
0.29309375000000026 186.93160623192514
0.3030937500000003 184.4185439842703
0.3130937500000002 181.96350513821753
0.32309375000000023 179.87225928157656
0.33309375000000024 182.99994632912023
0.34309375000000025 184.34198896684887
0.35309375000000026 184.65684797275281
0.36309375000000027 185.97745937960804
0.3730937500000003 188.37107697191072
0.38309375000000023 187.58598521873165
0.39309375000000024 184.53156586746343
0.40309375000000025 179.56135688823178
0.41309375000000026 --undefined--
0.42309375000000027 --undefined--
0.4330937500000003 --undefined--
0.44309375000000023 --undefined--
0.45309375000000024 --undefined--
0.46309375000000025 --undefined--
0.47309375000000026 --undefined--
0.48309375000000027 --undefined--
0.4930937500000003 --undefined--
0.5030937500000002 263.98594555787116
0.5130937500000002 266.7854150039856
0.5230937500000002 265.8270568774465
0.5330937500000003 --undefined--
0.5430937500000003 --undefined--
0.5530937500000003 --undefined--
0.5630937500000003 --undefined--
0.5730937500000003 --undefined--
0.5830937500000003 --undefined--
0.5930937500000003 --undefined--
0.6030937500000002 --undefined--
0.6130937500000002 --undefined--
0.6230937500000002 --undefined--
0.6330937500000002 --undefined--
0.6430937500000002 --undefined--
0.6530937500000003 --undefined--
0.6630937500000003 --undefined--
0.6730937500000003 --undefined--
0.6830937500000003 --undefined--
0.6930937500000003 --undefined--
0.7030937500000003 --undefined--
0.7130937500000003 --undefined--
0.7230937500000003 --undefined--
0.7330937500000002 --undefined--
0.7430937500000002 --undefined--
0.7530937500000002 --undefined--
0.7630937500000002 --undefined--
0.7730937500000002 --undefined--
0.7830937500000003 --undefined--
0.7930937500000003 --undefined--
0.8030937500000003 --undefined--
0.8130937500000003 --undefined--
0.8230937500000003 --undefined--
0.8330937500000003 --undefined--
0.8430937500000003 --undefined--
0.8530937500000003 --undefined--
0.8630937500000002 --undefined--
0.8730937500000002 --undefined--
0.8830937500000002 --undefined--
0.8930937500000002 --undefined--
0.9030937500000003 --undefined--
0.9130937500000003 --undefined--
0.9230937500000003 --undefined--
0.9330937500000003 --undefined--
0.9430937500000003 --undefined--
0.9530937500000003 --undefined--
0.9630937500000003 --undefined--
0.9730937500000003 --undefined--
0.9830937500000002 --undefined--
0.9930937500000002 --undefined--
1.0030937500000001 --undefined--
1.0130937500000001 --undefined--
1.0230937500000001 --undefined--
1.0330937500000001 --undefined--
1.0430937500000002 --undefined--
1.0530937500000002 --undefined--
1.0630937500000002 --undefined--
1.0730937500000002 --undefined--
1.0830937500000002 --undefined--
1.0930937500000002 --undefined--
1.1030937500000002 --undefined--
1.1130937500000002 --undefined--
1.1230937500000002 --undefined--
1.1330937500000002 --undefined--
1.1430937500000002 --undefined--
1.1530937500000003 --undefined--
1.1630937500000003 --undefined--
1.1730937500000003 --undefined--
1.18309375 --undefined--
1.19309375 --undefined--
1.20309375 494.1821083982945
1.21309375 --undefined--
1.22309375 --undefined--
1.23309375 --undefined--
1.24309375 --undefined--
1.2530937500000001 --undefined--
1.2630937500000001 --undefined--
1.2730937500000001 --undefined--
1.2830937500000001 --undefined--
1.2930937500000002 --undefined--
1.3030937500000002 --undefined--
1.3130937500000002 --undefined--
1.3230937500000002 353.89624481347505
1.3330937500000002 354.83669231897073
1.3430937500000002 365.35278876043725
1.3530937500000002 374.92020798194227
1.3630937500000002 375.88681455885165
1.3730937500000002 376.2901819996563
1.3830937500000002 372.5269415545835
1.3930937500000002 365.595529824277
1.4030937500000003 356.21656960186425
1.4130937500000003 351.3941675631054
1.4230937500000003 343.81725100391776
1.43309375 337.18719140491055
1.44309375 331.9531756719201
1.45309375 328.98061055660503
1.46309375 329.2516739138941
1.47309375 333.428075231236
1.48309375 361.0048103834957
1.49309375 366.40633186341313
1.5030937500000001 362.5636753652972
1.5130937500000001 349.35555555540725
1.5230937500000001 316.4835789973805
1.5330937500000001 312.95161160473793
1.5430937500000002 334.04895949257985
1.5530937500000002 336.2060026823566
1.5630937500000002 337.45437493949794
1.5730937500000002 353.032595971576
1.5830937500000002 357.6685144411168
1.5930937500000002 363.66065970085907
1.6030937500000002 367.2407549534106
1.6130937500000002 366.9507081952112
1.6230937500000002 353.21750139641176
1.6330937500000002 335.5508004936138
1.6430937500000002 335.725069772441
1.6530937500000003 320.8320342131592
1.6630937500000003 318.2234448046486
1.6730937500000003 317.95812040711724
1.6830937500000003 317.42743365067577
1.69309375 324.9332371311859
1.70309375 326.3776090860117
1.71309375 322.6855317970278
1.72309375 313.0755288757225
1.73309375 294.57953807647556
1.74309375 278.33909253942426
1.7530937500000001 265.4403395430391
1.7630937500000001 255.16266325294882
1.7730937500000001 245.10833612557423
1.7830937500000001 234.87504666588734
1.7930937500000002 219.89245352415318
1.8030937500000002 219.90885220692581
1.8130937500000002 --undefined--
1.8230937500000002 --undefined--
1.8330937500000002 --undefined--
1.8430937500000002 --undefined--
1.8530937500000002 --undefined--
1.8630937500000002 --undefined--
1.8730937500000002 --undefined--
1.8830937500000002 --undefined--
1.8930937500000002 --undefined--
1.9030937500000003 --undefined--
1.9130937500000003 --undefined--
1.9230937500000003 228.63009719195423
1.9330937500000003 223.4021175687484
1.94309375 217.54279932726064
1.95309375 204.5635541591893
1.96309375 193.70341480645394
1.97309375 183.73777216270668
1.98309375 174.40019130774024
1.99309375 174.79068679466045
2.00309375 176.5546714176357
2.0130937500000003 176.28826678578164
2.02309375 176.22627981601946
2.0330937500000004 --undefined--
2.04309375 --undefined--
2.0530937500000004 --undefined--
2.06309375 --undefined--
2.07309375 --undefined--
2.08309375 --undefined--
2.09309375 --undefined--
2.10309375 --undefined--
2.11309375 --undefined--
2.1230937500000002 --undefined--
2.13309375 --undefined--
2.1430937500000002 --undefined--
2.15309375 --undefined--
2.1630937500000003 --undefined--
2.17309375 --undefined--
2.1830937500000003 --undefined--
2.19309375 --undefined--
2.2030937500000003 --undefined--
2.21309375 469.42780081305386
2.2230937500000003 469.4450643303479
2.23309375 466.16798209476116
2.2430937500000003 --undefined--
2.25309375 --undefined--
2.2630937500000003 --undefined--
2.27309375 --undefined--
2.2830937500000004 --undefined--
2.29309375 --undefined--
2.3030937500000004 --undefined--
2.31309375 --undefined--
2.3230937500000004 --undefined--
2.33309375 --undefined--
2.34309375 --undefined--
2.35309375 --undefined--
2.36309375 --undefined--
2.3730937500000002 --undefined--
2.38309375 --undefined--
2.3930937500000002 --undefined--
2.40309375 --undefined--
2.4130937500000003 --undefined--
2.42309375 --undefined--
2.4330937500000003 --undefined--
2.44309375 --undefined--
2.4530937500000003 --undefined--
2.46309375 --undefined--
2.4730937500000003 --undefined--
2.48309375 --undefined--
2.4930937500000003 --undefined--
2.50309375 --undefined--
2.5130937500000003 --undefined--
2.52309375 --undefined--
2.5330937500000004 --undefined--
2.54309375 --undefined--
2.5530937500000004 --undefined--
2.56309375 --undefined--
2.5730937500000004 --undefined--
2.58309375 --undefined--
2.59309375 --undefined--
2.60309375 --undefined--
2.61309375 --undefined--
2.6230937500000002 --undefined--
2.63309375 --undefined--
2.6430937500000002 --undefined--
2.65309375 --undefined--
2.6630937500000003 --undefined--
2.67309375 --undefined--
2.6830937500000003 --undefined--
2.69309375 --undefined--
2.7030937500000003 251.8286278813991
2.71309375 249.64353813411654
2.7230937500000003 241.66112779751032
2.73309375 233.46454206606654
2.7430937500000003 222.95865233979944
2.75309375 218.5158033108401
2.7630937500000003 217.90943963584104
2.77309375 217.27511922784618
2.7830937500000004 217.189926118453
2.79309375 217.20722178110404
2.8030937500000004 218.17409192080206
2.81309375 219.57353699689062
2.8230937500000004 220.72790720340396
2.83309375 220.2032006850833
2.84309375 217.51201760286057
2.85309375 214.51537483127788
2.86309375 211.8911432397407
2.8730937500000002 209.3036757699745
2.88309375 206.32477257473747
2.8930937500000002 202.5505701111877
2.90309375 200.71108454597038
2.9130937500000003 200.79124795467303
2.92309375 201.06905777299656
2.9330937500000003 201.58042347460335
2.94309375 201.11788974612404
2.9530937500000003 200.405034311146
2.96309375 199.38373984903305
2.9730937500000003 198.67111064723449
2.98309375 197.57293361362764
2.9930937500000003 --undefined--
3.00309375 --undefined--
3.0130937500000003 --undefined--
3.02309375 --undefined--
3.0330937500000004 --undefined--
3.04309375 --undefined--
3.0530937500000004 --undefined--
3.06309375 --undefined--
3.0730937500000004 --undefined--
3.08309375 --undefined--
3.0930937500000004 --undefined--
3.10309375 --undefined--
3.11309375 --undefined--
3.1230937500000002 --undefined--
3.13309375 --undefined--
3.1430937500000002 --undefined--
3.15309375 205.4111365140205
3.1630937500000003 213.56275687946555
3.17309375 210.43172783818167
3.1830937500000003 204.15294602306315
3.19309375 198.58057359569662
3.2030937500000003 198.6014814791575
3.21309375 200.1835928890067
3.2230937500000003 202.381170671966
3.23309375 203.5562489397134
3.2430937500000003 204.2731899253941
3.25309375 205.85877602940116
3.2630937500000003 208.08618318114554
3.27309375 209.24689806964733
3.2830937500000004 209.11532414779026
3.29309375 208.68917597789616
3.3030937500000004 208.6794532223626
3.31309375 208.4436063294807
3.3230937500000004 207.99596494306655
3.33309375 208.70101391923012
3.3430937500000004 210.7344365315685
3.35309375 212.64168906764576
3.36309375 216.20855411620693
3.3730937500000002 223.4931699715683
3.38309375 231.2626837759847
3.3930937500000002 233.97807044383015
3.40309375 235.4934941955514
3.4130937500000003 237.0626124723788
3.42309375 237.76780496633762
3.4330937500000003 237.0788151885124
3.44309375 236.77502607035393
3.4530937500000003 236.86034317958357
3.46309375 235.79925871213464
3.4730937500000003 235.25537547321122
3.48309375 236.10407701169467
3.4930937500000003 236.84723428984495
3.50309375 237.88021662811093
3.5130937500000003 239.96296012717747
3.52309375 241.79192679084298
3.5330937500000004 240.9140543737908
3.54309375 240.11307115962978
3.5530937500000004 240.11155697398667
3.56309375 240.04555157618086
3.5730937500000004 228.01866442639283
3.58309375 229.52847254827722
3.5930937500000004 --undefined--
3.60309375 --undefined--
3.61309375 --undefined--
3.6230937500000002 --undefined--
3.63309375 --undefined--
3.6430937500000002 --undefined--
3.65309375 --undefined--
3.6630937500000003 236.87475225072444
3.67309375 238.41701192505454
3.6830937500000003 246.5324975957844
3.69309375 248.4311509117809
3.7030937500000003 249.71115868972186
3.71309375 252.11799722729336
3.7230937500000003 252.84812303358518
3.73309375 250.62867345245644
3.7430937500000003 248.43897571766237
3.75309375 246.61275802039276
3.7630937500000003 245.15841593244608
3.77309375 243.7971796227397
3.7830937500000004 246.13843466098174
3.79309375 250.6038839019795
3.8030937500000004 248.62656969173074
3.81309375 --undefined--
3.8230937500000004 --undefined--
3.83309375 --undefined--
3.8430937500000004 --undefined--
3.85309375 --undefined--
3.86309375 --undefined--
3.8730937500000002 --undefined--
3.88309375 --undefined--
3.8930937500000002 --undefined--
3.90309375 --undefined--
3.9130937500000003 --undefined--
3.92309375 --undefined--
3.9330937500000003 --undefined--
3.94309375 --undefined--
3.9530937500000003 --undefined--
3.96309375 --undefined--
3.9730937500000003 --undefined--
3.98309375 --undefined--
3.9930937500000003 --undefined--
4.003093750000001 --undefined--
4.01309375 --undefined--
4.02309375 --undefined--
4.03309375 --undefined--
4.043093750000001 --undefined--
4.05309375 --undefined--
4.06309375 --undefined--
4.07309375 --undefined--
4.083093750000001 --undefined--
4.09309375 --undefined--
4.10309375 --undefined--
4.11309375 --undefined--
4.12309375 312.24828714593764
4.1330937500000005 321.8288490539966
4.14309375 332.70593727515745
4.15309375 343.8676131132962
4.16309375 352.98750388358116
4.1730937500000005 361.4838561354625
4.18309375 367.67066604205337
4.19309375 368.1834650195034
4.20309375 362.0575661321112
4.2130937500000005 --undefined--
4.22309375 --undefined--
4.23309375 --undefined--
4.24309375 --undefined--
4.253093750000001 --undefined--
4.26309375 438.81062575975824
4.27309375 440.0061084139893
4.28309375 446.6437018826398
4.293093750000001 446.4336831486038
4.30309375 448.41865581091884
4.31309375 444.08699065246043
4.32309375 425.97396607912657
4.333093750000001 411.4521768838164
4.34309375 400.9485098836281
4.35309375 372.9572485508893
4.36309375 338.3785926956565
4.373093750000001 302.2041224411641
4.3830937500000005 278.3184855818012
4.39309375 256.037258779929
4.40309375 242.16777897135967
4.41309375 231.5749746816618
4.4230937500000005 207.34854485872432
4.43309375 194.6986882663699
4.44309375 189.7794728501631
4.45309375 188.41219657451097
4.4630937500000005 186.9954263289345
4.47309375 184.7789782450321
4.48309375 185.59932392795702
4.49309375 --undefined--
4.503093750000001 --undefined--
4.51309375 --undefined--
4.52309375 --undefined--
4.53309375 --undefined--
4.543093750000001 --undefined--
4.55309375 475.4690785649108
4.56309375 475.4585106598765
4.57309375 461.6060636388179
4.583093750000001 --undefined--
4.59309375 --undefined--
4.60309375 --undefined--
4.61309375 443.657490828179
4.623093750000001 442.7703008710566
4.6330937500000005 443.4603720190848
4.64309375 --undefined--
4.65309375 --undefined--
4.66309375 446.57382114938116
4.6730937500000005 447.8799554484816
4.68309375 --undefined--
4.69309375 --undefined--
4.70309375 --undefined--
4.7130937500000005 78.84985793146309
4.72309375 --undefined--
4.73309375 --undefined--
4.74309375 --undefined--
4.753093750000001 --undefined--
4.76309375 --undefined--
4.77309375 --undefined--
4.78309375 --undefined--
4.793093750000001 --undefined--
4.80309375 --undefined--
4.81309375 --undefined--
4.82309375 --undefined--
4.833093750000001 --undefined--
4.84309375 --undefined--
4.85309375 --undefined--
