Time_s   Intensity_dB
0.045010   9.969188
0.055677   9.954198
0.066344   9.528802
0.077010   9.431208
0.087677   10.089686
0.098344   10.549427
0.109010   10.132076
0.119677   9.838986
0.130344   10.398515
0.141010   10.716273
0.151677   10.672817
0.162344   10.385227
0.173010   9.395107
0.183677   9.013209
0.194344   12.504355
0.205010   18.159498
0.215677   28.404857
0.226344   37.893600
0.237010   47.905265
0.247677   56.578980
0.258344   64.185634
0.269010   70.082722
0.279677   74.036756
0.290344   77.159400
0.301010   80.450361
0.311677   83.125269
0.322344   84.623612
0.333010   85.431041
0.343677   85.184116
0.354344   84.288289
0.365010   83.983292
0.375677   84.028215
0.386344   84.206174
0.397010   84.091014
0.407677   83.208372
0.418344   82.650750
0.429010   82.849346
0.439677   82.678318
0.450344   82.307088
0.461010   81.877270
0.471677   80.959881
0.482344   79.692294
0.493010   78.576176
0.503677   77.529251
0.514344   76.702537
0.525010   75.562240
0.535677   75.323989
0.546344   75.571589
0.557010   75.120717
0.567677   75.008105
0.578344   74.914926
0.589010   74.553432
0.599677   74.221030
0.610344   73.283380
0.621010   71.782721
0.631677   70.297483
0.642344   69.095540
0.653010   69.122581
0.663677   71.112020
0.674344   74.013390
0.685010   76.080876
0.695677   76.779907
0.706344   76.241702
0.717010   75.315775
0.727677   74.559385
0.738344   72.557530
0.749010   70.422793
0.759677   69.902517
0.770344   68.939933
0.781010   67.546368
0.791677   67.680849
0.802344   71.664426
0.813010   76.464552
0.823677   79.702203
0.834344   80.470535
0.845010   78.594403
0.855677   75.932127
0.866344   73.651918
0.877010   71.544644
0.887677   70.713976
0.898344   69.880251
0.909010   67.385239
0.919677   64.408434
0.930344   66.044128
0.941010   68.773789
0.951677   68.517364
0.962344   67.088501
0.973010   68.120574
0.983677   69.738682
0.994344   71.009113
1.005010   71.781434
1.015677   71.243568
1.026344   70.261321
1.037010   69.192647
1.047677   67.945650
1.058344   67.218437
1.069010   65.959704
1.079677   63.806208
1.090344   61.864588
1.101010   60.961261
1.111677   60.631172
1.122344   60.781826
1.133010   61.924012
1.143677   62.441695
1.154344   61.230029
1.165010   59.272259
1.175677   57.896794
1.186344   56.563131
1.197010   55.762287
1.207677   54.808984
1.218344   52.727181
1.229010   50.314740
1.239677   49.999807
1.250344   51.021229
1.261010   50.494049
1.271677   49.439644
1.282344   49.001598
1.293010   48.271653
1.303677   48.107180
1.314344   47.399930
1.325010   45.932407
1.335677   46.016165
1.346344   46.522168
1.357010   46.859138
1.367677   47.396213
1.378344   46.816234
1.389010   45.431286
1.399677   45.074005
1.410344   44.366895
1.421010   43.960343
1.431677   44.589761
1.442344   44.853543
1.453010   43.741965
1.463677   42.590719
1.474344   40.965548
1.485010   38.670669
1.495677   36.912082
1.506344   35.470280
1.517010   32.696184
1.527677   31.351560
1.538344   32.792092
1.549010   33.982661
1.559677   34.794493
1.570344   35.629898
1.581010   34.297253
1.591677   31.796106
1.602344   32.117949
1.613010   31.678165
1.623677   29.834993
1.634344   26.612737
1.645010   19.948615
1.655677   11.989248
1.666344   9.457414
1.677010   8.949535
1.687677   9.118543
1.698344   9.181012
1.709010   9.608997
1.719677   10.070317
