mean: 74.5690907570222 std: 29.1257816601411
0.04719791666666643 10.333319330439291
0.057864583333333094 10.290156651204052
0.06853124999999977 10.256604059406996
0.07919791666666642 12.142087757398698
0.08986458333333311 20.909717197004728
0.10053124999999977 33.248646799230656
0.11119791666666642 51.80171294966471
0.12186458333333311 65.98765760866442
0.13253124999999977 75.81249938853884
0.14319791666666645 81.46292280191992
0.1538645833333331 84.07149708092626
0.16453124999999977 85.30427221125258
0.17519791666666643 85.69562199986967
0.1858645833333331 85.08420942037198
0.19653124999999977 84.23689930543516
0.20719791666666645 83.2230880908783
0.2178645833333331 82.31020468264391
0.22853124999999977 82.47188270491002
0.23919791666666645 82.00143379694536
0.2498645833333331 79.91699745851157
0.2605312499999998 77.23404999860003
0.2711979166666665 75.97924944137476
0.28186458333333314 77.13156805924942
0.2925312499999998 78.29317369910302
0.30319791666666646 79.23702413384576
0.31386458333333317 81.07312168120076
0.3245312499999998 82.9236505659972
0.3351979166666665 84.24301977879492
0.34586458333333314 84.93001073750536
0.3565312499999998 84.85058801333936
0.3671979166666665 84.4363685866972
0.37786458333333317 83.39705421850041
0.38853124999999983 81.49562842818574
0.3991979166666665 79.80237502532896
0.40986458333333314 79.23747802207536
0.42053124999999986 78.11705165142878
0.4311979166666665 75.95926085999984
0.44186458333333317 74.25457429854521
0.45253124999999983 73.54816641610735
0.4631979166666665 72.88731218885307
0.4738645833333332 72.02249722097211
0.48453124999999986 71.5489263822378
0.4951979166666665 70.24515586543619
0.5058645833333332 67.70990223575262
0.5165312499999998 67.38229787157738
0.5271979166666665 69.12801117773763
0.5378645833333332 71.42351471196119
0.5485312499999998 73.72929195749276
0.5591979166666664 75.64781781168973
0.5698645833333331 77.09737194031351
0.5805312499999998 78.12226812982841
0.5911979166666664 79.01843423873754
0.6018645833333331 80.09002054924493
0.6125312499999997 80.71305398906547
0.6231979166666665 80.41146564196686
0.6338645833333332 80.06566585712143
0.6445312499999998 80.63386901207
0.6551979166666665 81.64216319332945
0.6658645833333331 82.25732755987757
0.6765312499999998 81.68802706931874
0.6871979166666665 80.21746247155475
0.6978645833333331 79.16037619717649
0.7085312499999998 79.06414607359181
0.7191979166666664 79.37573280510452
0.7298645833333332 80.5320507176123
0.7405312499999999 82.18485695776549
0.7511979166666665 83.01101751596421
0.7618645833333332 83.12655051993002
0.7725312499999998 83.43184324568654
0.7831979166666665 83.68979354981833
0.7938645833333332 83.42156561092645
0.8045312499999998 82.53884738896049
0.8151979166666665 81.12793103118872
0.8258645833333331 79.62415689906817
0.8365312499999998 78.6823232047672
0.8471979166666666 78.32404720574529
0.8578645833333332 78.14923432774273
0.8685312499999999 78.68612651476022
0.8791979166666665 79.60294942706656
0.8898645833333332 79.74955384978298
0.9005312499999999 79.24055154903155
0.9111979166666665 78.53821983181435
0.9218645833333332 77.85587211343375
0.9325312499999998 77.47117458722539
0.9431979166666665 77.48033585383358
0.9538645833333331 77.5183403971123
0.9645312499999998 77.09758281471086
0.9751979166666666 76.79897206047785
0.9858645833333332 76.75241511467182
0.9965312499999999 76.02135024268802
1.0071979166666665 75.46214573047918
1.0178645833333333 75.26190408187153
1.02853125 74.90157340994193
1.0391979166666665 73.76412258468031
1.0498645833333333 72.44955051863477
1.06053125 72.19264817457501
1.0711979166666665 72.21007895895288
1.0818645833333334 73.18527426407225
1.09253125 75.28613619684
1.1031979166666666 76.01899578012156
1.1138645833333334 75.09445345491272
1.12453125 73.74196014079072
1.1351979166666666 72.7266794498418
1.1458645833333334 71.31982456830377
1.15653125 69.4897201717354
1.1671979166666666 67.62626168659378
1.1778645833333332 65.79980199324893
1.18853125 64.1140203863589
1.1991979166666666 63.869372255526656
1.2098645833333332 68.56797858120724
1.22053125 73.79782341847515
1.2311979166666667 77.57813128297906
1.2418645833333333 80.52360223898401
1.25253125 82.23043837782538
1.2631979166666667 82.73785351449052
1.2738645833333333 82.51936039138985
1.28453125 81.70619260512238
1.2951979166666667 81.07359740417856
1.3058645833333333 81.28758722728864
1.31653125 81.79465009764711
1.3271979166666668 81.67745353091966
1.3378645833333334 80.1551642835946
1.34853125 77.56931476884859
1.3591979166666668 75.71773105782468
1.3698645833333334 73.61105358161124
1.38053125 71.18560564777306
1.3911979166666666 69.39059858136409
1.4018645833333334 68.54487483799285
1.41253125 68.2489058041799
1.4231979166666666 68.29803443638015
1.4338645833333334 67.80817097314429
1.44453125 66.49387977981425
1.4551979166666666 65.33882208191318
1.4658645833333332 64.5621654990086
1.47653125 63.98627835164725
1.4871979166666667 63.75446485694973
1.4978645833333333 63.57886950987237
1.50853125 64.94972869100772
1.5191979166666667 69.94544091711418
1.5298645833333333 74.83485986748158
1.5405312500000001 77.68464243572954
1.5511979166666667 78.34000326866982
1.5618645833333333 78.55021138461476
1.57253125 80.22183761429575
1.5831979166666668 81.64506316390303
1.5938645833333334 81.59179819497446
1.60453125 81.27574545340018
1.6151979166666668 81.23207955406176
1.6258645833333334 79.99356963723356
1.63653125 78.30597195162173
1.6471979166666668 77.83741331522263
1.6578645833333334 77.33336730215281
1.66853125 75.67361890683922
1.6791979166666666 74.15187067336271
1.6898645833333334 72.71274566736503
1.70053125 71.75403283921614
1.7111979166666667 73.22748044817145
1.7218645833333335 74.74800844622156
1.73253125 75.33187787808853
1.7431979166666667 75.9784209427975
1.7538645833333335 76.39581842258295
1.76453125 75.25689701785359
1.7751979166666667 72.62119449819942
1.7858645833333333 69.72428361114618
1.7965312500000001 67.28077142991077
1.8071979166666667 65.02580495469198
1.8178645833333333 63.35712519649441
1.8285312500000002 65.22871918180702
1.8391979166666668 69.30324733517983
1.8498645833333334 73.27113895114634
1.86053125 76.08374997219323
1.8711979166666668 76.29015335944342
1.8818645833333334 73.68426477598152
1.89253125 69.51996804819318
1.9031979166666668 66.2640364482169
1.9138645833333334 64.93047679794385
1.92453125 67.64709345423539
1.9351979166666669 70.71171383375118
1.9458645833333335 71.92935824122573
1.95653125 73.12727369432318
1.9671979166666667 75.29479404075805
1.9778645833333335 76.86706324928981
1.98853125 77.58430810274915
1.9991979166666667 77.44909824275142
2.0098645833333335 76.47542361975215
2.02053125 75.7872966142721
2.0311979166666667 75.13815446641402
2.0418645833333335 72.91717506738124
2.05253125 69.64067345654104
2.0631979166666667 67.67919411771075
2.073864583333333 68.08036300337531
2.08453125 70.62223535571434
2.0951979166666663 72.70790490637981
2.105864583333333 73.26969868679036
2.11653125 72.33252052825532
2.1271979166666664 70.7755909337539
2.137864583333333 69.72215411086782
2.14853125 67.71995255256921
2.1591979166666664 64.86126469483656
2.169864583333333 67.01260705925941
2.18053125 71.35572911832907
2.1911979166666664 73.46835910397957
2.2018645833333332 73.69022339332497
2.21253125 73.29894033153766
2.2231979166666664 72.43067377141152
2.2338645833333333 71.54281594849824
2.24453125 70.63176331819588
2.2551979166666665 69.08276228037374
2.2658645833333333 67.02803165421426
2.27653125 64.87813723929614
2.2871979166666665 63.241401059023644
2.2978645833333333 62.89021777393722
2.3085312499999997 63.97663513728268
2.3191979166666665 66.53447513781457
2.3298645833333333 70.00203672996116
2.3405312499999997 72.53133277354054
2.3511979166666666 73.65959972018534
2.3618645833333334 74.02771262143163
2.3725312499999998 74.22694620358519
2.3831979166666666 74.17429642487502
2.3938645833333334 73.85569839088193
2.40453125 73.5664300006378
2.4151979166666666 73.68973923289184
2.4258645833333334 74.00679225778539
2.43653125 74.02731937928249
2.4471979166666666 73.69423440382639
2.4578645833333335 72.9515198476463
2.46853125 71.13924676346207
2.4791979166666667 68.12131481358237
2.489864583333333 65.45123500135244
2.50053125 63.760638553215344
2.5111979166666667 62.03260777064415
2.521864583333333 61.44387272290353
2.53253125 61.352510531776126
2.5431979166666667 60.249804922472954
2.553864583333333 58.360857271109666
2.56453125 57.84374933283591
2.5751979166666668 60.760601488725364
2.585864583333333 65.3182360916733
2.59653125 69.86633763837875
2.607197916666667 73.10858572500008
2.617864583333333 74.17189049751545
2.62853125 73.42615217532787
2.639197916666667 71.5254412557047
2.649864583333333 70.0999527554639
2.66053125 72.21202240943728
2.671197916666667 74.53543037569274
2.681864583333333 75.41708657558674
2.69253125 75.91150732887478
2.7031979166666664 77.10569080504902
2.7138645833333332 78.95078178776424
2.72453125 81.02421393198861
2.7351979166666665 82.68653428869536
2.7458645833333333 83.56663381451656
2.75653125 83.51776915203543
2.7671979166666665 83.07962763737395
2.7778645833333333 83.3022806258869
2.78853125 83.91778399197457
2.7991979166666665 83.43321545774556
2.8098645833333333 81.69295179910259
2.82053125 79.7729561643792
2.8311979166666665 77.28375790275348
2.8418645833333334 75.43532433262018
2.85253125 74.67688891262588
2.8631979166666666 72.93764566024615
2.8738645833333334 70.82652734584654
2.8845312499999998 69.22983878941616
2.8951979166666666 68.03243474688982
2.9058645833333334 67.05111789958231
2.91653125 66.56554701292232
2.9271979166666666 65.90545970032424
2.9378645833333334 64.10180081168576
2.94853125 64.20343824476659
2.9591979166666667 68.8459046218628
2.9698645833333335 72.28897223950634
2.98053125 73.59599245882907
2.9911979166666667 74.0735178116485
3.0018645833333335 73.45202534696784
3.01253125 71.73830034205346
3.0231979166666667 70.38029766708834
3.0338645833333335 70.71816994095306
3.04453125 72.22536756855324
3.0551979166666667 72.63767883337164
3.0658645833333336 71.26809513669937
3.07653125 69.09857605063507
3.0871979166666668 68.36352469291523
3.097864583333333 69.91001572699204
3.10853125 70.88197946021563
3.119197916666667 69.64831074231223
3.129864583333333 69.52907490997055
3.14053125 71.37587054430183
3.151197916666667 71.54946703504903
3.161864583333333 69.15846084418257
3.17253125 64.7596216686235
3.183197916666667 60.97736644605814
3.1938645833333332 61.42900843816272
3.20453125 65.90912812034124
3.215197916666667 69.44205738743574
3.2258645833333333 70.66380669731163
3.23653125 69.88343798207421
3.247197916666667 67.71318078791519
3.2578645833333333 66.49782604903925
3.26853125 67.65160067436804
3.2791979166666665 68.651857899857
3.2898645833333333 69.64473578398064
3.30053125 69.61167808696408
3.3111979166666665 67.9133155700901
3.3218645833333333 66.34633335424229
3.33253125 69.85395714465226
3.3431979166666665 74.69719575375755
3.3538645833333334 78.18088251304715
3.36453125 79.91398352312751
3.3751979166666666 79.9936726759109
3.3858645833333334 79.57737317617232
3.3965312500000002 79.86776328910976
3.4071979166666666 80.17551744486471
3.4178645833333334 80.06984480098018
3.4285312500000003 79.88025524267998
3.4391979166666666 79.01647038609559
3.4498645833333335 77.43684646897988
3.4605312500000003 75.5907023681687
3.4711979166666667 73.4496232094724
3.4818645833333335 71.24424492203426
3.49253125 70.79408685533296
3.5031979166666667 71.32982759683306
3.5138645833333335 71.43813239555921
3.52453125 71.17083692413102
3.5351979166666667 70.53122262044627
3.5458645833333335 69.69088446771123
3.55653125 68.84311270442689
3.5671979166666667 67.50004701563671
3.5778645833333336 66.95723607046227
3.58853125 67.42200182713125
3.5991979166666668 67.7669023750117
3.6098645833333336 67.81133460686262
3.62053125 68.15156664121658
3.631197916666667 68.67176720396004
3.6418645833333336 68.87250751914982
3.65253125 68.54564343644995
3.663197916666667 67.83041937754459
3.673864583333333 65.77298198671201
3.68453125 61.91031924209347
3.695197916666667 58.048836954658405
3.7058645833333332 57.170933151096186
3.71653125 58.18303936370013
3.727197916666667 60.05005475667961
3.7378645833333333 64.64414870150462
3.74853125 69.04676268373429
3.759197916666667 71.06479527789574
3.7698645833333333 70.6274800714553
3.78053125 68.90933097610998
3.791197916666667 68.2803162024073
3.8018645833333333 68.38124531887527
3.81253125 67.81366349519327
3.823197916666667 67.62320146744844
3.8338645833333334 68.4352672915736
3.84453125 68.63843780117305
3.8551979166666666 68.25007787115047
3.8658645833333334 68.4569074459767
3.87653125 68.83399136972685
3.8871979166666666 68.42911103502844
3.8978645833333334 66.78860644181339
3.9085312500000002 64.36898138899691
3.9191979166666666 62.896957727599755
3.9298645833333334 62.35732736823729
3.9405312500000003 61.220922583230845
3.9511979166666666 61.68456307881429
3.9618645833333335 64.2098580652483
3.9725312500000003 65.66237675963802
3.9831979166666667 65.49307833673286
3.9938645833333335 64.72290462277203
4.00453125 63.93754042316327
4.015197916666667 63.49169281040847
4.025864583333334 64.3760877890082
4.03653125 65.78673899130456
4.047197916666668 65.97545624797617
4.057864583333334 65.11278220483969
4.06853125 64.95344636448108
4.079197916666668 68.23970934119684
4.089864583333334 73.1788617977392
4.10053125 76.94153531101334
4.111197916666668 79.26892806986285
4.121864583333334 81.13624553972038
4.13253125 83.10456910762072
4.143197916666667 84.42385451915752
4.153864583333334 84.71702174768049
4.1645312500000005 83.67470100220038
4.175197916666667 81.42868301273478
4.185864583333334 79.19335808150079
4.1965312500000005 76.67455020417097
4.207197916666667 74.13362012966287
4.217864583333334 73.12685742060593
4.2285312500000005 72.68645466362005
4.239197916666667 71.29131717153554
4.249864583333334 69.05262508330472
4.2605312500000005 67.34428041097433
4.271197916666667 66.65863997630974
4.281864583333334 66.32909384849607
4.292531250000001 67.08636904005262
4.303197916666667 69.04445429322514
4.313864583333334 70.0076149783371
4.324531250000001 69.200509851771
4.335197916666667 68.94823700387863
4.345864583333334 68.87167615042628
4.356531250000001 67.31617453215867
4.367197916666667 65.53803377611501
4.377864583333334 64.42415580002658
4.388531250000001 63.78679070853228
4.399197916666667 62.37863331001157
4.409864583333334 60.17886578980551
4.420531250000001 59.22077601238624
4.431197916666667 58.31397448545775
4.441864583333334 56.33858811839499
4.452531250000001 54.18678381350734
4.463197916666667 53.42065632097829
4.473864583333334 54.21432284901715
4.484531250000001 54.423966977159644
4.495197916666667 54.42958495112225
4.505864583333334 56.21236585873446
4.516531250000001 57.81103018152894
4.527197916666667 58.4914025887625
4.5378645833333335 59.009598347973395
4.548531250000001 58.77518286878246
4.559197916666667 58.06708883468346
4.569864583333334 57.32341713381068
4.580531250000001 56.31846767089266
4.591197916666667 54.190091872228685
4.601864583333334 50.996414303599096
4.612531250000001 48.09381214721064
4.623197916666667 45.9997150523553
4.633864583333334 44.986338028702484
4.644531250000001 44.497690483694
4.655197916666667 42.93691993055586
4.665864583333334 41.16106505235716
4.676531250000001 40.37467674690696
4.687197916666667 39.800373238601104
4.697864583333334 37.87432473199126
4.708531250000001 34.46907270286182
4.719197916666667 31.34277196853175
4.729864583333334 29.429692896072304
4.740531250000001 28.528566170303403
4.751197916666667 30.28547176706082
4.761864583333334 32.80890076355637
4.772531250000001 34.952429108005425
4.783197916666667 37.63391590594424
4.793864583333334 39.918919816809655
4.804531250000001 40.448672882452016
4.815197916666667 39.826908938017425
4.825864583333334 39.58230271333861
4.836531250000001 39.6089317277534
4.847197916666667 39.20226547349518
4.857864583333334 38.93479794410509
4.868531250000001 38.83539938326312
4.8791979166666675 38.23450549750828
4.889864583333334 37.16421070088235
4.900531250000001 36.29699098250893
4.9111979166666675 35.97035619565286
4.921864583333334 35.80924414526239
4.93253125 35.5865703089649
4.9431979166666675 34.9627038240628
4.953864583333334 34.31073358859797
4.96453125 34.03899378613948
4.9751979166666676 33.63612062854767
4.985864583333334 32.780195623805845
4.99653125 31.670943518806176
5.007197916666668 30.34965140527348
5.017864583333334 28.59327173101661
5.02853125 27.08733220727804
5.039197916666668 26.898378948173406
5.049864583333334 26.91935047674612
5.06053125 26.607497300193476
5.071197916666668 26.359635870404496
5.081864583333334 26.003010322898703
5.09253125 25.462226376124562
5.103197916666668 25.42139279205599
5.113864583333334 25.636594692806725
5.12453125 25.42725873532199
5.135197916666668 24.976624888476916
5.145864583333334 24.53692843593458
5.1565312500000005 24.142439172470212
5.167197916666668 23.860293787377643
5.177864583333334 23.717472871474662
5.1885312500000005 23.379625002997038
5.199197916666668 22.618724035181742
5.209864583333334 21.793046034546848
5.2205312500000005 21.13001535410642
5.231197916666668 20.419759543483323
5.241864583333334 19.610719794606673
5.2525312500000005 18.82122075648892
5.263197916666668 18.03628043532919
5.273864583333334 17.103719963714404
5.284531250000001 16.075027542436587
5.295197916666668 15.124153182237743
5.305864583333334 14.369598039537232
5.316531250000001 13.708549745506005
5.327197916666667 13.084911146868812
5.337864583333334 12.818216097159635
5.348531250000001 12.87077003408484
5.359197916666667 12.474348992620003
5.369864583333334 11.564144055968118
5.380531250000001 11.147371305583995
5.391197916666667 10.786606751831119
5.401864583333334 10.447822608719035
5.412531250000001 10.568565654701686
5.423197916666667 10.598479253342516
5.433864583333334 10.347936883688558
5.444531250000001 9.63738653739512
5.455197916666667 9.3747478672182
5.465864583333334 10.023228948767805
5.476531250000001 10.093193198924164
5.487197916666667 9.53913837623272
5.497864583333334 9.80180852190626
5.508531250000001 10.3582853903628
5.519197916666667 10.552774920876873
5.529864583333334 9.989869219899251
5.540531250000001 9.248162653457168
5.551197916666667 9.719591960041127
5.5618645833333344 10.467672857355016
5.572531250000001 10.88764330376231
5.583197916666667 10.9524693522301
5.5938645833333345 10.590404753147862
5.604531250000001 10.07233443860438
5.615197916666667 9.718280821033101
5.6258645833333345 9.846603270222799
5.636531250000001 10.657138500307717
5.647197916666667 11.228695763185314
5.6578645833333345 11.0588970348351
5.668531250000001 10.622018698222362
5.679197916666667 10.237341977783668
5.689864583333335 10.088531674024306
5.700531250000001 9.874316175211405
5.711197916666667 9.598490075319512
5.721864583333334 10.01019069915804
5.732531250000001 10.646768383352223
5.743197916666667 10.474643840697022
5.753864583333334 9.72562140400276
5.764531250000001 9.2939976953808
5.775197916666667 9.311093498370848
5.785864583333334 9.260078098254366
5.796531250000001 9.303023450348492
5.807197916666667 9.543510751355265
5.817864583333334 9.135514637414827
5.828531250000001 8.693886304012619
5.839197916666667 9.113808257066765
5.849864583333334 9.9009423058005
5.860531250000001 10.180393742109825
5.8711979166666675 10.24027002570055
5.881864583333334 10.282933774924714
5.892531250000001 9.983275733317926
5.9031979166666675 10.155849787636102
5.913864583333334 10.52485956815504
5.924531250000001 10.5878523419494
5.9351979166666675 10.298428971312159
5.945864583333334 9.842157307745152
5.956531250000001 10.090750908504514
5.9671979166666675 10.474662084577304
5.977864583333334 10.264256273101083
5.988531250000001 9.656332392430011
5.999197916666668 9.880063279490946
6.009864583333334 10.498628034215752
6.020531250000001 10.386595714150332
6.031197916666668 9.846070281517871
6.041864583333334 9.919737927636262
6.052531250000001 10.234674136483724
6.063197916666668 10.279392994560313
6.073864583333334 10.265510805785764
6.084531250000001 10.591386441864385
6.095197916666668 10.756752067998438
6.105864583333334 10.29259382380147
6.11653125 9.448628275901278
6.127197916666668 8.803934681477678
6.137864583333334 8.830437270325106
6.1485312500000004 9.689279455258609
6.159197916666668 11.110533773493554
6.169864583333334 11.691383858984306
6.1805312500000005 11.144656280550567
6.191197916666668 10.67030380929481
6.201864583333334 10.31132999124642
6.2125312500000005 9.934618588628979
6.223197916666668 9.75348988808701
6.233864583333334 9.512729390757556
6.2445312500000005 9.268803674144216
6.255197916666668 9.442958743340096
6.265864583333334 9.917244274379875
6.276531250000001 9.8731982558554
6.287197916666668 9.709440366615055
6.297864583333334 9.761023535959598
6.308531250000001 9.280217087000937
6.319197916666668 9.311927606106599
6.329864583333334 9.628593162621048
6.340531250000001 9.884870954448065
6.351197916666668 10.103584380819823
6.361864583333334 10.083682062771956
6.372531250000001 10.355664485414612
6.383197916666668 10.250533287165013
6.393864583333334 10.15275238624228
6.404531250000001 10.002248093103853
6.415197916666668 9.797797650494816
6.425864583333334 9.901089135678738
6.436531250000001 10.111730343604519
6.447197916666668 10.268935041747904
6.457864583333334 10.237019430900174
6.468531250000001 10.193226837327934
6.479197916666668 9.805058127331275
6.489864583333334 9.522942516217554
6.500531250000001 9.54528900262237
6.511197916666667 9.94400416810495
6.521864583333334 10.913822291627806
6.532531250000001 11.502815355405422
6.543197916666667 10.845132793911942
6.553864583333334 9.810288758399404
6.564531250000001 9.555129024810737
6.575197916666667 9.798285094622495
6.5858645833333345 9.981518451233807
6.596531250000001 10.192623424115306
6.607197916666667 10.592804939842285
6.6178645833333345 10.67943025760826
6.628531250000001 10.361106911087
6.639197916666667 9.6995041058474
6.6498645833333345 9.367265338971652
6.660531250000001 9.664800262895646
6.671197916666667 9.820130921712138
6.6818645833333346 9.817445902965865
6.692531250000001 9.920896252394352
6.703197916666667 10.035213267751239
6.713864583333335 10.189500535248753
6.724531250000001 10.140399466842718
6.735197916666667 10.192416356717231
6.745864583333335 10.194072687139471
6.756531250000001 10.254203247042389
6.767197916666667 10.231966948765614
6.777864583333335 10.468015121983242
6.788531250000001 10.441262145050514
6.799197916666667 9.737810931160858
6.809864583333335 9.654203684749218
6.820531250000001 10.109086662610311
6.831197916666667 10.385675455826052
6.841864583333335 10.437592905559754
6.852531250000001 10.792749407869364
6.8631979166666675 10.926617950912282
6.873864583333335 10.391406309379981
6.884531250000001 9.961796327971513
6.8951979166666675 10.5150475782183
6.905864583333334 10.589687222705287
6.916531250000001 10.226619410382884
6.9271979166666675 10.008201142706785
6.937864583333334 9.615452140756052
6.948531250000001 8.996175218482264
6.9591979166666675 8.781422740156183
6.969864583333334 9.182410462582565
6.980531250000001 9.663075320883722
6.991197916666668 10.072252595587939
7.001864583333334 10.341220539220448
7.012531250000001 10.1329253518543
7.023197916666668 9.786966904755591
7.033864583333334 10.220514176992223
7.044531250000001 10.70675469762394
7.055197916666668 10.566175107992265
7.065864583333334 10.148648024191635
7.076531250000001 10.026598012402395
7.087197916666668 9.823037566232365
7.097864583333334 9.665225178271568
7.108531250000001 10.081719765622385
7.119197916666668 10.6106611922916
7.129864583333334 10.635686446634441
7.140531250000001 10.488329830268109
7.151197916666668 10.547576505310182
7.161864583333334 10.339440839066135
7.172531250000001 10.079084524653926
7.183197916666668 10.062044276723249
7.193864583333334 10.509660105039027
7.204531250000001 10.41446131608516
7.215197916666668 9.962763807637977
7.225864583333334 9.999685057763887
7.236531250000001 10.180468642185414
7.247197916666668 10.36796916597863
7.257864583333334 9.913766115285
7.2685312500000006 9.942573459241817
7.279197916666668 10.068603456726848
7.289864583333334 10.080912814010789
7.300531250000001 10.555541764420362
7.311197916666668 10.44444764458051
7.321864583333334 10.202049388961372
7.332531250000001 9.999348381396612
7.343197916666668 9.92268990307773
7.353864583333334 9.886760897471083
7.364531250000001 9.703304736196966
7.375197916666668 9.557808943627787
7.385864583333334 9.849907947816845
7.396531250000001 10.336495800277078
7.407197916666668 10.324146386577128
7.417864583333334 10.074652128963306
7.428531250000001 9.992729951522781
7.439197916666668 9.943109592969927
7.449864583333334 10.096753337541369
7.460531250000001 9.839526396623157
7.471197916666668 9.46353307837293
7.481864583333334 9.798710423047076
7.492531250000001 10.29930258822641
7.503197916666668 10.297210064812429
7.513864583333334 10.149333165386633
7.524531250000001 10.57772554923297
7.535197916666668 10.884363216169461
7.545864583333334 10.6236313590498
