Time_s   F0_Hz
0.047500   --undefined--
0.062500   --undefined--
0.077500   --undefined--
0.092500   --undefined--
0.107500   --undefined--
0.122500   --undefined--
0.137500   --undefined--
0.152500   --undefined--
0.167500   --undefined--
0.182500   --undefined--
0.197500   --undefined--
0.212500   --undefined--
0.227500   --undefined--
0.242500   --undefined--
0.257500   --undefined--
0.272500   --undefined--
0.287500   --undefined--
0.302500   --undefined--
0.317500   --undefined--
0.332500   --undefined--
0.347500   --undefined--
0.362500   --undefined--
0.377500   --undefined--
0.392500   --undefined--
0.407500   --undefined--
0.422500   --undefined--
0.437500   --undefined--
0.452500   --undefined--
0.467500   --undefined--
0.482500   --undefined--
0.497500   --undefined--
0.512500   --undefined--
0.527500   --undefined--
0.542500   --undefined--
0.557500   --undefined--
0.572500   --undefined--
0.587500   --undefined--
0.602500   --undefined--
0.617500   --undefined--
0.632500   --undefined--
0.647500   --undefined--
0.662500   --undefined--
0.677500   --undefined--
0.692500   --undefined--
0.707500   --undefined--
0.722500   --undefined--
0.737500   --undefined--
0.752500   --undefined--
0.767500   --undefined--
0.782500   --undefined--
0.797500   --undefined--
0.812500   --undefined--
0.827500   --undefined--
0.842500   --undefined--
0.857500   --undefined--
0.872500   --undefined--
0.887500   --undefined--
0.902500   --undefined--
0.917500   --undefined--
0.932500   --undefined--
0.947500   --undefined--
0.962500   --undefined--
0.977500   --undefined--
0.992500   --undefined--
1.007500   --undefined--
1.022500   --undefined--
1.037500   --undefined--
1.052500   --undefined--
1.067500   --undefined--
1.082500   --undefined--
1.097500   --undefined--
1.112500   --undefined--
1.127500   --undefined--
1.142500   --undefined--
1.157500   --undefined--
1.172500   --undefined--
1.187500   --undefined--
1.202500   --undefined--
1.217500   --undefined--
1.232500   --undefined--
1.247500   --undefined--
1.262500   263.407379
1.277500   258.972801
1.292500   256.049881
1.307500   255.964576
1.322500   256.375317
1.337500   255.476861
1.352500   254.456290
1.367500   254.870977
1.382500   255.508117
1.397500   256.622437
1.412500   259.327997
1.427500   261.976437
1.442500   263.605928
1.457500   263.098669
1.472500   260.282768
1.487500   257.719041
1.502500   253.326557
1.517500   247.991108
1.532500   244.765165
1.547500   242.418575
1.562500   241.560427
1.577500   239.823624
1.592500   238.719640
1.607500   119.213861
1.622500   119.294990
1.637500   119.134889
1.652500   118.971625
1.667500   118.796284
1.682500   119.031311
1.697500   --undefined--
1.712500   --undefined--
1.727500   --undefined--
1.742500   --undefined--
1.757500   264.104401
1.772500   255.604847
1.787500   248.797068
1.802500   247.291498
1.817500   247.689707
1.832500   248.995501
1.847500   248.758583
1.862500   282.330318
1.877500   289.596240
1.892500   --undefined--
1.907500   --undefined--
1.922500   131.074979
1.937500   133.490958
1.952500   134.426032
1.967500   --undefined--
1.982500   --undefined--
1.997500   --undefined--
2.012500   --undefined--
2.027500   --undefined--
2.042500   --undefined--
2.057500   --undefined--
2.072500   --undefined--
2.087500   --undefined--
2.102500   158.896522
2.117500   158.652907
2.132500   148.767766
2.147500   141.200748
2.162500   130.432385
2.177500   --undefined--
2.192500   --undefined--
2.207500   65.343586
2.222500   63.993595
2.237500   64.940217
2.252500   --undefined--
2.267500   --undefined--
2.282500   --undefined--
2.297500   56.095126
2.312500   --undefined--
2.327500   133.128099
2.342500   157.280147
2.357500   151.134898
2.372500   147.602439
2.387500   135.929196
2.402500   128.344929
2.417500   123.564380
2.432500   --undefined--
2.447500   --undefined--
2.462500   --undefined--
2.477500   --undefined--
2.492500   --undefined--
2.507500   --undefined--
2.522500   --undefined--
2.537500   --undefined--
2.552500   --undefined--
2.567500   --undefined--
2.582500   --undefined--
2.597500   --undefined--
2.612500   --undefined--
2.627500   --undefined--
2.642500   --undefined--
2.657500   --undefined--
2.672500   --undefined--
2.687500   --undefined--
2.702500   --undefined--
2.717500   --undefined--
2.732500   --undefined--
2.747500   --undefined--
2.762500   --undefined--
2.777500   --undefined--
2.792500   --undefined--
2.807500   --undefined--
2.822500   --undefined--
2.837500   --undefined--
2.852500   --undefined--
2.867500   --undefined--
2.882500   --undefined--
2.897500   234.214971
2.912500   235.211124
2.927500   234.901225
2.942500   233.686522
2.957500   233.227331
2.972500   234.588694
2.987500   233.758493
3.002500   234.571450
3.017500   236.948464
3.032500   240.187405
3.047500   230.580932
3.062500   225.131123
3.077500   230.702692
3.092500   244.613424
3.107500   247.018956
3.122500   229.444649
3.137500   226.653255
3.152500   225.691978
3.167500   224.941161
3.182500   224.198650
3.197500   223.553219
3.212500   222.814528
3.227500   221.799808
3.242500   219.780711
3.257500   218.170516
3.272500   217.742267
3.287500   217.324146
3.302500   216.711965
3.317500   216.430609
3.332500   216.262743
3.347500   215.161633
3.362500   215.629972
3.377500   215.777781
3.392500   215.848253
3.407500   108.060336
3.422500   107.954973
3.437500   107.730435
3.452500   108.748013
3.467500   --undefined--
3.482500   --undefined--
3.497500   --undefined--
3.512500   --undefined--
3.527500   --undefined--
3.542500   --undefined--
3.557500   --undefined--
3.572500   --undefined--
3.587500   222.165270
3.602500   219.037229
3.617500   214.975625
3.632500   214.801707
3.647500   214.285224
3.662500   214.182425
3.677500   214.928341
3.692500   214.311868
3.707500   214.275083
3.722500   111.876635
3.737500   114.936457
3.752500   120.582132
3.767500   122.933630
3.782500   129.252263
3.797500   130.405314
3.812500   262.779932
3.827500   277.906531
3.842500   278.530579
3.857500   274.371416
3.872500   262.479938
3.887500   267.703605
3.902500   276.986877
3.917500   271.065028
3.932500   224.341279
3.947500   222.093318
3.962500   222.724843
3.977500   223.487300
3.992500   223.211319
4.007500   222.493936
4.022500   222.612848
4.037500   --undefined--
4.052500   --undefined--
4.067500   --undefined--
4.082500   --undefined--
4.097500   --undefined--
4.112500   --undefined--
4.127500   --undefined--
4.142500   --undefined--
4.157500   --undefined--
4.172500   --undefined--
4.187500   --undefined--
4.202500   --undefined--
4.217500   --undefined--
4.232500   --undefined--
4.247500   --undefined--
4.262500   --undefined--
4.277500   --undefined--
4.292500   --undefined--
4.307500   --undefined--
4.322500   --undefined--
4.337500   --undefined--
4.352500   --undefined--
4.367500   --undefined--
4.382500   --undefined--
4.397500   --undefined--
4.412500   --undefined--
4.427500   --undefined--
4.442500   --undefined--
4.457500   --undefined--
4.472500   --undefined--
4.487500   205.835641
4.502500   202.844268
4.517500   201.788347
4.532500   200.767020
4.547500   201.585547
4.562500   101.081153
4.577500   101.262495
4.592500   101.146963
4.607500   101.820563
4.622500   --undefined--
4.637500   241.815598
4.652500   240.658710
4.667500   236.981805
4.682500   233.035039
4.697500   234.761164
4.712500   237.912260
4.727500   242.026835
4.742500   --undefined--
4.757500   --undefined--
4.772500   --undefined--
4.787500   --undefined--
4.802500   --undefined--
4.817500   --undefined--
4.832500   --undefined--
4.847500   --undefined--
4.862500   187.309872
4.877500   185.875020
4.892500   185.568407
4.907500   185.206209
4.922500   184.630924
4.937500   182.587535
4.952500   181.078216
4.967500   180.796092
4.982500   180.423206
4.997500   181.152058
5.012500   182.197763
5.027500   183.148955
5.042500   182.342149
5.057500   181.131053
5.072500   180.091823
5.087500   180.573286
5.102500   --undefined--
5.117500   --undefined--
5.132500   --undefined--
5.147500   --undefined--
5.162500   --undefined--
5.177500   --undefined--
5.192500   --undefined--
5.207500   --undefined--
5.222500   --undefined--
5.237500   --undefined--
5.252500   --undefined--
5.267500   --undefined--
5.282500   --undefined--
5.297500   --undefined--
5.312500   --undefined--
5.327500   --undefined--
5.342500   --undefined--
5.357500   --undefined--
5.372500   --undefined--
5.387500   --undefined--
5.402500   --undefined--
5.417500   --undefined--
5.432500   --undefined--
5.447500   --undefined--
5.462500   --undefined--
5.477500   --undefined--
5.492500   --undefined--
5.507500   --undefined--
5.522500   --undefined--
5.537500   --undefined--
5.552500   --undefined--
5.567500   --undefined--
5.582500   --undefined--
5.597500   --undefined--
5.612500   --undefined--
5.627500   --undefined--
5.642500   --undefined--
5.657500   --undefined--
5.672500   --undefined--
5.687500   --undefined--
5.702500   --undefined--
5.717500   --undefined--
5.732500   --undefined--
5.747500   --undefined--
5.762500   --undefined--
5.777500   --undefined--
5.792500   --undefined--
5.807500   --undefined--
5.822500   --undefined--
5.837500   --undefined--
5.852500   --undefined--
5.867500   --undefined--
5.882500   --undefined--
5.897500   --undefined--
5.912500   --undefined--
5.927500   205.143851
5.942500   204.979858
5.957500   204.319170
5.972500   202.891174
5.987500   202.325718
6.002500   206.359594
6.017500   206.161497
6.032500   204.655213
6.047500   --undefined--
6.062500   --undefined--
6.077500   120.701662
6.092500   118.165653
6.107500   116.056562
6.122500   115.801967
6.137500   115.875893
6.152500   115.597466
6.167500   114.945025
6.182500   114.824009
6.197500   115.513898
6.212500   116.433641
6.227500   116.916386
6.242500   116.544515
6.257500   116.282282
6.272500   115.009329
6.287500   115.043367
6.302500   116.624173
6.317500   115.973181
6.332500   --undefined--
6.347500   251.879123
6.362500   243.189195
6.377500   236.686193
6.392500   234.114890
6.407500   233.052037
6.422500   234.725101
6.437500   238.548346
6.452500   242.521856
6.467500   --undefined--
6.482500   --undefined--
6.497500   --undefined--
6.512500   --undefined--
6.527500   --undefined--
6.542500   --undefined--
6.557500   --undefined--
6.572500   216.084167
6.587500   213.244408
6.602500   209.978895
6.617500   206.059178
6.632500   200.921899
6.647500   199.347973
6.662500   198.400154
6.677500   198.176234
6.692500   198.243466
6.707500   199.047265
6.722500   198.784218
6.737500   198.794877
6.752500   198.672455
6.767500   100.174884
6.782500   100.565656
6.797500   101.955903
6.812500   104.247099
6.827500   104.592222
6.842500   105.467335
6.857500   105.049806
6.872500   106.137316
6.887500   106.767129
6.902500   107.299385
6.917500   106.934950
6.932500   106.440272
6.947500   107.750047
6.962500   --undefined--
6.977500   --undefined--
6.992500   --undefined--
7.007500   --undefined--
7.022500   --undefined--
7.037500   --undefined--
7.052500   195.375305
7.067500   193.714254
7.082500   192.917216
7.097500   192.753785
7.112500   193.811944
7.127500   195.360213
7.142500   194.989204
7.157500   194.158133
7.172500   193.570835
7.187500   193.282806
7.202500   193.283056
7.217500   --undefined--
7.232500   --undefined--
7.247500   --undefined--
7.262500   --undefined--
7.277500   204.235820
7.292500   198.019430
7.307500   195.513044
7.322500   193.653165
7.337500   191.568135
7.352500   190.112738
7.367500   187.044601
7.382500   179.987062
7.397500   177.994401
7.412500   179.361233
7.427500   182.593737
7.442500   --undefined--
7.457500   --undefined--
7.472500   --undefined--
7.487500   --undefined--
7.502500   --undefined--
7.517500   --undefined--
7.532500   --undefined--
7.547500   --undefined--
7.562500   --undefined--
7.577500   --undefined--
7.592500   179.832920
7.607500   181.033665
7.622500   179.703121
7.637500   179.813712
7.652500   182.897500
7.667500   183.464356
7.682500   198.913156
7.697500   195.974984
7.712500   181.850680
7.727500   184.922711
7.742500   191.463008
7.757500   --undefined--
7.772500   --undefined--
7.787500   --undefined--
7.802500   --undefined--
7.817500   --undefined--
7.832500   --undefined--
7.847500   --undefined--
7.862500   --undefined--
7.877500   --undefined--
7.892500   --undefined--
7.907500   --undefined--
7.922500   --undefined--
7.937500   --undefined--
7.952500   --undefined--
7.967500   --undefined--
7.982500   --undefined--
7.997500   --undefined--
8.012500   --undefined--
8.027500   --undefined--
8.042500   --undefined--
8.057500   --undefined--
8.072500   --undefined--
8.087500   --undefined--
8.102500   --undefined--
8.117500   --undefined--
8.132500   --undefined--
8.147500   --undefined--
8.162500   --undefined--
8.177500   --undefined--
8.192500   --undefined--
8.207500   --undefined--
8.222500   --undefined--
8.237500   --undefined--
8.252500   --undefined--
8.267500   --undefined--
8.282500   --undefined--
8.297500   --undefined--
8.312500   --undefined--
8.327500   --undefined--
8.342500   --undefined--
8.357500   --undefined--
8.372500   --undefined--
8.387500   --undefined--
8.402500   --undefined--
8.417500   --undefined--
8.432500   --undefined--
8.447500   --undefined--
8.462500   --undefined--
8.477500   --undefined--
8.492500   --undefined--
8.507500   --undefined--
8.522500   --undefined--
8.537500   --undefined--
8.552500   --undefined--
8.567500   --undefined--
8.582500   --undefined--
8.597500   --undefined--
8.612500   --undefined--
8.627500   369.171396
8.642500   366.864639
8.657500   367.128736
8.672500   368.503692
8.687500   369.161739
8.702500   370.292103
8.717500   368.141696
8.732500   368.438802
8.747500   369.347464
8.762500   --undefined--
8.777500   205.692484
8.792500   394.868387
8.807500   378.082380
8.822500   363.163905
8.837500   357.475464
8.852500   353.621310
8.867500   350.011830
8.882500   346.275195
8.897500   343.839241
8.912500   343.272335
8.927500   342.237576
8.942500   342.043284
8.957500   343.960071
8.972500   344.925330
8.987500   344.045245
9.002500   342.499039
9.017500   341.172048
9.032500   340.791445
9.047500   340.044975
9.062500   335.938822
9.077500   337.924052
9.092500   --undefined--
9.107500   --undefined--
9.122500   --undefined--
9.137500   --undefined--
9.152500   --undefined--
9.167500   211.698979
9.182500   210.221695
9.197500   282.159592
9.212500   394.125569
9.227500   396.176897
9.242500   --undefined--
9.257500   207.048876
9.272500   203.846928
9.287500   202.017467
9.302500   221.295699
9.317500   222.824814
9.332500   219.844371
9.347500   211.142184
9.362500   201.164784
9.377500   199.490708
9.392500   199.584201
9.407500   201.703028
9.422500   199.925966
9.437500   195.956451
9.452500   --undefined--
9.467500   --undefined--
9.482500   --undefined--
9.497500   329.776324
9.512500   324.290234
9.527500   312.326059
9.542500   284.311480
9.557500   277.300349
9.572500   272.160587
9.587500   269.743183
9.602500   268.843872
9.617500   268.785132
9.632500   270.257428
9.647500   274.455615
9.662500   277.896544
9.677500   273.356524
9.692500   270.388777
9.707500   270.889757
9.722500   272.883218
9.737500   272.423494
9.752500   270.809233
9.767500   269.640953
9.782500   271.320564
9.797500   276.792233
9.812500   272.766487
9.827500   272.333794
9.842500   271.389355
9.857500   270.735260
9.872500   270.901319
9.887500   270.852987
9.902500   269.260100
9.917500   269.057697
9.932500   271.553301
9.947500   271.948252
9.962500   273.412273
9.977500   273.085702
9.992500   270.417063
10.007500   262.732288
10.022500   251.578292
10.037500   243.291797
10.052500   230.396878
10.067500   222.037853
10.082500   221.045985
10.097500   219.843057
10.112500   242.397050
10.127500   222.847800
10.142500   221.222537
10.157500   --undefined--
10.172500   --undefined--
10.187500   --undefined--
10.202500   --undefined--
10.217500   --undefined--
10.232500   --undefined--
10.247500   --undefined--
10.262500   --undefined--
10.277500   254.944838
10.292500   246.023406
10.307500   239.680140
10.322500   236.690701
10.337500   233.740873
10.352500   232.193585
10.367500   231.830000
10.382500   231.884621
10.397500   231.591918
10.412500   231.842858
10.427500   233.029571
10.442500   233.631835
10.457500   233.039458
10.472500   232.315334
10.487500   231.957469
10.502500   231.263857
10.517500   228.126286
10.532500   228.795383
10.547500   229.454661
10.562500   230.427014
10.577500   115.254095
10.592500   114.459346
10.607500   115.415690
10.622500   116.187730
10.637500   --undefined--
10.652500   --undefined--
10.667500   --undefined--
10.682500   --undefined--
10.697500   --undefined--
10.712500   --undefined--
10.727500   --undefined--
10.742500   277.121967
10.757500   265.143069
10.772500   261.409126
10.787500   261.214305
10.802500   260.275232
10.817500   258.884090
10.832500   257.020659
10.847500   239.898211
10.862500   242.764760
10.877500   253.714305
10.892500   254.436259
10.907500   254.247215
10.922500   254.228296
10.937500   254.515892
10.952500   254.177513
10.967500   252.051914
10.982500   254.122365
10.997500   254.870675
11.012500   254.760191
11.027500   251.473967
11.042500   248.328282
11.057500   247.051697
11.072500   244.994002
11.087500   242.979622
11.102500   241.271446
11.117500   238.483411
11.132500   236.216451
11.147500   235.226837
11.162500   236.214065
11.177500   236.280833
11.192500   234.854598
11.207500   233.235006
11.222500   232.560600
11.237500   231.343956
11.252500   230.400425
11.267500   231.072953
11.282500   233.569339
11.297500   238.960923
11.312500   236.581779
11.327500   233.798877
11.342500   235.487701
11.357500   237.739995
11.372500   119.155435
11.387500   118.381139
11.402500   118.889274
11.417500   117.833458
11.432500   117.267782
11.447500   117.544848
11.462500   --undefined--
11.477500   --undefined--
11.492500   --undefined--
11.507500   --undefined--
11.522500   --undefined--
11.537500   --undefined--
11.552500   --undefined--
11.567500   --undefined--
11.582500   --undefined--
11.597500   --undefined--
11.612500   --undefined--
11.627500   --undefined--
11.642500   --undefined--
11.657500   --undefined--
11.672500   --undefined--
11.687500   --undefined--
11.702500   --undefined--
11.717500   --undefined--
11.732500   --undefined--
11.747500   --undefined--
11.762500   --undefined--
11.777500   --undefined--
11.792500   323.580902
11.807500   325.936321
11.822500   --undefined--
11.837500   216.430064
11.852500   215.569302
11.867500   215.002416
11.882500   212.736172
11.897500   209.425785
11.912500   208.076851
11.927500   208.964125
11.942500   210.484396
11.957500   211.653891
11.972500   212.792007
11.987500   212.710993
12.002500   212.075216
12.017500   211.313498
12.032500   --undefined--
12.047500   --undefined--
12.062500   --undefined--
12.077500   --undefined--
12.092500   210.471585
12.107500   210.687610
12.122500   213.604837
12.137500   225.121308
12.152500   228.649871
12.167500   232.182789
12.182500   232.787605
12.197500   236.134395
12.212500   252.953504
12.227500   127.522572
12.242500   127.644920
12.257500   127.566135
12.272500   126.921411
12.287500   122.687521
12.302500   117.088424
12.317500   222.299505
12.332500   216.197813
12.347500   215.109315
12.362500   215.270492
12.377500   215.145397
12.392500   215.637735
12.407500   215.353956
12.422500   215.053392
12.437500   215.950929
12.452500   217.248352
12.467500   216.379406
12.482500   215.896987
12.497500   215.454591
12.512500   214.410170
12.527500   214.672013
12.542500   216.355083
12.557500   214.151103
12.572500   199.219946
12.587500   198.433858
12.602500   200.338156
12.617500   211.803222
12.632500   195.440657
12.647500   196.469616
12.662500   197.923678
12.677500   197.099738
12.692500   197.518842
12.707500   199.323255
12.722500   216.833165
12.737500   210.557736
12.752500   204.973044
12.767500   207.261722
12.782500   204.484269
12.797500   202.022830
12.812500   200.657129
12.827500   200.959830
12.842500   201.952795
12.857500   202.693883
12.872500   201.352603
12.887500   201.932962
12.902500   202.435398
12.917500   203.131806
12.932500   201.954671
12.947500   --undefined--
12.962500   217.336038
12.977500   221.057927
12.992500   224.246353
13.007500   223.949886
13.022500   223.505624
13.037500   222.922011
13.052500   --undefined--
13.067500   --undefined--
13.082500   --undefined--
13.097500   --undefined--
13.112500   --undefined--
13.127500   --undefined--
13.142500   --undefined--
13.157500   --undefined--
13.172500   --undefined--
13.187500   --undefined--
13.202500   --undefined--
13.217500   --undefined--
13.232500   --undefined--
13.247500   --undefined--
13.262500   --undefined--
13.277500   196.159207
13.292500   192.571322
13.307500   190.944089
13.322500   190.370778
13.337500   189.112928
13.352500   186.048480
13.367500   183.926543
13.382500   181.078930
13.397500   182.364843
13.412500   184.732330
13.427500   187.575187
13.442500   190.879375
13.457500   192.167992
13.472500   193.239275
13.487500   193.141946
13.502500   192.875512
13.517500   192.527882
13.532500   192.348423
13.547500   207.267291
13.562500   208.103407
13.577500   207.835905
13.592500   180.478219
13.607500   150.743892
13.622500   149.813904
13.637500   120.887319
13.652500   123.238148
13.667500   120.619349
13.682500   113.129534
13.697500   119.490208
13.712500   120.019372
13.727500   122.992710
13.742500   124.367703
13.757500   --undefined--
13.772500   --undefined--
13.787500   --undefined--
13.802500   --undefined--
13.817500   --undefined--
13.832500   --undefined--
13.847500   --undefined--
13.862500   --undefined--
13.877500   --undefined--
13.892500   --undefined--
13.907500   --undefined--
13.922500   --undefined--
13.937500   --undefined--
13.952500   --undefined--
13.967500   --undefined--
