Time_s   Intensity_dB
0.068250   9.902648
0.084250   9.529262
0.100250   9.435336
0.116250   9.688163
0.132250   9.550940
0.148250   9.476056
0.164250   9.611381
0.180250   9.475927
0.196250   9.328200
0.212250   9.512340
0.228250   9.701405
0.244250   9.755731
0.260250   9.822608
0.276250   9.822832
0.292250   9.541553
0.308250   9.347680
0.324250   9.789526
0.340250   10.262780
0.356250   10.219676
0.372250   9.730339
0.388250   34.062110
0.404250   46.805585
0.420250   62.857278
0.436250   72.375804
0.452250   77.165626
0.468250   78.474857
0.484250   77.407331
0.500250   75.365689
0.516250   74.489258
0.532250   74.086034
0.548250   73.908667
0.564250   75.353805
0.580250   75.776862
0.596250   75.145371
0.612250   75.153328
0.628250   75.284788
0.644250   75.340508
0.660250   75.325700
0.676250   75.051761
0.692250   73.883500
0.708250   72.168611
0.724250   71.551235
0.740250   70.594794
0.756250   69.244907
0.772250   68.497791
0.788250   69.217947
0.804250   73.871492
0.820250   78.127636
0.836250   80.083944
0.852250   79.982478
0.868250   78.765910
0.884250   79.147810
0.900250   80.981223
0.916250   82.056850
0.932250   81.206068
0.948250   77.914201
0.964250   73.879600
0.980250   70.847069
0.996250   68.311613
1.012250   72.012812
1.028250   77.008555
1.044250   78.869671
1.060250   78.420063
1.076250   77.234979
1.092250   75.712160
1.108250   73.207147
1.124250   71.653022
1.140250   73.769639
1.156250   75.927252
1.172250   76.617451
1.188250   76.372702
1.204250   75.152220
1.220250   73.051310
1.236250   71.566421
1.252250   71.676393
1.268250   71.554960
1.284250   69.437463
1.300250   65.140038
1.316250   64.566828
1.332250   72.559224
1.348250   78.449848
1.364250   81.352073
1.380250   82.397238
1.396250   82.522240
1.412250   82.592773
1.428250   82.213552
1.444250   80.315992
1.460250   77.287189
1.476250   74.295551
1.492250   73.423261
1.508250   75.726210
1.524250   78.474523
1.540250   79.788852
1.556250   80.207532
1.572250   80.124046
1.588250   79.471822
1.604250   79.486072
1.620250   80.213555
1.636250   80.261054
1.652250   79.192587
1.668250   76.900582
1.684250   74.575865
1.700250   77.049084
1.716250   80.758182
1.732250   82.212252
1.748250   82.480981
1.764250   82.091838
1.780250   80.637290
1.796250   78.744712
1.812250   76.699443
1.828250   74.813763
1.844250   75.249250
1.860250   76.618416
1.876250   76.396084
1.892250   74.688993
1.908250   71.766173
1.924250   68.224140
1.940250   66.887552
1.956250   70.729346
1.972250   73.491295
1.988250   74.322637
2.004250   76.318712
2.020250   78.688052
2.036250   80.018507
2.052250   80.518070
2.068250   80.590448
2.084250   79.940889
2.100250   77.037207
2.116250   72.260992
2.132250   71.320841
2.148250   72.517828
2.164250   72.994433
2.180250   72.365640
2.196250   70.305590
2.212250   68.958982
2.228250   67.566545
2.244250   64.265222
2.260250   62.721776
2.276250   62.322042
2.292250   59.262660
2.308250   57.414453
2.324250   61.800516
2.340250   67.191472
2.356250   70.072427
2.372250   71.565369
2.388250   72.861370
2.404250   72.093471
2.420250   69.259964
2.436250   69.476127
2.452250   72.889183
2.468250   75.539106
2.484250   77.657284
2.500250   79.505444
2.516250   80.622017
2.532250   80.485744
2.548250   79.045295
2.564250   77.950763
2.580250   77.826824
2.596250   78.225556
2.612250   78.788848
2.628250   78.898504
2.644250   78.404582
2.660250   76.202356
2.676250   72.076933
2.692250   69.639231
2.708250   71.771676
2.724250   73.571641
2.740250   74.458913
2.756250   75.115473
2.772250   75.418247
2.788250   74.655826
2.804250   72.842303
2.820250   71.008211
2.836250   70.548880
2.852250   72.709043
2.868250   74.448581
2.884250   74.374321
2.900250   72.572486
2.916250   69.005339
2.932250   68.827607
2.948250   75.331477
2.964250   79.560204
2.980250   81.360746
2.996250   81.755225
3.012250   81.539449
3.028250   81.234099
3.044250   80.398362
3.060250   79.567793
3.076250   79.415054
3.092250   78.898105
3.108250   78.287776
3.124250   79.165569
3.140250   80.621858
3.156250   80.892768
3.172250   80.181394
3.188250   79.151085
3.204250   78.141148
3.220250   77.908920
3.236250   77.483484
3.252250   76.465824
3.268250   75.759769
3.284250   76.368778
3.300250   76.675623
3.316250   75.150735
3.332250   73.296361
3.348250   71.847546
3.364250   70.700962
3.380250   70.579462
3.396250   71.221859
3.412250   70.990185
3.428250   69.013709
3.444250   65.749451
3.460250   62.649906
3.476250   61.860661
3.492250   62.183741
3.508250   62.238156
3.524250   61.617254
3.540250   60.452094
3.556250   59.544010
3.572250   60.104382
3.588250   67.035625
3.604250   73.089160
3.620250   76.134258
3.636250   77.346403
3.652250   77.212127
3.668250   76.055995
3.684250   74.888463
3.700250   74.222389
3.716250   74.273003
3.732250   74.740903
3.748250   76.440079
3.764250   78.520907
3.780250   79.451363
3.796250   79.576664
3.812250   79.780953
3.828250   79.961945
3.844250   79.997885
3.860250   79.856903
3.876250   79.341470
3.892250   78.826648
3.908250   78.331977
3.924250   77.819960
3.940250   77.524698
3.956250   78.267994
3.972250   79.382008
3.988250   79.644222
4.004250   79.326144
4.020250   78.811393
4.036250   78.859856
4.052250   79.836052
4.068250   80.565751
4.084250   81.535188
4.100250   82.678493
4.116250   82.676832
4.132250   81.327680
4.148250   79.574376
4.164250   78.505800
4.180250   77.338332
4.196250   75.926330
4.212250   74.685302
4.228250   73.640054
4.244250   73.086042
4.260250   72.152068
4.276250   69.894846
4.292250   67.722678
4.308250   66.594702
4.324250   65.918950
4.340250   65.659038
4.356250   65.831766
4.372250   65.959418
4.388250   68.452067
4.404250   71.918721
4.420250   73.009474
4.436250   74.064450
4.452250   75.785840
4.468250   76.163667
4.484250   76.170222
4.500250   75.910292
4.516250   74.671498
4.532250   74.115057
4.548250   74.579113
4.564250   74.847752
4.580250   74.723008
4.596250   73.949135
4.612250   72.721131
4.628250   71.461321
4.644250   69.717554
4.660250   67.797067
4.676250   66.027167
4.692250   64.528053
4.708250   63.833660
4.724250   63.407713
4.740250   62.956362
4.756250   65.114941
4.772250   73.312558
4.788250   79.623446
4.804250   82.919041
4.820250   83.812309
4.836250   82.663248
4.852250   80.490799
4.868250   80.846284
4.884250   82.494308
4.900250   82.715038
4.916250   80.971624
4.932250   78.395427
4.948250   77.032628
4.964250   77.352262
4.980250   77.337885
4.996250   76.107178
5.012250   74.177952
5.028250   72.027453
5.044250   72.054918
5.060250   74.761451
5.076250   75.660385
5.092250   75.525482
5.108250   75.503717
5.124250   75.325012
5.140250   75.897980
5.156250   76.975731
5.172250   78.107482
5.188250   79.282408
5.204250   80.298520
5.220250   80.710527
5.236250   80.355706
5.252250   79.396730
5.268250   78.051988
5.284250   76.697333
5.300250   76.446296
5.316250   77.793225
5.332250   78.201666
5.348250   76.348380
5.364250   73.365287
5.380250   71.417536
5.396250   69.731261
5.412250   67.764746
5.428250   65.159026
5.444250   62.204622
5.460250   61.259074
5.476250   60.806700
5.492250   61.987504
5.508250   69.340412
5.524250   75.389732
5.540250   78.575317
5.556250   79.844849
5.572250   80.802308
5.588250   82.257475
5.604250   83.456930
5.620250   84.115620
5.636250   84.134665
5.652250   82.952554
5.668250   80.200537
5.684250   77.577213
5.700250   77.091053
5.716250   77.039731
5.732250   76.634325
5.748250   76.417464
5.764250   75.609655
5.780250   73.120715
5.796250   70.211664
5.812250   69.281254
5.828250   70.299611
5.844250   71.945524
5.860250   74.104929
5.876250   75.858623
5.892250   76.843199
5.908250   77.528964
5.924250   77.850556
5.940250   77.763271
5.956250   77.230367
5.972250   75.924486
5.988250   73.854124
6.004250   72.491661
6.020250   72.146192
6.036250   71.378874
6.052250   69.427432
6.068250   66.610900
6.084250   63.830155
6.100250   62.230321
6.116250   61.626199
6.132250   61.871261
6.148250   62.396953
6.164250   61.700781
6.180250   61.107847
6.196250   65.458078
6.212250   69.917286
6.228250   71.178893
6.244250   70.013552
6.260250   68.409369
6.276250   67.363352
6.292250   65.960489
6.308250   67.740732
6.324250   69.887535
6.340250   68.581834
6.356250   66.912544
6.372250   71.477178
6.388250   75.107402
6.404250   76.136303
6.420250   75.487903
6.436250   75.049919
6.452250   75.698414
6.468250   75.852674
6.484250   75.225683
6.500250   75.194440
6.516250   75.007055
6.532250   73.471132
6.548250   70.877409
6.564250   68.791534
6.580250   67.630232
6.596250   66.221231
6.612250   65.372530
6.628250   66.350929
6.644250   67.565943
6.660250   67.557799
6.676250   66.150243
6.692250   64.262029
6.708250   62.739979
6.724250   61.670008
6.740250   60.658964
6.756250   59.634646
6.772250   58.867798
6.788250   62.717477
6.804250   71.044232
6.820250   76.074224
6.836250   77.805540
6.852250   77.365767
6.868250   76.340645
6.884250   76.141877
6.900250   76.444395
6.916250   76.606809
6.932250   77.295931
6.948250   78.771270
6.964250   79.250025
6.980250   77.827148
6.996250   75.432898
7.012250   73.959887
7.028250   74.667817
7.044250   75.449067
7.060250   75.717895
7.076250   76.041445
7.092250   76.005195
7.108250   75.345075
7.124250   73.901286
7.140250   72.113890
7.156250   70.860680
7.172250   70.842012
7.188250   71.552825
7.204250   71.909358
7.220250   71.884631
7.236250   71.462789
7.252250   70.250171
7.268250   68.463422
7.284250   66.410628
7.300250   64.794006
7.316250   64.844488
7.332250   65.188978
7.348250   65.036345
7.364250   64.442542
7.380250   63.702775
7.396250   62.874661
7.412250   61.949843
7.428250   61.325693
7.444250   60.776672
7.460250   60.024730
7.476250   59.043058
7.492250   58.228578
7.508250   57.833247
7.524250   57.542568
7.540250   56.981380
7.556250   56.534411
7.572250   56.268619
7.588250   56.210443
7.604250   58.012950
7.620250   61.336448
7.636250   63.379055
7.652250   63.935652
7.668250   63.949974
7.684250   63.207240
7.700250   61.983218
7.716250   61.257000
7.732250   60.942266
7.748250   60.710743
7.764250   60.501272
7.780250   60.208872
7.796250   59.676102
7.812250   59.083009
7.828250   58.605556
7.844250   58.157712
7.860250   57.927505
7.876250   57.630741
7.892250   56.508493
7.908250   55.505954
7.924250   55.437625
7.940250   54.769745
7.956250   53.981025
7.972250   53.569836
7.988250   53.187538
8.004250   52.649048
8.020250   52.058232
8.036250   51.501711
8.052250   50.965422
8.068250   50.533612
8.084250   50.162999
8.100250   49.768211
8.116250   49.326347
8.132250   48.861236
8.148250   48.415221
8.164250   47.965846
8.180250   47.504700
8.196250   47.071631
8.212250   46.666144
8.228250   46.254008
8.244250   45.841660
8.260250   45.427755
8.276250   45.008253
8.292250   44.583176
8.308250   44.157550
8.324250   43.749727
8.340250   43.337885
8.356250   42.891772
