Time_s   Intensity_dB
0.067063   71.944648
0.083063   76.833814
0.099063   79.644536
0.115063   80.906675
0.131063   81.763906
0.147063   82.986933
0.163063   84.258528
0.179063   85.252840
0.195063   85.653256
0.211063   85.071785
0.227063   83.432938
0.243063   81.397800
0.259063   80.115081
0.275063   79.966551
0.291063   79.907320
0.307063   79.322939
0.323063   79.840974
0.339063   80.763359
0.355063   79.978308
0.371063   77.204572
0.387063   74.366148
0.403063   73.124461
0.419063   75.434876
0.435063   79.670097
0.451063   81.919656
0.467063   81.858426
0.483063   81.018864
0.499063   80.801625
0.515063   80.968048
0.531063   81.110805
0.547063   80.991260
0.563063   80.563030
0.579063   80.045765
0.595063   79.889038
0.611063   79.815062
0.627063   79.547817
0.643063   79.543429
0.659063   79.624251
0.675063   78.385391
0.691063   75.927942
0.707063   76.351152
0.723063   78.907581
0.739063   80.122979
0.755063   80.129587
0.771063   79.816815
0.787063   79.548006
0.803063   79.367735
0.819063   78.990993
0.835063   78.514452
0.851063   78.598806
0.867063   78.927107
0.883063   78.906081
0.899063   78.601027
0.915063   78.234896
0.931063   77.767037
0.947063   77.121047
0.963063   76.015515
0.979063   74.225940
0.995063   72.344811
1.011063   71.310403
1.027063   70.946056
1.043063   70.205425
1.059063   68.416288
1.075063   65.582039
1.091063   63.549474
1.107063   67.652481
1.123063   72.272905
1.139063   73.460373
1.155063   73.205030
1.171063   73.512155
1.187063   72.850230
1.203063   71.311569
1.219063   70.656567
1.235063   72.650367
1.251063   75.047468
1.267063   76.127764
1.283063   76.489999
1.299063   76.613026
1.315063   76.487668
1.331063   77.178910
1.347063   78.761196
1.363063   79.247881
1.379063   78.608808
1.395063   78.620441
1.411063   78.251814
1.427063   75.628463
1.443063   71.041947
1.459063   71.684417
1.475063   75.240889
1.491063   77.122997
1.507063   78.099671
1.523063   78.630493
1.539063   78.945565
1.555063   78.968131
1.571063   78.552067
1.587063   77.772337
1.603063   76.909771
1.619063   76.237245
1.635063   74.625815
1.651063   71.338105
1.667063   67.737523
1.683063   67.103367
1.699063   70.626961
1.715063   74.158278
1.731063   75.883357
1.747063   76.076201
1.763063   75.833236
1.779063   75.860409
1.795063   76.580436
1.811063   77.963651
1.827063   79.189267
1.843063   79.585837
1.859063   78.546032
1.875063   76.120277
1.891063   73.399137
1.907063   70.198376
1.923063   66.423263
1.939063   63.790977
1.955063   60.720726
1.971063   57.780432
1.987063   57.809771
2.003063   63.934721
2.019063   71.092000
2.035063   74.642403
2.051063   75.091079
2.067063   74.212053
2.083063   73.737713
2.099063   73.766863
2.115063   73.915366
2.131063   73.936061
2.147063   73.573338
2.163063   72.988498
2.179063   72.730200
2.195063   72.742832
2.211063   72.580084
2.227063   72.285042
2.243063   71.758647
2.259063   71.343017
2.275063   72.628375
2.291063   72.922281
2.307063   70.949917
2.323063   68.008343
2.339063   66.716983
2.355063   67.617987
2.371063   69.543219
2.387063   71.406340
2.403063   73.121648
2.419063   73.599375
2.435063   71.919315
2.451063   68.201674
2.467063   65.181351
2.483063   64.977118
2.499063   65.351728
2.515063   65.867868
2.531063   69.354470
2.547063   72.796931
2.563063   74.041716
2.579063   73.748847
2.595063   72.622627
2.611063   71.468465
2.627063   71.186209
2.643063   71.246188
2.659063   70.599284
2.675063   68.820386
2.691063   66.425028
2.707063   64.436687
2.723063   64.211694
2.739063   64.110631
2.755063   64.400837
2.771063   65.650066
2.787063   66.913457
2.803063   67.462375
2.819063   67.796947
2.835063   68.090716
2.851063   68.424007
2.867063   68.734824
2.883063   68.469141
2.899063   68.024557
2.915063   67.853403
2.931063   67.098140
2.947063   64.735114
2.963063   62.466817
2.979063   66.276635
2.995063   71.831340
3.011063   74.702862
3.027063   74.490423
3.043063   71.851981
3.059063   69.933423
3.075063   69.825279
3.091063   68.633675
3.107063   65.437663
3.123063   62.566709
3.139063   62.334937
3.155063   63.328107
3.171063   64.780322
3.187063   64.530522
3.203063   62.699836
3.219063   61.724225
3.235063   60.917051
3.251063   59.329955
3.267063   60.110773
3.283063   61.557407
3.299063   61.160616
3.315063   59.937615
3.331063   59.985303
3.347063   59.387162
3.363063   60.350129
3.379063   61.569878
3.395063   61.272899
3.411063   61.504026
3.427063   62.717922
3.443063   64.683567
3.459063   67.023591
3.475063   69.974142
3.491063   72.843701
3.507063   74.891637
3.523063   76.288383
3.539063   76.949531
3.555063   76.851165
3.571063   76.443585
3.587063   75.849480
3.603063   74.253891
3.619063   70.574051
3.635063   64.915187
3.651063   61.786564
3.667063   62.498905
3.683063   62.256297
3.699063   62.547297
3.715063   64.879461
3.731063   68.572439
3.747063   71.681318
3.763063   73.167708
3.779063   73.569956
3.795063   73.660325
3.811063   72.949105
3.827063   71.485353
3.843063   72.191455
3.859063   73.933193
3.875063   74.640547
3.891063   74.714961
3.907063   74.523792
3.923063   74.236695
3.939063   73.854797
3.955063   73.522899
3.971063   73.312185
3.987063   73.202055
4.003063   73.127794
4.019063   72.789650
4.035063   71.906252
4.051063   70.065411
4.067063   66.989495
4.083063   64.062933
4.099063   64.120479
4.115063   65.476151
4.131063   65.734366
4.147063   64.335698
4.163063   62.138010
4.179063   62.235244
4.195063   62.642198
4.211063   63.460191
4.227063   64.530883
4.243063   64.991078
4.259063   65.244319
4.275063   65.528917
4.291063   68.166000
4.307063   71.007460
4.323063   73.015241
4.339063   74.417064
4.355063   75.006749
4.371063   74.767611
4.387063   74.200741
4.403063   73.916949
4.419063   74.089462
4.435063   74.296540
4.451063   74.369285
4.467063   74.754426
4.483063   75.103681
4.499063   75.121271
4.515063   75.083703
4.531063   74.997058
4.547063   74.789783
4.563063   74.477298
4.579063   74.221340
4.595063   73.740690
4.611063   73.025925
4.627063   72.754613
4.643063   72.864381
4.659063   72.978965
4.675063   72.992768
4.691063   73.010578
4.707063   73.151777
4.723063   73.214734
4.739063   72.532369
4.755063   70.518080
4.771063   67.913265
4.787063   68.584385
4.803063   70.980352
4.819063   72.103681
4.835063   72.299847
4.851063   72.147375
4.867063   71.988456
4.883063   71.859425
4.899063   71.835665
4.915063   71.610593
4.931063   71.143904
4.947063   70.983797
4.963063   71.041718
4.979063   70.958907
4.995063   70.717132
5.011063   70.298377
5.027063   69.887685
5.043063   69.569625
5.059063   69.159428
5.075063   68.858951
5.091063   68.689864
5.107063   69.047311
5.123063   70.034835
5.139063   70.062360
5.155063   69.507574
5.171063   69.300107
5.187063   68.260188
5.203063   66.427966
5.219063   64.076026
5.235063   60.767032
5.251063   59.650230
5.267063   60.300476
5.283063   61.780095
5.299063   61.437658
5.315063   59.767605
5.331063   57.986124
5.347063   56.974498
5.363063   60.013519
5.379063   62.117448
5.395063   62.065325
5.411063   60.966269
5.427063   59.366750
5.443063   57.893216
5.459063   57.756239
5.475063   59.668724
5.491063   60.867754
5.507063   61.640667
5.523063   63.472749
5.539063   64.440824
5.555063   64.736930
5.571063   64.254254
5.587063   63.000260
5.603063   61.877437
5.619063   60.647825
5.635063   60.627984
5.651063   61.127190
5.667063   60.490101
5.683063   60.076629
5.699063   60.278326
5.715063   59.913936
5.731063   59.482988
5.747063   58.837933
5.763063   58.666238
5.779063   58.473674
5.795063   59.091341
5.811063   59.862062
5.827063   60.899008
5.843063   61.286705
5.859063   62.374982
5.875063   62.067104
5.891063   61.260697
5.907063   61.940858
5.923063   61.998009
5.939063   61.480180
5.955063   59.844255
5.971063   58.721461
5.987063   57.319430
6.003063   55.854812
6.019063   56.667537
6.035063   56.704898
6.051063   58.181652
6.067063   59.422124
6.083063   59.742311
6.099063   60.295151
6.115063   58.753817
6.131063   55.784657
6.147063   56.493492
6.163063   56.699033
6.179063   56.611373
6.195063   57.334026
6.211063   58.196984
6.227063   58.353691
6.243063   58.361045
6.259063   59.991804
6.275063   65.311268
6.291063   72.659688
6.307063   78.618564
6.323063   82.548491
6.339063   84.707097
6.355063   85.529215
6.371063   85.571416
6.387063   85.555549
6.403063   85.729528
6.419063   85.526707
6.435063   84.641811
6.451063   83.864261
6.467063   83.093040
6.483063   82.129134
6.499063   81.503845
6.515063   80.392403
6.531063   78.467846
6.547063   76.934128
6.563063   77.574293
6.579063   79.245686
6.595063   79.878510
6.611063   78.263617
6.627063   73.925891
6.643063   70.590907
6.659063   74.592382
6.675063   77.667195
6.691063   78.776282
6.707063   78.919238
6.723063   78.680023
6.739063   78.174838
6.755063   77.143211
6.771063   75.309374
6.787063   72.333636
6.803063   68.607563
6.819063   65.978624
6.835063   66.023485
6.851063   67.305402
6.867063   68.892689
6.883063   69.901621
6.899063   69.181836
6.915063   66.739997
6.931063   64.161907
6.947063   63.299032
6.963063   64.451707
6.979063   65.283250
6.995063   65.114588
7.011063   64.543804
7.027063   62.996984
7.043063   59.759942
7.059063   56.103103
7.075063   54.567552
7.091063   55.165703
7.107063   57.602778
7.123063   57.775280
7.139063   56.586817
7.155063   58.152035
7.171063   59.614921
7.187063   60.337890
7.203063   62.559613
7.219063   64.851239
7.235063   68.400127
7.251063   71.749076
7.267063   73.498922
7.283063   73.693253
7.299063   73.513580
7.315063   73.634804
7.331063   72.764337
7.347063   69.711515
7.363063   64.002104
7.379063   57.526449
7.395063   57.593698
7.411063   61.565807
7.427063   64.039362
7.443063   64.964905
7.459063   66.515854
7.475063   68.361722
7.491063   68.602570
7.507063   66.772549
7.523063   65.755456
7.539063   66.521453
7.555063   66.270856
7.571063   64.864605
7.587063   63.126318
7.603063   62.869848
7.619063   65.002427
7.635063   67.463033
7.651063   68.232560
7.667063   67.833247
7.683063   67.362983
7.699063   67.319233
7.715063   67.385277
7.731063   67.361596
7.747063   65.872915
7.763063   63.869646
7.779063   62.940180
7.795063   60.614974
7.811063   57.945491
7.827063   58.463875
7.843063   59.363956
7.859063   58.226002
7.875063   57.833364
7.891063   56.872956
7.907063   54.827618
7.923063   56.434450
7.939063   59.249804
7.955063   59.963200
7.971063   62.202631
7.987063   69.607272
8.003063   74.859479
8.019063   77.471331
8.035063   78.692582
8.051063   79.306278
8.067063   79.175415
8.083063   77.913293
8.099063   75.931537
8.115063   75.345093
8.131063   76.331257
8.147063   76.736444
8.163063   75.948521
8.179063   75.608565
8.195063   79.385708
8.211063   84.093764
8.227063   86.442436
8.243063   86.485491
8.259063   84.636794
8.275063   81.495344
8.291063   79.012355
8.307063   77.109888
8.323063   73.522466
8.339063   68.478446
8.355063   66.507678
8.371063   69.687030
8.387063   73.063729
8.403063   75.059361
8.419063   76.035896
8.435063   75.808840
8.451063   74.737998
8.467063   74.213157
8.483063   74.135153
8.499063   72.841358
8.515063   70.113820
8.531063   69.712492
8.547063   70.169522
8.563063   68.852328
8.579063   68.809127
8.595063   71.427862
8.611063   72.961493
8.627063   72.654974
8.643063   70.669651
8.659063   68.814511
8.675063   68.023617
8.691063   67.729235
8.707063   67.071650
8.723063   65.252274
8.739063   63.564968
8.755063   62.693609
8.771063   61.435935
8.787063   60.414491
8.803063   60.802744
8.819063   60.961424
8.835063   61.536702
8.851063   62.830899
8.867063   64.147777
8.883063   64.087839
8.899063   64.018011
8.915063   63.614251
8.931063   61.164620
8.947063   58.788178
8.963063   58.500812
8.979063   57.720122
8.995063   57.173762
9.011063   58.458276
9.027063   60.708024
9.043063   61.556163
9.059063   61.094414
9.075063   61.174059
9.091063   60.906247
9.107063   59.751217
9.123063   58.947601
9.139063   59.470584
9.155063   60.349571
9.171063   60.169896
9.187063   59.703967
9.203063   60.534838
9.219063   61.812860
9.235063   61.929541
9.251063   62.661766
9.267063   64.852392
9.283063   66.251093
9.299062   66.719387
9.315062   67.231889
9.331062   66.352579
9.347062   64.856546
9.363062   64.162647
9.379062   62.705786
9.395062   62.175172
