mean: 70.28209258343202 std: 7.045736321563419
0.04342708333333315 60.99480517318172
0.054093749999999816 61.57048285178573
0.06476041666666649 60.66539841691842
0.07542708333333314 60.53012358975075
0.08609374999999983 61.025294726115234
0.09676041666666649 64.20850416975352
0.10742708333333315 68.4930246238224
0.11809374999999983 72.21194028848892
0.1287604166666665 73.61074229548235
0.13942708333333317 73.5952842659631
0.15009374999999983 73.89639495291699
0.1607604166666665 74.28323322900748
0.17142708333333315 74.33280315588061
0.18209374999999983 74.08848160956987
0.1927604166666665 73.988730472305
0.20342708333333318 74.0744602053722
0.21409374999999983 74.01722083610387
0.2247604166666665 73.63907780007808
0.23542708333333318 73.05031158296218
0.24609374999999983 72.49319322691298
0.25676041666666655 72.22241852575428
0.2674270833333332 72.14232232800751
0.27809374999999986 71.86636975873219
0.2887604166666665 71.30894518478632
0.2994270833333332 70.65532392653795
0.3100937499999999 69.71762475352722
0.32076041666666655 68.61221913068144
0.3314270833333332 68.27673291728738
0.34209374999999986 68.23315296011114
0.3527604166666665 67.63951395923368
0.36342708333333323 66.69021298115659
0.3740937499999999 65.62810956151057
0.38476041666666655 64.259384046525
0.3954270833333332 62.923801995572575
0.40609374999999986 61.74722017726714
0.4167604166666666 60.81402147063216
0.42742708333333324 60.53785436967519
0.4380937499999999 59.66059507965241
0.44876041666666655 60.21679281845073
0.4594270833333332 61.2384132599628
0.4700937499999999 61.26695352120098
0.4807604166666666 61.955109593588126
0.49142708333333324 62.72933547702902
0.5020937499999999 62.29509871613814
0.5127604166666665 61.32964739174463
0.5234270833333332 60.7793665214048
0.5340937499999999 58.9868508412097
0.5447604166666665 55.10112923053889
0.5554270833333331 51.97900996996872
0.5660937499999998 51.73651615823465
0.5767604166666666 52.59503700252939
0.5874270833333332 51.77510895738144
0.5980937499999999 54.81820558010548
0.6087604166666665 57.32426906007139
0.6194270833333332 57.29479565258775
0.6300937499999999 55.233211455161644
0.6407604166666665 54.80695812231485
0.6514270833333332 56.93157118799113
0.6620937499999998 56.976685558997325
0.6727604166666665 57.10195518038354
0.6834270833333332 56.173321662992954
0.6940937499999998 53.98548445149852
0.7047604166666666 53.406559434412074
0.7154270833333332 56.4965608764977
0.7260937499999999 57.40581529335113
0.7367604166666666 58.018606753466685
0.7474270833333332 59.299637140649004
0.7580937499999999 58.62041965622372
0.7687604166666665 56.79329504609842
0.7794270833333332 56.496360660681034
0.7900937499999999 56.35272377830617
0.8007604166666665 55.73731805456842
0.8114270833333332 56.227533004016905
0.8220937499999998 55.360065156531626
0.8327604166666666 53.76038521191718
0.8434270833333333 54.972175656502046
0.8540937499999999 56.300244436057994
0.8647604166666666 56.41242407879015
0.8754270833333332 56.17856512765712
0.8860937499999999 57.757039833901885
0.8967604166666666 57.64449660554642
0.9074270833333332 54.398376483570615
0.9180937499999999 49.10142345816239
0.9287604166666665 48.622799065833426
0.9394270833333332 52.80266723819028
0.9500937499999998 56.86368757120601
0.9607604166666666 57.79645936746532
0.9714270833333333 56.26304880553087
0.9820937499999999 55.02206299617405
0.9927604166666666 54.37579740645457
1.0034270833333332 55.17031961108279
1.01409375 56.75371270481797
1.0247604166666666 56.881418057324424
1.0354270833333332 55.92560654927722
1.04609375 55.901467668874034
1.0567604166666666 54.5887006005009
1.0674270833333332 53.402414153607154
1.07809375 52.99018663482798
1.0887604166666667 57.28591936417157
1.0994270833333333 61.03343893692938
1.11009375 63.61438848275736
1.1207604166666667 63.54163177682247
1.1314270833333333 63.438966900561
1.1420937500000001 63.98340557769355
1.1527604166666667 63.22741384600691
1.1634270833333333 61.390346146617304
1.17409375 60.87832443002394
1.1847604166666668 62.78706077731603
1.1954270833333334 62.39356508867119
1.20609375 61.2998331041057
1.2167604166666668 61.153917183943946
1.2274270833333334 61.20546890318123
1.23809375 60.52144447108556
1.2487604166666668 61.22738296194594
1.2594270833333334 61.501258418973855
1.27009375 60.15194156926657
1.2807604166666666 59.7733879457268
1.2914270833333334 60.66468733220428
1.30209375 61.09192279206319
1.3127604166666667 62.27247438615375
1.3234270833333335 64.30076675288957
1.33409375 65.00516326005217
1.3447604166666667 65.25210000002276
1.3554270833333335 66.32399226341866
1.36609375 69.23135373296867
1.3767604166666667 72.2623749886423
1.3874270833333333 75.17299223777951
1.3980937500000001 79.27876024364213
1.4087604166666667 82.65213459584896
1.4194270833333333 83.67923339440762
1.4300937500000002 83.19585162539556
1.4407604166666668 82.34529979751288
1.4514270833333334 81.2440852075259
1.46209375 79.74238280340018
1.4727604166666668 77.930391179257
1.4834270833333334 75.74687648955717
1.49409375 74.1079884510776
1.5047604166666668 72.84236870312395
1.5154270833333334 70.23029485759801
1.52609375 67.19612108529307
1.5367604166666669 64.38904213844923
1.5474270833333335 62.1767783745192
1.55809375 62.52206617036901
1.5687604166666667 65.77191609221794
1.5794270833333335 68.31124638115709
1.59009375 69.52566667750355
1.6007604166666667 69.92481574869814
1.6114270833333335 69.70452495921315
1.6220937500000001 69.18694397106705
1.6327604166666667 68.72026526223064
1.6434270833333335 69.01369420487745
1.6540937500000001 69.25607535113565
1.6647604166666667 68.90712943961678
1.6754270833333333 68.94616837042884
1.6860937500000002 69.55355088581743
1.6967604166666668 70.92516738089495
1.7074270833333334 72.91211230729216
1.7180937500000002 74.68512684470883
1.7287604166666668 75.51493929148808
1.7394270833333334 75.6018350822112
1.7500937500000002 75.2029680177092
1.7607604166666668 74.16919825979471
1.7714270833333334 71.95970955550932
1.78209375 68.4676163080715
1.7927604166666669 65.63788761930998
1.8034270833333335 64.43118495329048
1.81409375 62.820691989792394
1.8247604166666669 60.307143933725804
1.8354270833333335 60.35318081640447
1.84609375 61.1435726090188
1.8567604166666667 60.50026787645041
1.8674270833333335 62.66739566081216
1.8780937500000001 63.74911819025289
1.8887604166666667 62.76283810844247
1.8994270833333335 61.763024276650775
1.9100937500000001 63.08667650986966
1.9207604166666667 66.4937233613762
1.9314270833333336 69.97592686972534
1.9420937500000002 73.10859503305852
1.9527604166666668 75.15447161815734
1.9634270833333334 76.1356931170545
1.9740937500000002 75.93016135144141
1.9847604166666668 74.04732073935713
1.9954270833333334 71.5051040261564
2.0060937500000002 69.47093688911085
2.0167604166666666 66.04258548346547
2.0274270833333334 62.59907074389899
2.0380937500000003 64.66993333684222
2.0487604166666666 66.69361106037985
2.0594270833333335 66.40054880617356
2.07009375 65.42753483736159
2.0807604166666667 65.12741612995472
2.091427083333333 64.10261448457118
2.10209375 61.61476702722146
2.1127604166666667 60.38957787243589
2.123427083333333 59.13757735976441
2.13409375 56.816546177999065
2.1447604166666667 56.259633309026285
2.155427083333333 57.195184031333255
2.16609375 57.52077270801272
2.1767604166666668 58.93813040749819
2.187427083333333 59.65717499511265
2.19809375 59.24856710783012
2.208760416666667 60.45920813943685
2.219427083333333 63.63366182451823
2.23009375 67.31000888971319
2.240760416666667 69.22313091053857
2.251427083333333 68.56742831485501
2.26209375 66.4562214359462
2.272760416666667 65.52470623126452
2.283427083333333 67.34240132221308
2.29409375 69.33873504359258
2.3047604166666664 69.83997772265874
2.3154270833333332 68.72841463008952
2.32609375 66.61536416546531
2.3367604166666665 64.07232142231229
2.3474270833333333 60.71381577368899
2.35809375 58.282158066262895
2.3687604166666665 56.48412266746253
2.3794270833333333 54.466101310313064
2.39009375 56.40600866831165
2.4007604166666665 56.416408234992765
2.4114270833333333 53.032983521760926
2.42209375 52.5790134386283
2.4327604166666665 55.581274594010765
2.4434270833333334 56.07383689439015
2.45409375 53.23425812214876
2.4647604166666666 52.39800582687427
2.4754270833333334 54.04794491368545
2.4860937499999998 55.33806104815599
2.4967604166666666 56.99058835068044
2.5074270833333334 59.72011894284794
2.51809375 59.684574082109656
2.5287604166666666 59.85297734419255
2.5394270833333334 59.787152035797476
2.55009375 59.674724725258514
2.5607604166666667 61.22204455561102
2.5714270833333335 61.35970558637396
2.58209375 60.06529071752952
2.5927604166666667 59.945965015876894
2.6034270833333335 61.07576794240886
2.61409375 60.609441002799116
2.6247604166666667 59.74230888681899
2.6354270833333335 61.10005286734569
2.64609375 62.91032440449874
2.6567604166666667 64.63589701520404
2.6674270833333336 67.00932146518608
2.67809375 67.55221472696314
2.6887604166666668 65.34337224023736
2.699427083333333 65.83030573110923
2.71009375 70.56523016175372
2.720760416666667 73.23916641786326
2.731427083333333 73.98648748088735
2.74209375 74.09039892989571
2.752760416666667 74.47293615552424
2.763427083333333 74.85295006997244
2.77409375 75.0585675366991
2.784760416666667 75.27912281452396
2.7954270833333332 75.42043179295679
2.80609375 75.56145962047503
2.816760416666667 75.55530114162852
2.8274270833333333 75.19043119731776
2.83809375 74.4727559995585
2.848760416666667 74.15942213117154
2.8594270833333333 74.75965853978083
2.87009375 75.49929383095012
2.8807604166666665 75.84099063165233
2.8914270833333333 76.35635049546028
2.90209375 77.01944226256975
2.9127604166666665 77.16423282586847
2.9234270833333333 76.92885004193694
2.93409375 76.57677980618503
2.9447604166666665 76.19958402746879
2.9554270833333334 75.64987435135328
2.96609375 74.44450629625267
2.9767604166666666 72.16726891244976
2.9874270833333334 68.38729039488994
2.9980937500000002 62.910312008771754
3.0087604166666666 57.54692495481429
3.0194270833333334 54.379619871637985
3.0300937500000003 54.380874954226606
3.0407604166666666 59.415075208766766
3.0514270833333335 63.49039030043838
3.0620937500000003 64.26824553235843
3.0727604166666667 63.0859285686984
3.0834270833333335 62.86933893846338
3.09409375 62.803357135691584
3.1047604166666667 61.541855471901016
3.1154270833333335 59.53002427333744
3.12609375 59.589348273830545
3.1367604166666667 61.655167108421736
3.1474270833333335 64.03370498627301
3.15809375 66.66217007575548
3.1687604166666667 68.6800491674494
3.1794270833333336 69.8441041154551
3.19009375 70.4193659898276
3.2007604166666668 70.84018103438
3.2114270833333336 71.21982378765871
3.22209375 71.57867912108765
3.232760416666667 71.8983998140424
3.2434270833333336 72.08853236882034
3.25409375 72.24412785924216
3.264760416666667 72.46739014614796
3.275427083333333 72.67264417967763
3.28609375 72.89774154889676
3.296760416666667 73.1755502886562
3.3074270833333332 73.49354292279583
3.31809375 73.6793186999902
3.328760416666667 73.45055490773699
3.3394270833333333 72.92663399634604
3.35009375 72.809598355583
3.360760416666667 73.33899490805584
3.3714270833333333 73.90022268545904
3.38209375 73.91103196907677
3.392760416666667 73.41634837526266
3.4034270833333333 72.7531532776313
3.41409375 72.34501187788412
3.424760416666667 72.24320033210748
3.4354270833333334 72.11329088881325
3.44609375 71.82788074017787
3.456760416666667 71.58259311540145
3.4674270833333334 71.48949754634995
3.47809375 71.60032774359121
3.4887604166666666 71.94995770660648
3.4994270833333334 72.40340049746987
3.5100937500000002 73.07843328296994
3.5207604166666666 74.10341667124155
3.5314270833333334 74.85404203514082
3.5420937500000003 74.32187421893302
3.5527604166666666 71.74123397747155
3.5634270833333335 66.80514679435692
3.5740937500000003 61.421841149986875
3.5847604166666667 58.58360405648678
3.5954270833333335 55.24890884932997
3.6060937500000003 52.241684904370516
3.6167604166666667 52.867553410709114
3.6274270833333335 55.28235783999616
3.6380937500000003 57.31026250166879
3.6487604166666667 59.70904180566546
3.6594270833333336 64.38041191402972
3.67009375 68.18883665088684
3.6807604166666668 70.23559659142266
3.6914270833333336 71.3268993481165
3.70209375 71.55609842901556
3.712760416666667 71.60750857278965
3.7234270833333336 71.67158639582475
3.73409375 71.85226274470463
3.744760416666667 72.26561447974558
3.7554270833333336 72.6864135717011
3.76609375 72.76240908864851
3.776760416666667 71.84456836754782
3.7874270833333337 69.29142356175448
3.79809375 64.5167970785805
3.808760416666667 58.37172866611298
3.8194270833333337 54.19227345649692
3.83009375 55.482023764717134
3.840760416666667 57.34559217215373
3.8514270833333333 59.424285068134274
3.86209375 63.08433921175424
3.872760416666667 65.68341642133058
3.8834270833333333 65.56859215271503
3.89409375 64.30404461679595
3.904760416666667 63.86913371319844
3.9154270833333333 64.18940010290073
3.92609375 64.41143838999182
3.936760416666667 64.04588937191045
3.9474270833333334 63.03738374972349
3.95809375 62.9265775123326
3.968760416666667 63.106696092960846
3.9794270833333334 62.19948392245436
3.99009375 60.85687775643764
4.000760416666667 61.3124332796177
4.011427083333333 60.83371126172651
4.022093750000001 59.94515070859438
4.032760416666667 61.07539937767763
4.043427083333334 60.53319853599275
4.054093750000001 58.702678934818636
4.064760416666667 57.22862768990163
4.075427083333334 59.55540610013741
4.086093750000001 59.857422437086655
4.096760416666667 57.473830181494336
4.107427083333334 58.212065860293734
4.118093750000001 63.533234578828385
4.128760416666667 67.5338446948631
4.1394270833333335 70.24535961498944
4.150093750000001 72.61891156979654
4.160760416666667 74.07943352981788
4.171427083333334 74.0835663856888
4.182093750000001 72.70806547655238
4.192760416666667 69.70021903393213
4.203427083333334 64.728316698217
4.214093750000001 58.44481441106134
4.224760416666667 54.98093816486495
4.235427083333334 55.9990790174923
4.246093750000001 57.84418465184175
4.256760416666667 60.675939008607955
4.267427083333334 63.024201731642606
4.278093750000001 66.80806740523761
4.288760416666667 69.98422410339145
4.299427083333334 70.98069302511979
4.310093750000001 70.64284487282335
4.320760416666667 69.92776806370698
4.331427083333334 69.3742369670959
4.342093750000001 68.36898716262883
4.352760416666667 67.2658670993811
4.363427083333334 69.26062589554311
4.374093750000001 72.94425020430351
4.384760416666667 75.40607000450153
4.395427083333334 76.0952942289339
4.406093750000001 75.06729399772775
4.416760416666667 72.27855258716292
4.427427083333334 69.82334711275716
4.438093750000001 70.19118150073274
4.448760416666667 71.37471592489301
4.459427083333334 71.60237044936109
4.470093750000001 70.07237767453921
4.4807604166666675 66.42136968637053
4.491427083333334 61.87669132143144
4.502093750000001 59.3977301535661
4.5127604166666675 59.852040976903666
4.523427083333334 59.9195831651706
4.53409375 61.0643880173247
4.5447604166666675 61.740799767494835
4.555427083333334 62.68256270686712
4.56609375 62.98920890772813
4.5767604166666676 63.4614276073451
4.587427083333334 63.251248797166085
4.59809375 63.3910626834041
4.608760416666668 64.72212694272476
4.619427083333334 65.32153104143984
4.63009375 65.02424478109265
4.640760416666668 63.80140105114918
4.651427083333334 64.36035394627757
4.66209375 64.45899083769453
4.672760416666668 63.62276196415051
4.683427083333334 61.77476056803381
4.69409375 61.86715592522514
4.704760416666668 62.21084229973778
4.715427083333334 62.20252809819834
4.72609375 62.26358104165867
4.736760416666668 61.53502289790984
4.747427083333334 60.76297383611688
4.7580937500000005 59.93007164307145
4.768760416666668 58.63305372316921
4.779427083333334 58.284760357317154
4.7900937500000005 59.07138853684862
4.800760416666668 59.10508520730285
4.811427083333334 59.67593626760326
4.8220937500000005 61.197324671568495
4.832760416666668 61.24628923406615
