mean: 75.28820480232163 std: 23.951296735057515
0.04501041666666653 9.96918803932041
0.0556770833333332 9.954197882792919
0.06634374999999987 9.528801854495274
0.07701041666666653 9.43120837526477
0.08767708333333321 10.089686165975301
0.09834374999999987 10.549427445644872
0.10901041666666653 10.13207630714957
0.11967708333333321 9.838986457853444
0.13034374999999987 10.398515067837108
0.14101041666666655 10.71627296922648
0.1516770833333332 10.67281691651669
0.16234374999999987 10.385226878846236
0.17301041666666653 9.395106667107363
0.1836770833333332 9.013209059010297
0.19434374999999987 12.504354845158316
0.20501041666666656 18.159498376458608
0.2156770833333332 28.404857450517728
0.22634374999999987 37.8935997386433
0.23701041666666656 47.90526509013117
0.24767708333333321 56.57897951083925
0.2583437499999999 64.18563366210083
0.2690104166666666 70.08272217293332
0.27967708333333324 74.03675604115529
0.2903437499999999 77.15939964527364
0.30101041666666656 80.45036135281762
0.31167708333333327 83.1252691371219
0.32234374999999993 84.62361154121328
0.3330104166666666 85.43104117850369
0.34367708333333324 85.18411627091345
0.3543437499999999 84.28828867117727
0.3650104166666666 83.98329223647426
0.3756770833333333 84.02821496476588
0.38634374999999993 84.20617398798535
0.3970104166666666 84.09101404798372
0.40767708333333325 83.20837153550542
0.41834374999999996 82.65075011831932
0.4290104166666666 82.84934645245312
0.4396770833333333 82.67831751344875
0.45034374999999993 82.30708760468927
0.4610104166666666 81.87727025985183
0.4716770833333333 80.95988132993631
0.48234374999999996 79.69229423533676
0.4930104166666666 78.57617605035135
0.5036770833333333 77.52925105750101
0.5143437499999999 76.70253735850818
0.5250104166666666 75.56224002356916
0.5356770833333333 75.32398896307416
0.5463437499999999 75.57158915942863
0.5570104166666665 75.12071744500658
0.5676770833333332 75.0081048331944
0.5783437499999999 74.91492578814116
0.5890104166666665 74.55343170473978
0.5996770833333332 74.2210303509411
0.6103437499999999 73.28338032982734
0.6210104166666666 71.78272079041987
0.6316770833333333 70.29748259784276
0.6423437499999999 69.0955397229734
0.6530104166666666 69.12258120244734
0.6636770833333332 71.11202027513967
0.6743437499999999 74.01338957259935
0.6850104166666666 76.08087634890933
0.6956770833333332 76.77990651432752
0.7063437499999999 76.2417017036046
0.7170104166666665 75.31577464459927
0.7276770833333333 74.55938507959092
0.73834375 72.55752972685261
0.7490104166666666 70.4227931073465
0.7596770833333333 69.90251695764553
0.7703437499999999 68.9399332919499
0.7810104166666666 67.54636787869623
0.7916770833333333 67.68084854588867
0.8023437499999999 71.66442605224623
0.8130104166666666 76.46455156643279
0.8236770833333332 79.70220289595403
0.8343437499999999 80.47053531883563
0.8450104166666667 78.59440320004119
0.8556770833333333 75.93212733025662
0.86634375 73.65191811412272
0.8770104166666666 71.54464359993815
0.8876770833333333 70.7139760662775
0.89834375 69.88025110513063
0.9090104166666666 67.38523890061099
0.9196770833333333 64.40843396348927
0.9303437499999999 66.04412767357948
0.9410104166666666 68.77378856483728
0.9516770833333332 68.51736392743996
0.9623437499999999 67.08850058493961
0.9730104166666667 68.12057425385979
0.9836770833333333 69.7386823925073
0.99434375 71.00911297429025
1.0050104166666667 71.7814337137876
1.0156770833333333 71.24356774952861
1.02634375 70.26132058444605
1.0370104166666667 69.19264685866455
1.0476770833333333 67.94565032034284
1.05834375 67.2184372324962
1.0690104166666665 65.9597041741121
1.0796770833333333 63.80620753272861
1.09034375 61.86458777534719
1.1010104166666665 60.96126116491636
1.1116770833333334 60.631172109545886
1.12234375 60.78182628876793
1.1330104166666666 61.92401176409354
1.1436770833333334 62.44169505866323
1.15434375 61.23002907345278
1.1650104166666666 59.27225934641019
1.1756770833333332 57.896793662169046
1.18634375 56.56313087448652
1.1970104166666666 55.762287427240224
1.2076770833333332 54.80898440831258
1.21834375 52.727181237892225
1.2290104166666667 50.31474001824084
1.2396770833333333 49.99980732329121
1.25034375 51.02122947817542
1.2610104166666667 50.49404901328484
1.2716770833333333 49.43964376688566
1.28234375 49.0015975766746
1.2930104166666667 48.271652964472025
1.3036770833333333 48.107179916980144
1.31434375 47.39992987021522
1.3250104166666667 45.93240686975679
1.3356770833333333 46.016165433024476
1.34634375 46.52216805741877
1.3570104166666668 46.85913761743877
1.3676770833333334 47.39621335500218
1.37834375 46.816234022357875
1.3890104166666666 45.43128618277759
1.3996770833333334 45.07400470208011
1.41034375 44.36689496607531
1.4210104166666666 43.96034311530934
1.4316770833333334 44.58976120029192
1.44234375 44.85354292846794
1.4530104166666666 43.7419646332173
1.4636770833333332 42.590719155929726
1.47434375 40.9655483357572
1.4850104166666667 38.67066879017846
1.4956770833333333 36.912082187917136
1.50634375 35.47027984710657
1.5170104166666667 32.6961840243806
1.5276770833333333 31.351560117082762
1.5383437500000001 32.79209162718454
1.5490104166666667 33.982661172270774
1.5596770833333333 34.794493115527445
1.57034375 35.62989806598526
1.5810104166666668 34.297253417992096
1.5916770833333334 31.796106422288307
1.60234375 32.117949292724894
1.6130104166666668 31.678165301912777
1.6236770833333334 29.83499261149198
1.63434375 26.612737417258213
1.6450104166666668 19.948614995164576
1.6556770833333334 11.989248404962186
1.66634375 9.45741405734671
1.6770104166666666 8.9495345261613
1.6876770833333334 9.11854312011598
1.69834375 9.181012072121662
1.7090104166666666 9.608996559787244
1.7196770833333335 10.070317476116735
