mean: 75.89311557585742 std: 15.264174318226846 duration: 8.4245
0.046916666666665975 9.740922413417481
0.05758333333333264 10.203128518195914
0.06824999999999931 9.969933635938446
0.07891666666666597 9.629047921744242
0.08958333333333265 9.329286358221113
0.10024999999999931 9.207051483504088
0.11091666666666597 9.718735029186785
0.12158333333333265 9.944248113649115
0.1322499999999993 9.452948211798226
0.142916666666666 9.229621275533672
0.15358333333333266 9.608126636475857
0.1642499999999993 9.710866724556247
0.17491666666666597 9.588440555082446
0.18558333333333266 9.365392950415695
0.19624999999999931 9.211300856225366
0.206916666666666 9.32204554745351
0.21758333333333266 9.7284038289731
0.22824999999999931 9.705560799605003
0.238916666666666 9.733613206151867
0.24958333333333266 9.769290062022062
0.26024999999999937 9.8166721145794
0.27091666666666603 9.893891274358422
0.2815833333333327 9.868521935921578
0.29224999999999934 9.585302263990197
0.302916666666666 9.090451629745917
0.3135833333333327 9.245685676614364
0.32424999999999937 9.847860285213722
0.33491666666666603 10.174216565598114
0.3455833333333327 10.466060626914269
0.35624999999999934 10.475513642529496
0.36691666666666606 9.69975006938192
0.3775833333333327 9.24053803975793
0.3882499999999994 9.880206584055193
0.39891666666666603 11.621185564495507
0.4095833333333327 37.795449285505136
0.4202499999999994 50.36242733902418
0.43091666666666606 64.67556426185678
0.4415833333333327 73.24076705763625
0.4522499999999994 77.62082820823832
0.46291666666666603 79.0359591767037
0.47358333333333275 78.69729798225445
0.4842499999999994 77.47302551932292
0.49491666666666606 75.50506657494185
0.5055833333333327 74.15833672452908
0.5162499999999993 74.52362160890769
0.526916666666666 74.65778742064181
0.5375833333333327 73.68052834029564
0.5482499999999993 72.84158494036392
0.558916666666666 74.65124398650231
0.5695833333333327 76.36576608452978
0.5802499999999994 76.11350373089766
0.590916666666666 74.92676118154174
0.6015833333333327 74.80823108991487
0.6122499999999993 75.29670542831217
0.622916666666666 75.27927599200343
0.6335833333333327 75.2515045600943
0.6442499999999993 75.40401136933637
0.654916666666666 75.34963149856289
0.6655833333333326 75.30766493775245
0.6762499999999994 75.28750471933076
0.6869166666666661 74.67449785560606
0.6975833333333327 73.04067944472136
0.7082499999999994 71.32240767089398
0.718916666666666 71.70665642217375
0.7295833333333327 71.85860824847903
0.7402499999999994 70.42317603552124
0.750916666666666 69.22491413936665
0.7615833333333327 68.91698749940551
0.7722499999999993 68.46701387785646
0.782916666666666 67.94291913459386
0.7935833333333328 68.23323005632479
0.8042499999999994 72.14214781567442
0.8149166666666661 76.57830741221953
0.8255833333333327 79.30261458515733
0.8362499999999994 80.52985277895715
0.8469166666666661 80.63608437345053
0.8575833333333327 79.707808365141
0.8682499999999994 78.10720340003533
0.878916666666666 77.89670349138747
0.8895833333333327 79.51411064277833
0.9002499999999994 81.02244413431893
0.910916666666666 82.06104080273207
0.9215833333333328 82.65764173831627
0.9322499999999994 81.68779072242646
0.9429166666666661 78.48917527904129
0.9535833333333327 75.17583078584883
0.9642499999999994 73.16981971372579
0.9749166666666661 71.71503130788753
0.9855833333333327 69.3737349517023
0.9962499999999994 66.55988778168992
1.006916666666666 66.65820937539164
1.0175833333333328 71.96335915911193
1.0282499999999994 77.10938524871841
1.038916666666666 79.27996351280244
1.0495833333333329 79.30094791732901
1.0602499999999995 78.4313836741172
1.070916666666666 77.39371831610556
1.081583333333333 76.96980120525575
1.0922499999999995 75.93722240408181
1.102916666666666 73.58536598071038
1.113583333333333 71.77499236120822
1.1242499999999995 70.45849829248344
1.1349166666666661 71.59857478165036
1.145583333333333 74.83148173767758
1.1562499999999996 76.25286828670087
1.1669166666666662 76.67733803450406
1.1775833333333328 76.78028026443431
1.1882499999999996 76.56632653264437
1.1989166666666662 75.89510015173477
1.2095833333333328 74.40953414722104
1.2202499999999996 72.62420754912443
1.2309166666666662 71.24131511777671
1.2415833333333328 71.19027007584864
1.2522499999999996 71.71235571609911
1.2629166666666662 72.13963162083016
1.2735833333333328 71.6827352764358
1.2842499999999994 69.3033758886446
1.2949166666666663 65.12806799803242
1.3055833333333329 62.07772106958218
1.3162499999999995 61.46691761088676
1.3269166666666663 64.60269629316525
1.337583333333333 72.54673848157032
1.3482499999999995 78.1439883550591
1.3589166666666663 80.91450674681796
1.369583333333333 82.06255485694903
1.3802499999999995 82.66505360357075
1.3909166666666661 82.55197238895633
1.401583333333333 82.41049407969672
1.4122499999999996 82.58388274397387
1.4229166666666662 82.88405607330299
1.433583333333333 82.11323626211104
1.4442499999999996 79.95957534497464
1.4549166666666662 78.00411149190501
1.4655833333333328 75.58670491561874
1.4762499999999996 73.44645148280877
1.4869166666666662 72.64107659638394
1.4975833333333328 73.12440981326938
1.5082499999999996 74.84913896096313
1.5189166666666662 77.61829904150731
1.5295833333333329 79.43393525201442
1.5402499999999997 79.95486992126831
1.5509166666666663 80.07886102339931
1.5615833333333329 80.4041966687887
1.5722499999999995 80.35947138042366
1.5829166666666663 79.68424398566145
1.593583333333333 78.88298345257765
1.6042499999999995 79.18621104314795
1.6149166666666663 80.13029476920357
1.625583333333333 80.57243504486364
1.6362499999999995 80.48999709864198
1.6469166666666664 79.8886851595552
1.657583333333333 78.6242305226758
1.6682499999999996 76.61660783050274
1.6789166666666662 74.18811663693307
1.689583333333333 72.8112700511657
1.7002499999999996 75.21745558209264
1.7109166666666662 79.56615053503765
1.721583333333333 82.04571890731357
1.7322499999999996 82.46023026687845
1.7429166666666662 82.28280821334684
1.753583333333333 82.74540586159468
1.7642499999999997 82.44352913120312
1.7749166666666663 81.03783478483297
1.7855833333333329 79.929495469462
1.7962499999999997 78.57550226661351
1.8069166666666663 77.22847841622686
1.8175833333333329 75.8595745533646
1.8282499999999997 73.99817345443876
1.8389166666666663 73.7037527613238
1.849583333333333 75.8974048510985
1.8602499999999995 77.14203851853837
1.8709166666666663 76.95473172852816
1.881583333333333 76.13218750372792
1.8922499999999995 74.70026461578993
1.9029166666666664 72.49884498621819
1.913583333333333 69.93945622246682
1.9242499999999996 67.49903301545775
1.9349166666666664 65.18202098675725
1.945583333333333 65.48232440229927
1.9562499999999996 69.88239100292385
1.9669166666666662 73.3554189383878
1.977583333333333 74.43538311964295
1.9882499999999996 73.79365462542209
1.9989166666666662 74.3344912836743
2.009583333333333 77.10895961623828
2.0202499999999994 78.88858260986386
2.0309166666666663 79.68771618417077
2.041583333333333 80.48981713091837
2.0522499999999995 80.66504779231549
2.0629166666666663 80.41471847425697
2.0735833333333327 80.80880551367073
2.0842499999999995 80.55051715531508
2.094916666666666 78.26768368530972
2.1055833333333327 73.86333431201636
2.1162499999999995 69.60819641924603
2.126916666666666 70.18799222726105
2.1375833333333327 72.01092407721161
2.1482499999999995 72.68212918730006
2.158916666666666 72.90765692280404
2.1695833333333328 73.33253515666993
2.1802499999999996 72.84876294868711
2.190916666666666 70.60335596206241
2.201583333333333 68.66422139178765
2.2122499999999996 69.19193783366508
2.222916666666666 68.84391331679004
2.233583333333333 66.4482575421947
2.2442499999999996 62.38217653978279
2.254916666666666 61.537875037954954
2.265583333333333 63.51802002156643
2.2762499999999997 63.13599017299204
2.286916666666666 59.892836282497896
2.297583333333333 55.66171479330934
2.3082499999999992 56.165987269348236
2.318916666666666 58.23885167574772
2.329583333333333 61.397262951182654
2.3402499999999993 66.49196777570216
2.350916666666666 69.91382458405168
2.361583333333333 70.74975828568353
2.3722499999999993 70.9150703895806
2.382916666666666 72.74042944024173
2.393583333333333 73.78625466585953
2.4042499999999993 72.45067864625437
2.414916666666666 69.09821008159453
2.425583333333333 67.12618393031148
2.4362499999999994 68.28524004601019
2.446916666666666 70.99985779233472
2.457583333333333 73.93178122599772
2.4682499999999994 75.49007377181928
2.478916666666666 76.61728640230375
2.4895833333333326 78.24628594548106
2.5002499999999994 79.54004273421252
2.5109166666666662 80.47519218187978
2.5215833333333326 81.10607604943952
2.5322499999999994 80.88399516131412
2.5429166666666663 79.4798633448353
2.5535833333333327 77.92479249105789
2.5642499999999995 77.78703482487545
2.5749166666666663 77.87847889382613
2.5855833333333327 77.65351321580476
2.5962499999999995 78.05861170625406
2.6069166666666663 78.86512588499411
2.6175833333333327 78.98254424330875
2.6282499999999995 78.81911156304143
2.6389166666666664 79.05571400654216
2.6495833333333327 78.35550879782701
2.6602499999999996 75.96744370044601
2.6709166666666664 72.48513359431507
2.6815833333333328 68.90065866538276
2.6922499999999996 67.99788817019123
2.702916666666666 70.48498166350002
2.713583333333333 72.72851405853191
2.7242499999999996 73.73784096846353
2.734916666666666 74.21471000345069
2.745583333333333 74.68237248662093
2.7562499999999996 75.09725262476147
2.766916666666666 75.57817455507987
2.777583333333333 75.66184707261407
2.7882499999999997 74.8407487557437
2.798916666666666 73.26649371782325
2.809583333333333 71.89307273433988
2.8202499999999997 70.83720871571803
2.830916666666666 69.67562646531849
2.841583333333333 69.96286183143431
2.8522499999999997 72.48086685231173
2.862916666666666 74.45747952276092
2.873583333333333 75.04672444761727
2.8842499999999993 74.65800983241765
2.894916666666666 73.57219964018661
2.905583333333333 71.38880582521013
2.9162499999999993 67.78624495829919
2.926916666666666 64.10705448447396
2.937583333333333 66.8447015950543
2.9482499999999994 73.74779554032321
2.958916666666666 78.36061331904577
2.969583333333333 80.71436976701541
2.9802499999999994 81.6137733651058
2.9909166666666662 81.88820225201721
3.001583333333333 81.8454870959917
3.0122499999999994 81.41036740484617
3.0229166666666663 81.37546158823638
3.033583333333333 81.38523615104411
3.0442499999999995 80.26585417424377
3.0549166666666663 79.32307950426393
3.065583333333333 79.42625044262199
3.0762499999999995 79.60372321541473
3.0869166666666663 79.28472396269767
3.0975833333333327 78.56292521348519
3.1082499999999995 77.79288085566198
3.1189166666666663 78.16636575047224
3.1295833333333327 79.56981606463724
3.1402499999999995 80.94642561045346
3.1509166666666664 81.35173645366395
3.1615833333333327 80.73137185346744
3.1722499999999996 80.13889614880006
3.1829166666666664 79.62400834409127
3.1935833333333328 78.65300447475857
3.2042499999999996 77.7189249771482
3.2149166666666664 77.84089627939171
3.225583333333333 78.15489135609253
3.2362499999999996 77.63494018819867
3.2469166666666665 76.63134101796521
3.257583333333333 76.1053214101737
3.2682499999999997 75.40876829656818
3.278916666666666 75.35079948333865
3.289583333333333 77.14330314242812
3.3002499999999997 77.34411994883143
3.310916666666666 75.62468288020177
3.321583333333333 74.01124622377574
3.3322499999999997 73.20461841449625
3.342916666666666 72.25117185135058
3.353583333333333 71.188924494253
3.3642499999999997 70.44097794081254
3.374916666666666 70.17630456676427
3.385583333333333 70.58554086371647
3.3962499999999998 71.42263340252644
3.406916666666666 71.75502864157048
3.417583333333333 70.74488114712084
3.42825 68.78260967210039
3.438916666666666 66.42721159896816
3.449583333333333 63.68496317725739
3.46025 61.61137178945219
3.470916666666666 61.55215852417367
3.481583333333333 62.01131274984843
3.4922499999999994 62.22948085701663
3.5029166666666662 62.374929826938185
3.513583333333333 62.33251145740973
3.5242499999999994 61.73977566045074
3.5349166666666663 60.686643376972384
3.545583333333333 59.838866607815206
3.5562499999999995 59.61033005698948
3.5669166666666663 59.02942227487175
3.577583333333333 58.14818105975682
3.5882499999999995 62.81292802719975
3.5989166666666663 70.11793231090905
3.609583333333333 74.52104109600963
3.6202499999999995 76.38492033772336
3.6309166666666663 77.20019527483782
3.641583333333333 77.84550210365691
3.6522499999999996 77.48889000863757
3.6629166666666664 76.30460522937415
3.6735833333333328 75.51257354053875
3.6842499999999996 74.82407077078278
3.6949166666666664 74.06235892435615
3.705583333333333 74.00067171395426
3.7162499999999996 74.39084983654672
3.7269166666666664 74.30855374666143
3.737583333333333 74.6095793488002
3.7482499999999996 75.9517951367163
3.7589166666666665 77.85092555101339
3.769583333333333 79.34215053629637
3.7802499999999997 79.67660176325741
3.7909166666666665 79.47061174841912
3.801583333333333 79.56017280923375
3.8122499999999997 79.76149514503463
3.8229166666666665 80.0441324808505
3.833583333333333 79.96824981057571
3.8442499999999997 79.94396289922912
3.854916666666666 80.14248571455843
3.865583333333333 79.7798910025956
3.8762499999999998 79.2466012570848
3.886916666666666 78.95965054501357
3.897583333333333 78.70189702886846
3.90825 78.30319365200553
3.918916666666666 77.9802344593833
3.929583333333333 77.62540413622492
3.94025 77.26769642572319
3.950916666666666 77.42775513352639
3.961583333333333 78.66057614462889
3.97225 79.71676547880526
3.982916666666666 79.7720823950763
3.993583333333333 79.63235608057533
4.00425 79.39011252548745
4.014916666666666 78.95176636989403
4.0255833333333335 78.5062458160911
4.03625 78.40693911392414
4.046916666666667 79.41261956294247
4.0575833333333335 80.41229811698597
4.06825 80.48994449037946
4.078916666666667 80.70716173613928
4.089583333333334 81.93225117286408
4.10025 82.99009437461228
4.110916666666667 83.1945406186596
4.121583333333334 82.58147752329764
4.13225 81.22686087950336
4.142916666666666 79.65196954282052
4.153583333333334 78.88660058023234
4.16425 78.67042051372019
4.174916666666666 77.84980717810362
4.185583333333334 76.64673855185478
4.19625 75.82639938132624
4.206916666666666 74.99691282879098
4.217583333333334 74.21874073857106
4.22825 73.44057875894379
4.238916666666666 73.02563807236113
4.249583333333334 73.24361377593236
4.26025 72.48575145221909
4.2709166666666665 70.3623550089334
4.281583333333334 68.44794839879809
4.29225 67.44467432678822
4.3029166666666665 66.72820515290027
4.313583333333334 66.29526839229212
4.32425 65.86577759450292
4.3349166666666665 65.47600549605994
4.345583333333334 65.57869681746962
4.35625 66.00314204796857
4.366916666666667 65.94940593068168
4.377583333333334 65.40634196517034
4.38825 66.54382786580209
4.398916666666667 70.72102201551787
4.409583333333334 73.4262132429304
4.42025 73.11841814653579
4.430916666666667 72.3131791542588
4.441583333333334 74.56213598205282
4.45225 76.31156349167743
4.462916666666667 76.4233836150795
4.473583333333334 75.87377833305305
4.48425 76.13229266899425
4.494916666666667 76.52988575846129
4.505583333333334 75.78110248231836
4.51625 74.16400897177506
4.526916666666667 73.63817275047946
4.537583333333333 74.21355245201238
4.54825 74.67504479456106
4.558916666666667 74.87764853719425
4.569583333333333 74.89387348646405
4.58025 74.90153337141622
4.590916666666667 74.46441995199709
4.601583333333333 73.45347874334624
4.61225 72.52884829706446
4.622916666666667 72.0114428231908
4.633583333333333 71.01174790296027
4.64425 69.43260994251423
4.654916666666667 68.17486693111456
4.665583333333333 67.10468380304721
4.6762500000000005 65.86278017824661
4.686916666666667 64.60824108709261
4.697583333333333 63.94317662844149
4.7082500000000005 63.86080092335965
4.718916666666667 63.6200652075435
4.729583333333333 63.14540220897632
4.7402500000000005 62.98990483426593
4.750916666666667 62.566791588894624
4.761583333333333 62.67703244586002
4.7722500000000005 69.35648730199352
4.782916666666667 76.39007328558326
4.793583333333333 80.8883663336629
4.804250000000001 83.2894827920809
4.814916666666667 84.19567626316584
4.825583333333333 84.09835602042607
4.836250000000001 82.8009804075881
4.846916666666667 80.3389812081693
4.857583333333333 78.93290235564996
4.868250000000001 80.48837776166272
4.878916666666667 82.1660493136844
4.889583333333333 83.1594958896286
4.900250000000001 83.27859693225028
4.910916666666667 81.83352854448599
4.921583333333333 79.38266691333584
4.93225 78.04616574770003
4.942916666666667 76.73575443717232
4.9535833333333334 76.46258480939917
4.96425 77.62744547499364
4.974916666666667 77.83677967416706
4.9855833333333335 77.21828968107219
4.99625 76.07276819608205
5.006916666666667 74.67113994245824
5.0175833333333335 73.36056080843542
5.02825 71.63199596886555
5.038916666666667 69.85821382836706
5.0495833333333335 71.72984022172356
5.06025 75.31692880186151
5.070916666666667 76.23000858914132
5.081583333333334 75.36823139654769
5.09225 75.36889996829997
5.102916666666667 75.75676293049824
5.113583333333334 75.49580043656894
5.12425 74.99210004882306
5.134916666666667 75.33034181630586
5.145583333333334 76.23948956568323
5.15625 76.88149177773316
5.166916666666667 77.66124442666089
5.177583333333334 78.41303073079979
5.18825 79.20456277877905
5.198916666666667 80.04918813047979
5.209583333333334 80.68062068455488
5.22025 80.90869648431956
5.230916666666667 80.66948748236351
5.241583333333334 80.1713700958585
5.25225 79.4099092171112
5.262916666666667 78.4580822204423
5.273583333333334 77.45732135462886
5.28425 76.47121527912076
5.294916666666667 75.73322637310812
5.305583333333334 76.2399860071354
5.31625 77.93687387568534
5.3269166666666665 78.93913908566381
5.337583333333334 78.32643583783485
5.34825 76.00157535297674
5.3589166666666666 73.37156371667226
5.369583333333334 72.15363377431481
5.38025 71.48167805726958
5.390916666666667 70.25777456466342
5.401583333333334 68.83278162861522
5.41225 67.79390627095489
5.422916666666667 66.11726681248848
5.433583333333334 63.252166202886386
5.44425 61.07324721470522
5.454916666666667 61.263495784856005
5.465583333333334 61.45338125380532
5.47625 60.7885044162171
5.486916666666667 60.0785452892024
5.497583333333334 60.21301351961765
5.50825 65.34975045258608
5.518916666666667 72.44084167093723
5.529583333333334 76.64290646859209
5.54025 78.86077275127234
5.550916666666667 79.83245346622107
5.561583333333334 79.93439172527545
5.57225 80.47889955244734
5.582916666666667 81.63095396632005
5.593583333333334 82.7768229361038
5.60425 83.54044055725731
5.614916666666667 84.02317523524941
5.625583333333334 84.34244253992746
5.63625 84.39729387278638
5.646916666666667 83.85448229425833
5.657583333333334 82.23290623495853
5.6682500000000005 79.40591285550597
5.678916666666667 77.13961011780373
5.689583333333334 76.99268944426723
5.7002500000000005 77.05410361828471
5.710916666666667 77.2282961170199
5.721583333333333 77.09635244842863
5.7322500000000005 76.39513665452752
5.742916666666667 76.35217715442752
5.753583333333333 76.67580101638126
5.7642500000000005 75.99740423335646
5.774916666666667 73.87357258182938
5.785583333333333 71.14756343651375
5.796250000000001 69.58727055911943
5.806916666666667 68.8408442271898
5.817583333333333 68.95307624426512
5.828250000000001 70.34909289071746
5.838916666666667 71.07943231218864
5.849583333333333 72.13830139805435
5.860250000000001 73.9922100836449
5.870916666666667 75.46029058033572
5.881583333333333 76.43040520591515
5.892250000000001 76.77202565710569
5.902916666666667 77.34035914393849
5.913583333333333 77.84245054200174
5.924250000000001 77.90268297172057
5.934916666666667 77.9052619359687
5.945583333333333 77.7483509845318
5.956250000000001 77.33627449807048
5.966916666666667 76.68538473744483
5.9775833333333335 75.15964263703634
5.988250000000001 73.31262120609797
5.998916666666667 72.30621528863057
6.0095833333333335 72.30799065394254
6.020250000000001 72.23569864416633
6.030916666666667 72.01418384287373
6.0415833333333335 71.05956548088285
6.052250000000001 69.13490577048385
6.062916666666667 67.26889455432666
6.073583333333334 65.10868980775409
6.084250000000001 63.12694532068515
6.094916666666667 62.33101080109449
6.105583333333334 61.90884251822047
6.11625 61.43769708483755
6.126916666666667 61.33199827500239
6.137583333333334 62.08465726610564
6.14825 62.845481832423644
6.158916666666667 62.44166057248313
6.169583333333334 60.911686565762
6.18025 59.93095221206006
6.190916666666667 60.76167730058641
6.201583333333334 65.64101960221842
6.21225 70.2937351011819
6.222916666666667 71.942891369954
6.233583333333334 71.28580028189326
6.24425 69.83276016281809
6.254916666666667 68.39472421465163
6.265583333333334 67.88018850364416
6.27625 67.80305239853138
6.286916666666667 66.2329610658941
6.297583333333334 63.75439703145759
6.30825 66.48805971049131
6.318916666666667 70.3469784404744
6.329583333333334 70.91389889683654
6.34025 68.30234062379412
6.350916666666667 64.64603880154249
6.361583333333334 64.82011503147002
6.37225 70.21440822191693
6.3829166666666675 74.29936763738692
6.393583333333334 76.23178271104666
6.40425 76.60077820016872
6.4149166666666675 75.82888336819377
6.425583333333334 74.87796833620027
6.43625 74.64744140671611
6.4469166666666675 75.33464879412526
6.457583333333334 76.21469928868224
6.46825 76.19316658783279
6.4789166666666675 75.18818806050197
6.489583333333334 74.7492681628995
6.50025 75.27630382288106
6.510916666666667 75.52797679836041
6.521583333333334 74.95614336702756
6.53225 73.43115341844478
6.542916666666667 71.32619845796748
6.553583333333334 69.39325520355125
6.56425 68.47191472468074
6.574916666666667 68.10061733330298
6.585583333333334 67.29816448429416
6.59625 65.96112875991656
6.606916666666667 64.95503725670821
6.617583333333334 64.98484597025686
6.62825 66.19256134567381
6.638916666666667 67.41535777858427
6.649583333333334 68.08178824119311
6.6602500000000004 67.92975544770746
6.670916666666667 66.75776121093455
6.681583333333334 65.1933691106399
6.6922500000000005 64.0586568498963
6.702916666666667 63.023847495870974
6.713583333333334 62.09933806569392
6.7242500000000005 61.70079656439234
6.734916666666667 61.07993373559769
6.745583333333334 60.087389853398214
6.7562500000000005 59.54163041445636
6.766916666666667 59.124034897354235
6.777583333333334 58.26089301158603
6.788250000000001 58.0548484689789
6.798916666666667 63.8058626636568
6.809583333333334 71.6795246110253
6.820250000000001 76.3257623491925
6.830916666666667 78.16782394469008
6.841583333333334 78.21104574037018
6.852250000000001 77.38425602480609
6.862916666666667 76.37834994946078
6.873583333333334 75.83927594581668
6.884250000000001 76.04267210167525
6.894916666666667 76.42355597546864
6.905583333333333 76.59362974498477
6.916250000000001 76.53582554216277
6.926916666666667 76.57677478050198
6.937583333333333 77.4013367728445
6.948250000000001 78.86245110005598
6.958916666666667 79.90561555639788
6.9695833333333335 79.33071441381824
6.980250000000001 77.67310226523841
6.990916666666667 75.84285268163102
7.0015833333333335 74.22435665503814
7.012250000000001 73.22268115976472
7.022916666666667 73.86481451768647
7.0335833333333335 75.38814888265803
7.044250000000001 75.6091415655809
7.054916666666667 75.4651743286949
7.0655833333333335 75.80499540565985
7.076250000000001 76.19912777935
7.086916666666667 76.15400952872976
7.097583333333334 76.00837827638229
7.108250000000001 75.53918791373687
7.118916666666667 74.41476175913652
7.129583333333334 73.1438299551118
7.140250000000001 71.8590529138799
7.150916666666667 70.8295206021928
7.161583333333334 70.40751017521897
7.172250000000001 70.61267607406492
7.182916666666667 71.29867999294616
7.193583333333334 71.96577543508235
7.204250000000001 71.95929445737431
7.214916666666667 71.88166665258416
7.225583333333334 71.9763027200799
7.236250000000001 71.64830220876583
7.246916666666667 70.82170635219141
7.257583333333334 69.562769108116
7.26825 68.31860856891004
7.278916666666667 67.04793314257765
7.289583333333334 65.24451317255178
7.30025 64.13068764051957
7.310916666666667 64.54473011827588
7.321583333333334 65.16849612394692
7.33225 65.29259388044974
7.342916666666667 65.22729285060981
7.353583333333334 64.9998176949539
7.36425 64.40233417196939
7.3749166666666675 63.88053338718742
7.385583333333334 63.50599767488687
7.39625 62.893708046796206
7.4069166666666675 62.06476724248613
7.417583333333334 61.59173297598326
7.42825 61.354002994679256
7.4389166666666675 60.96269811260485
7.449583333333334 60.60077204388477
7.46025 60.05918144293952
7.4709166666666675 59.3651298034688
7.481583333333334 58.53775096146211
7.49225 58.13421438318138
7.502916666666668 57.872120207252166
7.513583333333334 57.716709954951696
7.52425 57.685178488502814
7.534916666666668 57.230096893269035
7.545583333333334 56.590170333236316
7.55625 56.46081043568519
7.566916666666668 56.511661301639776
7.577583333333334 56.10290876297771
7.58825 55.81279779015908
7.598916666666668 56.35551921099517
7.609583333333334 57.979491366422884
7.62025 61.11787131860795
7.630916666666668 63.34055657581405
7.641583333333334 63.92069758480734
7.65225 63.92609530019502
7.662916666666667 64.03062909779462
7.673583333333334 64.19412355811457
7.6842500000000005 63.189926672384814
7.694916666666667 62.1130279703807
7.705583333333334 61.51640188961668
7.7162500000000005 61.14380391434128
7.726916666666667 61.03148022763356
7.737583333333334 60.85351164151879
7.7482500000000005 60.69707535058477
7.758916666666667 60.56674610077952
7.769583333333334 60.45440885065712
7.7802500000000006 60.27510409370879
7.790916666666667 59.91666945562681
7.801583333333334 59.403161506044306
7.812250000000001 59.01264317218616
7.822916666666667 58.78400131691783
7.833583333333334 58.43900196431647
7.844250000000001 58.066344356503265
7.854916666666667 57.904075532405386
7.865583333333334 57.913744638304074
7.876250000000001 57.900868345664165
7.886916666666667 57.17775413080044
7.897583333333334 55.49213052999052
7.908250000000001 54.98976921438466
7.918916666666667 55.83217847517618
7.929583333333334 55.50701327352043
7.940250000000001 54.64647662256467
7.950916666666667 54.02791672583007
7.961583333333334 53.7519391235281
7.972250000000001 53.58408136600179
7.982916666666667 53.34876768661701
7.993583333333334 53.068711298162825
8.00425 52.6382645064741
8.014916666666666 52.20816690994752
8.025583333333334 51.8511397282769
8.03625 51.503658165762936
8.046916666666668 51.1087317241246
8.057583333333334 50.752370724084045
8.06825 50.51775840136945
8.078916666666668 50.29349090785688
8.089583333333334 50.036803250811815
8.10025 49.774136037028114
8.110916666666668 49.482678617481064
8.121583333333334 49.15443196371502
8.13225 48.843983476385525
8.142916666666668 48.56499685731218
8.153583333333334 48.2515200096434
8.164250000000001 47.96385303111602
8.174916666666668 47.65016824031227
8.185583333333334 47.335051806888956
8.196250000000001 47.05674831783199
8.206916666666668 46.79151891931998
8.217583333333334 46.53157020417555
8.228250000000001 46.24732652801751
8.238916666666666 45.97093434063416
8.249583333333334 45.695105953878354
8.260250000000001 45.4220129832862
8.270916666666666 45.14447480293302
8.281583333333334 44.86597600979025
8.292250000000001 44.57472281175949
8.302916666666667 44.2770772552521
8.313583333333334 44.016625671514824
8.324250000000001 43.74732153416736
8.334916666666667 43.47129494247874
8.345583333333334 43.19282685128918
8.356250000000001 42.90031187175107
8.366916666666667 42.57143867710387
8.377583333333334 42.183001014785255
