Time_s   Intensity_dB
0.045969   65.336380
0.056635   66.939363
0.067302   67.284153
0.077969   66.328967
0.088635   68.366819
0.099302   73.471477
0.109969   76.937959
0.120635   79.082386
0.131302   80.416728
0.141969   81.241508
0.152635   81.702120
0.163302   81.939383
0.173969   82.216522
0.184635   82.556765
0.195302   82.304246
0.205969   81.110340
0.216635   79.581112
0.227302   78.061687
0.237969   76.756445
0.248635   76.635459
0.259302   77.698930
0.269969   78.829155
0.280635   79.573205
0.291302   80.105105
0.301969   80.427471
0.312635   80.460673
0.323302   79.745724
0.333969   77.643778
0.344635   73.777882
0.355302   69.548551
0.365969   68.003487
0.376635   68.328834
0.387302   70.115544
0.397969   73.003882
0.408635   76.832738
0.419302   79.742942
0.429969   81.170567
0.440635   81.489696
0.451302   81.185923
0.461969   80.627431
0.472635   80.233580
0.483302   79.998195
0.493969   79.718246
0.504635   79.507610
0.515302   79.738129
0.525969   80.570722
0.536635   81.281910
0.547302   81.429564
0.557969   81.284292
0.568635   81.118654
0.579302   80.923923
0.589969   80.620992
0.600635   80.314580
0.611302   80.127900
0.621969   80.053980
0.632635   80.016978
0.643302   80.007000
0.653969   79.486239
0.664635   78.074969
0.675302   76.961883
0.685969   76.674438
0.696635   76.363556
0.707302   76.070279
0.717969   76.063067
0.728635   75.986921
0.739302   75.453310
0.749969   73.933417
0.760635   72.041060
0.771302   71.425027
0.781969   70.314204
0.792635   68.271034
0.803302   67.691715
0.813969   71.487413
0.824635   75.287629
0.835302   77.194223
0.845969   77.326441
0.856635   76.662288
0.867302   75.743373
0.877969   74.921492
0.888635   75.529629
0.899302   76.044181
0.909969   75.888523
0.920635   75.563703
0.931302   75.164426
0.941969   75.168766
0.952635   75.381770
0.963302   75.113928
0.973969   74.283279
0.984635   73.388095
0.995302   72.915214
1.005969   72.867708
1.016635   73.472245
1.027302   74.319984
1.037969   74.752420
1.048635   74.685409
1.059302   74.560237
1.069969   74.550051
1.080635   74.577844
1.091302   74.663045
1.101969   75.244313
1.112635   76.760359
1.123302   78.428846
1.133969   79.331654
1.144635   79.604205
1.155302   79.912348
1.165969   80.111770
1.176635   79.529942
1.187302   78.251365
1.197969   76.214970
1.208635   72.618035
1.219302   69.895176
1.229969   70.944121
1.240635   73.272606
1.251302   75.329768
1.261969   76.742100
1.272635   77.284226
1.283302   77.051078
1.293969   76.437005
1.304635   76.452124
1.315302   77.181997
1.325969   77.677048
1.336635   77.750818
1.347302   77.618874
1.357969   77.368615
1.368635   76.744725
1.379302   75.347417
1.389969   72.675306
1.400635   68.624228
1.411302   64.795407
1.421969   63.738240
1.432635   69.679039
1.443302   74.196372
1.453969   76.193053
1.464635   77.074020
1.475302   78.001484
1.485969   78.793726
1.496635   79.202069
1.507302   79.236086
1.517969   79.080167
1.528635   78.953875
1.539302   78.691389
1.549969   78.266121
1.560635   77.616736
1.571302   76.661570
1.581969   75.646050
1.592635   74.729326
1.603302   73.562407
1.613969   71.800285
1.624635   70.674138
1.635302   70.410565
1.645969   69.863762
1.656635   69.590188
1.667302   70.402252
1.677969   71.977591
1.688635   73.407853
1.699302   74.373803
1.709969   74.660724
1.720635   74.501330
1.731302   74.488879
1.741969   74.295584
1.752635   73.663252
1.763302   72.778635
1.773969   71.248495
1.784635   68.541251
1.795302   65.059662
1.805969   63.535548
1.816635   62.694852
1.827302   60.106806
1.837969   59.220341
1.848635   65.174449
1.859302   71.143992
1.869969   74.049855
1.880635   75.068063
1.891302   75.478274
1.901969   75.600012
1.912635   75.217914
1.923302   74.331637
1.933969   73.419966
1.944635   72.992609
1.955302   72.510435
1.965969   72.297516
1.976635   72.394626
1.987302   72.314261
1.997969   72.144764
2.008635   72.066541
2.019302   72.317222
2.029969   72.568575
2.040635   72.543847
2.051302   72.369662
2.061969   72.296299
2.072635   72.181139
2.083302   71.920594
2.093969   72.038398
2.104635   71.949547
2.115302   71.051622
2.125969   69.608032
2.136635   69.532296
2.147302   71.178337
2.157969   72.427968
2.168635   72.413171
2.179302   70.870609
2.189969   68.492021
2.200635   66.046277
2.211302   65.218740
2.221969   69.111138
2.232635   71.912947
2.243302   72.832221
2.253969   73.311276
2.264635   73.559695
2.275302   73.731054
2.285969   73.790393
2.296635   73.164941
2.307302   71.634549
2.317969   70.934254
2.328635   71.306862
2.339302   71.457531
2.349969   70.934559
2.360635   69.485000
2.371302   66.985303
2.381969   63.808297
2.392635   66.870983
2.403302   71.512585
2.413969   74.193916
2.424635   75.352302
2.435302   75.803016
2.445969   75.977021
2.456635   76.111459
2.467302   76.066661
2.477969   75.856356
2.488635   75.701935
2.499302   75.486854
2.509969   74.967112
2.520635   74.248798
2.531302   73.490955
2.541969   72.642693
2.552635   71.803449
2.563302   70.112927
2.573969   67.360650
2.584635   65.305222
2.595302   64.877086
2.605969   64.869416
2.616635   65.344705
2.627302   65.723879
2.637969   65.990675
2.648635   67.092882
2.659302   68.404243
2.669969   68.502381
2.680635   67.294800
2.691302   66.283765
2.701969   65.792198
2.712635   64.887248
2.723302   63.893807
2.733969   63.918874
2.744635   64.832124
2.755302   66.319114
2.765969   66.567391
2.776635   65.561349
2.787302   65.004876
2.797969   66.339056
2.808635   67.462642
2.819302   67.960713
2.829969   68.466133
2.840635   67.688656
2.851302   65.448701
2.861969   63.993616
2.872635   63.967170
2.883302   63.068481
2.893969   61.125605
2.904635   59.617950
2.915302   59.017279
2.925969   57.949998
2.936635   61.242335
2.947302   62.184157
2.957969   59.962859
2.968635   57.651403
2.979302   57.199702
2.989969   55.469312
3.000635   52.246365
3.011302   49.502596
3.021969   52.304341
3.032635   55.827503
3.043302   59.048995
3.053969   63.993564
3.064635   69.312127
3.075302   73.207226
3.085969   75.890962
3.096635   77.583440
3.107302   78.526631
3.117969   78.876898
3.128635   79.189917
3.139302   79.388684
3.149969   79.336021
3.160635   79.381323
3.171302   79.671576
3.181969   80.040813
3.192635   80.066248
3.203302   78.938507
3.213969   75.757519
3.224635   71.012005
3.235302   66.715269
3.245969   62.288950
3.256635   60.572325
3.267302   62.356008
3.277969   64.666991
3.288635   69.105754
3.299302   73.014139
3.309969   75.245718
3.320635   76.374122
3.331302   76.914820
3.341969   77.105819
3.352635   77.032981
3.363302   76.751818
3.373969   76.521207
3.384635   76.257106
3.395302   75.409467
3.405969   73.334123
3.416635   70.440783
3.427302   68.899928
3.437969   70.676335
3.448635   74.372574
3.459302   76.323085
3.469969   76.684572
3.480635   76.542357
3.491302   76.170801
3.501969   75.806677
3.512635   75.611091
3.523302   75.642272
3.533969   75.126960
3.544635   73.777651
3.555302   72.429359
3.565969   71.473851
3.576635   71.548628
3.587302   72.187024
3.597969   71.966170
3.608635   69.807613
3.619302   66.763378
3.629969   65.457862
3.640635   65.786958
3.651302   64.906861
3.661969   66.713712
3.672635   70.348413
3.683302   72.555342
3.693969   73.469659
3.704635   74.800341
3.715302   76.244972
3.725969   76.650187
3.736635   76.456037
3.747302   76.368611
3.757969   76.538399
3.768635   76.805269
3.779302   77.075463
3.789969   77.250321
3.800635   77.184840
3.811302   76.856063
3.821969   76.146169
3.832635   75.202695
3.843302   74.475009
3.853969   74.280350
3.864635   74.520817
3.875302   74.788628
3.885969   74.701759
3.896635   74.580556
3.907302   74.613645
3.917969   74.646757
3.928635   74.438313
3.939302   73.489243
3.949969   71.648094
3.960635   69.810621
3.971302   68.901834
3.981969   69.119528
3.992635   71.301887
4.003302   73.516697
4.013969   74.135529
4.024635   73.616574
4.035302   73.020458
4.045969   73.208600
4.056635   74.168440
4.067302   74.568230
4.077969   74.454584
4.088635   74.263303
4.099302   74.133745
4.109969   73.898035
4.120635   73.018575
4.131302   70.756223
4.141969   66.461241
4.152635   61.388099
4.163302   63.799230
4.173969   67.532152
4.184635   68.083556
4.195302   65.921579
4.205969   64.152786
4.216635   65.112761
4.227302   66.672525
4.237969   67.899506
4.248635   70.298446
4.259302   74.117297
4.269969   76.694722
4.280635   77.253843
4.291302   76.725193
4.301969   76.187252
4.312635   75.540062
4.323302   74.972483
4.333969   75.949393
4.344635   78.187223
4.355302   79.792407
4.365969   80.670562
4.376635   81.068078
4.387302   80.899651
4.397969   80.071469
4.408635   78.725344
4.419302   77.108783
4.429969   75.483954
4.440635   73.635070
4.451302   70.811797
4.461969   66.717295
4.472635   63.793663
4.483302   65.471563
4.493969   71.568087
4.504635   75.583486
4.515302   77.449618
4.525969   78.448302
4.536635   79.000526
4.547302   79.355363
4.557969   79.508107
4.568635   79.349009
4.579302   79.015182
4.589969   78.535913
4.600635   77.697296
4.611302   76.439502
4.621969   75.031885
4.632635   73.895855
4.643302   72.996815
4.653969   72.095822
4.664635   70.923358
4.675302   69.877683
4.685969   69.381833
4.696635   69.492993
4.707302   70.104009
4.717969   71.184915
4.728635   72.216204
4.739302   72.807937
4.749969   73.062672
4.760635   73.170814
4.771302   72.667695
4.781969   71.043233
4.792635   67.830029
4.803302   64.701056
4.813969   65.173988
4.824635   64.906001
4.835302   61.839610
4.845969   58.226590
4.856635   63.500019
4.867302   69.659169
4.877969   74.134536
4.888635   77.369733
4.899302   79.266933
4.909969   79.928186
4.920635   80.199405
4.931302   80.323634
4.941969   80.174911
4.952635   79.839680
4.963302   79.583308
4.973969   79.313905
4.984635   78.376946
4.995302   76.248330
5.005969   72.662675
5.016635   67.371005
5.027302   63.655038
5.037969   64.837388
5.048635   64.658370
5.059302   61.669744
5.069969   59.779146
5.080635   60.131349
5.091302   63.792438
5.101969   68.050336
5.112635   69.751530
5.123302   69.511773
5.133969   68.898584
5.144635   69.469658
5.155302   69.719795
5.165969   69.197788
5.176635   68.944453
5.187302   69.281184
5.197969   69.173111
5.208635   68.401956
5.219302   67.146009
5.229969   67.436267
5.240635   68.987792
5.251302   69.970893
5.261969   70.379505
5.272635   70.374001
5.283302   69.812632
5.293969   69.171199
5.304635   68.699315
5.315302   68.264103
5.325969   67.306783
5.336635   66.614216
5.347302   66.774661
5.357969   66.863173
5.368635   67.582609
5.379302   67.462281
5.389969   66.336711
5.400635   66.382439
5.411302   67.817787
5.421969   68.948195
5.432635   69.748748
5.443302   70.254138
5.453969   70.390960
5.464635   70.178564
5.475302   69.787656
5.485969   69.584637
5.496635   69.684571
5.507302   70.023866
5.517969   70.480149
5.528635   70.802982
5.539302   70.587397
5.549969   70.488418
5.560635   70.773416
5.571302   71.199019
5.581969   71.570042
5.592635   71.766252
5.603302   71.484593
5.613969   71.282207
5.624635   70.792081
5.635302   68.280192
5.645969   64.418040
5.656635   62.145603
5.667302   62.925214
5.677969   61.632828
5.688635   59.213366
5.699302   58.495158
5.709969   60.338636
5.720635   63.318209
5.731302   68.986714
5.741969   74.194769
5.752635   76.473276
5.763302   76.574247
5.773969   76.304773
5.784635   76.840935
5.795302   77.483726
5.805969   77.929523
5.816635   77.960325
5.827302   76.743180
5.837969   73.325929
5.848635   68.587097
5.859302   67.040805
5.869969   67.037281
5.880635   66.510687
5.891302   65.650350
5.901969   64.169304
5.912635   62.346213
5.923302   62.604133
5.933969   66.597480
5.944635   69.803304
5.955302   71.391712
5.965969   71.921257
5.976635   71.253569
5.987302   69.663670
5.997969   68.994567
6.008635   69.187524
6.019302   69.481147
6.029969   68.913592
6.040635   67.426357
6.051302   65.821297
6.061969   64.447057
6.072635   64.644549
6.083302   64.182134
6.093969   63.881580
6.104635   65.058951
6.115302   65.999156
6.125969   65.364857
6.136635   65.650692
6.147302   65.485976
6.157969   63.951295
6.168635   63.857321
6.179302   65.556742
6.189969   65.333656
6.200635   65.150163
6.211302   66.268481
6.221969   65.759694
6.232635   64.773473
6.243302   65.156653
6.253969   65.461900
6.264635   64.160646
6.275302   63.668688
6.285969   62.473827
6.296635   59.998749
6.307302   56.686043
6.317969   55.708304
6.328635   55.568046
6.339302   54.723131
6.349969   55.456106
6.360635   55.603739
6.371302   55.217492
6.381969   54.634345
6.392635   56.324363
6.403302   58.468397
6.413969   60.633469
6.424635   61.608347
6.435302   61.158910
6.445969   59.077381
6.456635   60.225256
6.467302   61.842214
6.477969   62.774669
6.488635   62.393234
6.499302   61.980649
6.509969   60.937769
6.520635   61.294461
6.531302   62.844811
6.541969   64.389012
6.552635   64.938315
6.563302   63.989809
6.573969   65.340279
6.584635   67.621695
6.595302   67.478989
6.605969   67.102004
6.616635   68.742665
6.627302   69.603318
6.637969   68.243756
6.648635   66.826305
6.659302   67.509954
6.669969   67.389891
6.680635   66.837912
6.691302   66.350433
6.701969   66.530552
6.712635   64.932015
6.723302   63.932151
6.733969   62.973136
6.744635   61.820163
6.755302   62.288706
6.765969   61.703183
6.776635   59.911694
6.787302   60.443465
6.797969   61.385374
6.808635   61.444030
6.819302   61.769555
6.829969   62.826555
6.840635   62.920773
6.851302   64.239763
6.861969   64.114795
