Time_s   F0_Hz
0.021438   --undefined--
0.031438   --undefined--
0.041438   --undefined--
0.051438   --undefined--
0.061438   --undefined--
0.071438   --undefined--
0.081438   285.591603
0.091438   272.643131
0.101438   275.246947
0.111438   281.703426
0.121438   281.781741
0.131438   279.995667
0.141438   280.238257
0.151438   280.255442
0.161438   281.512241
0.171438   280.270250
0.181438   278.371930
0.191438   281.336114
0.201438   282.849236
0.211438   --undefined--
0.221438   --undefined--
0.231438   --undefined--
0.241438   315.413788
0.251438   334.387451
0.261438   342.558200
0.271438   347.510784
0.281438   341.986848
0.291438   331.504543
0.301438   323.669165
0.311438   320.571581
0.321438   313.799283
0.331438   312.088190
0.341438   313.861815
0.351438   316.837536
0.361438   316.256717
0.371438   312.143363
0.381438   309.113151
0.391438   308.158875
0.401438   304.501613
0.411438   301.962911
0.421438   299.775092
0.431438   301.496376
0.441438   305.643255
0.451438   306.123162
0.461438   280.116820
0.471438   280.622171
0.481438   277.051669
0.491438   269.024613
0.501438   265.971304
0.511438   278.322549
0.521438   278.105902
0.531438   274.898262
0.541438   263.320722
0.551438   251.700547
0.561438   251.973567
0.571438   261.347221
0.581438   265.131871
0.591438   268.137245
0.601438   268.757511
0.611438   266.189861
0.621438   262.738684
0.631438   260.209366
0.641438   259.068330
0.651438   260.329841
0.661438   261.082476
0.671438   266.041500
0.681438   265.730248
0.691438   245.703285
0.701438   247.013864
0.711438   248.343057
0.721438   243.598201
0.731438   243.955788
0.741438   248.119117
0.751438   249.665876
0.761438   250.023641
0.771438   247.535859
0.781438   250.691799
0.791438   249.762139
0.801438   248.960597
0.811438   247.543619
0.821438   247.203454
0.831438   245.485559
0.841438   244.723291
0.851438   244.533335
0.861438   247.314590
0.871438   241.753948
0.881438   239.883414
0.891438   233.063836
0.901438   232.528722
0.911438   231.227091
0.921438   234.336796
0.931438   234.559790
0.941438   235.987670
0.951438   236.969875
0.961438   246.043993
0.971438   244.015542
0.981438   236.726960
0.991438   234.729157
1.001438   --undefined--
1.011438   --undefined--
1.021438   --undefined--
1.031438   --undefined--
1.041438   224.687184
1.051438   224.370512
1.061438   223.186478
1.071438   222.528703
1.081438   221.681841
1.091438   223.040176
1.101438   221.039650
1.111438   219.456499
1.121438   218.725548
1.131438   216.230090
1.141438   214.675209
1.151438   217.314640
1.161438   217.585158
1.171438   216.852533
1.181438   215.034092
1.191438   211.635910
1.201438   210.910099
1.211438   209.315592
1.221438   211.727705
1.231438   207.713131
1.241438   212.335697
1.251438   212.998227
1.261438   212.868642
1.271438   215.362463
1.281438   --undefined--
1.291438   --undefined--
1.301438   203.561151
1.311438   201.969253
1.321438   196.893613
1.331438   197.511662
1.341438   198.025892
1.351438   201.951252
1.361438   208.453651
1.371438   208.761178
1.381438   207.649451
1.391438   207.896360
1.401438   207.858113
1.411438   207.464076
1.421438   206.475014
1.431438   204.583446
1.441438   202.325421
1.451438   200.142647
1.461438   197.626025
1.471438   197.797174
1.481438   196.080537
1.491438   193.681057
1.501438   195.040130
1.511438   194.066864
1.521438   197.252855
1.531438   197.530232
1.541438   196.139894
1.551438   197.642500
1.561438   195.841860
1.571438   --undefined--
1.581438   --undefined--
1.591438   --undefined--
1.601438   208.300887
1.611438   205.393187
1.621438   202.785507
1.631438   199.067923
1.641438   194.560041
1.651438   --undefined--
1.661438   --undefined--
1.671438   --undefined--
1.681438   --undefined--
1.691438   --undefined--
1.701438   --undefined--
1.711438   --undefined--
1.721438   --undefined--
1.731438   --undefined--
1.741438   --undefined--
1.751438   --undefined--
1.761438   --undefined--
1.771438   --undefined--
1.781438   --undefined--
1.791438   --undefined--
1.801438   --undefined--
1.811438   --undefined--
1.821438   --undefined--
1.831438   --undefined--
1.841438   --undefined--
1.851438   --undefined--
1.861438   --undefined--
1.871438   245.768497
1.881438   241.897211
1.891438   231.982317
1.901438   224.904826
1.911438   --undefined--
1.921438   --undefined--
1.931438   --undefined--
1.941438   --undefined--
1.951438   --undefined--
1.961438   --undefined--
1.971438   --undefined--
1.981438   --undefined--
1.991438   88.707715
2.001438   89.306836
2.011438   89.627840
2.021438   179.366424
2.031438   178.765065
2.041438   177.750935
2.051438   176.723865
2.061438   175.916612
2.071438   176.283131
2.081438   176.942176
2.091438   177.343976
2.101438   179.393754
2.111438   185.909642
2.121438   191.942738
2.131438   195.103510
2.141438   196.201577
2.151438   190.283023
2.161438   193.635217
2.171438   197.892470
2.181438   195.112599
2.191438   192.701880
2.201438   183.233767
2.211438   --undefined--
2.221438   --undefined--
2.231438   --undefined--
2.241438   --undefined--
2.251438   --undefined--
2.261438   --undefined--
2.271438   78.035214
2.281438   89.640408
2.291438   89.126807
2.301438   89.416704
2.311438   89.916812
2.321438   --undefined--
2.331438   --undefined--
2.341438   --undefined--
2.351438   --undefined--
2.361438   205.556504
2.371438   205.092724
2.381438   204.873674
2.391438   207.382311
2.401438   209.369359
2.411438   209.127336
2.421438   209.660506
2.431438   210.962260
2.441438   211.020753
2.451438   210.606536
2.461438   210.830564
2.471438   210.188109
2.481438   209.579017
2.491438   209.523781
2.501438   209.259664
2.511438   207.856037
2.521438   208.222875
2.531438   204.806827
2.541438   202.070529
2.551438   201.856412
2.561438   201.510903
2.571438   202.525260
2.581438   202.556956
2.591438   203.271767
2.601438   204.217618
2.611438   205.875362
2.621438   207.570677
2.631438   204.253605
2.641438   203.114413
2.651438   202.117837
2.661438   201.384639
2.671438   203.125521
2.681438   203.088866
2.691438   --undefined--
2.701438   --undefined--
2.711438   --undefined--
2.721438   300.063558
2.731438   298.723272
2.741438   297.920674
2.751438   295.740586
2.761438   293.628111
2.771438   293.623268
2.781438   293.977860
2.791438   296.508364
2.801438   295.920019
2.811438   293.624690
2.821438   295.703985
2.831438   295.092589
2.841438   295.211651
2.851438   297.952307
2.861438   297.273700
2.871438   --undefined--
2.881438   --undefined--
2.891438   --undefined--
2.901438   272.059452
2.911438   253.295077
2.921438   250.570122
2.931438   243.320717
2.941438   240.986414
2.951438   252.486586
2.961438   251.315151
2.971438   249.881149
2.981438   224.238486
2.991438   222.455904
3.001438   219.984182
3.011438   224.050896
3.021438   218.728657
3.031438   214.910613
3.041438   212.961831
3.051438   207.160022
3.061438   209.055008
3.071438   209.295769
3.081438   206.458695
3.091438   214.506742
3.101438   216.784655
3.111438   226.349106
3.121438   226.124330
3.131438   226.140303
3.141438   225.576347
3.151438   224.298380
3.161438   222.993186
3.171438   220.745007
3.181438   218.786819
3.191438   222.512226
3.201438   221.648283
3.211438   221.135556
3.221438   223.426692
3.231438   204.655542
3.241438   200.145096
3.251438   212.709179
3.261438   210.709742
3.271438   207.778908
3.281438   204.008853
3.291438   201.698237
3.301438   199.600348
3.311438   186.393257
3.321438   --undefined--
3.331438   --undefined--
3.341438   --undefined--
3.351438   --undefined--
3.361438   --undefined--
3.371438   --undefined--
3.381438   --undefined--
3.391438   --undefined--
3.401438   --undefined--
3.411438   --undefined--
3.421438   --undefined--
3.431438   --undefined--
3.441438   --undefined--
3.451438   --undefined--
3.461438   --undefined--
3.471438   --undefined--
3.481438   --undefined--
3.491438   --undefined--
3.501438   --undefined--
3.511438   161.959371
3.521438   162.595972
3.531438   163.417294
3.541438   165.093094
3.551438   165.274688
3.561438   164.643365
3.571438   163.047739
3.581438   164.360390
3.591438   165.528147
3.601438   165.212961
3.611438   164.186489
3.621438   163.711030
3.631438   --undefined--
3.641438   --undefined--
3.651438   --undefined--
3.661438   --undefined--
3.671438   --undefined--
3.681438   --undefined--
3.691438   --undefined--
3.701438   --undefined--
3.711438   --undefined--
3.721438   --undefined--
3.731438   --undefined--
3.741438   --undefined--
3.751438   342.344317
3.761438   342.168254
3.771438   334.817140
3.781438   --undefined--
3.791438   --undefined--
3.801438   --undefined--
3.811438   --undefined--
3.821438   --undefined--
3.831438   --undefined--
3.841438   --undefined--
3.851438   --undefined--
3.861438   --undefined--
3.871438   --undefined--
3.881438   --undefined--
3.891438   --undefined--
3.901438   --undefined--
3.911438   --undefined--
3.921438   --undefined--
3.931438   --undefined--
3.941438   --undefined--
3.951438   --undefined--
3.961438   --undefined--
3.971438   --undefined--
3.981438   --undefined--
3.991438   --undefined--
4.001438   --undefined--
4.011438   --undefined--
4.021438   --undefined--
4.031438   --undefined--
4.041438   --undefined--
4.051438   --undefined--
4.061438   --undefined--
4.071438   --undefined--
4.081438   --undefined--
4.091438   --undefined--
4.101438   --undefined--
4.111438   --undefined--
4.121437   --undefined--
4.131438   --undefined--
4.141438   --undefined--
4.151438   --undefined--
4.161437   --undefined--
4.171438   --undefined--
4.181438   --undefined--
4.191438   --undefined--
4.201437   --undefined--
4.211438   --undefined--
4.221438   --undefined--
4.231438   --undefined--
4.241437   --undefined--
4.251438   --undefined--
4.261438   --undefined--
4.271438   --undefined--
4.281438   --undefined--
4.291438   --undefined--
4.301438   --undefined--
4.311438   244.841687
4.321438   243.933443
4.331438   243.205386
4.341438   243.933925
4.351438   243.962419
4.361438   243.429936
4.371438   242.785419
4.381438   242.256805
4.391438   242.512872
4.401438   243.813515
4.411437   244.319940
4.421438   244.009113
4.431438   243.008358
4.441438   241.792154
4.451437   243.554352
4.461438   245.008200
4.471438   243.279643
4.481438   243.024162
4.491437   242.996789
4.501438   243.951485
4.511438   244.233716
4.521438   242.598067
4.531438   242.574649
4.541438   242.975868
4.551438   --undefined--
4.561438   --undefined--
4.571438   --undefined--
4.581438   --undefined--
4.591438   --undefined--
4.601438   --undefined--
4.611438   249.071218
4.621438   240.783540
4.631438   238.344127
4.641438   221.934709
4.651438   219.743494
4.661437   218.205373
4.671438   217.381515
4.681438   217.039869
4.691438   217.512652
4.701437   218.848805
4.711438   222.659090
4.721438   228.319270
4.731438   235.092536
4.741437   239.612232
4.751438   241.616870
4.761438   243.083540
4.771438   243.037187
4.781438   240.984634
4.791438   236.802701
4.801438   233.210220
4.811438   221.953673
4.821438   218.496573
4.831438   214.142682
4.841438   211.283167
4.851438   207.805598
4.861438   205.214735
4.871438   204.182612
4.881438   203.126924
4.891438   203.266091
4.901438   203.063902
4.911437   203.040854
4.921438   202.007750
4.931438   201.483279
4.941438   202.500146
4.951437   202.922191
4.961438   202.106809
4.971438   201.891291
4.981438   202.632335
4.991437   202.031112
5.001438   202.897216
5.011438   204.015100
5.021438   203.600096
5.031438   204.313285
5.041438   204.606052
5.051438   204.439108
5.061438   204.122088
5.071438   204.378847
5.081438   245.302207
5.091438   241.508806
5.101438   240.503482
5.111438   237.152049
5.121438   232.482159
5.131438   229.095914
5.141438   225.002117
5.151438   222.841975
5.161437   221.532232
5.171438   220.504127
5.181438   220.390905
5.191438   220.185297
5.201437   219.284262
5.211438   218.387655
5.221438   218.310992
5.231438   218.494610
5.241437   218.765986
5.251438   218.555602
5.261438   218.434998
5.271438   218.785778
5.281438   219.212609
5.291438   218.703684
5.301438   217.793009
5.311438   217.171803
5.321438   --undefined--
5.331438   --undefined--
5.341438   --undefined--
5.351438   --undefined--
5.361438   --undefined--
5.371438   --undefined--
5.381438   217.794817
5.391438   205.921583
5.401438   205.902791
5.411437   205.037834
5.421438   203.761615
5.431438   202.034593
5.441438   200.558004
5.451437   205.202512
5.461438   205.146196
5.471438   207.285136
5.481438   207.221409
5.491437   208.230355
5.501438   209.694620
5.511438   210.422488
5.521438   210.885712
5.531438   210.929624
5.541438   210.804736
5.551438   210.702121
5.561438   209.833011
5.571438   210.760699
5.581438   210.367758
5.591438   210.630102
5.601438   210.698453
5.611438   210.565570
5.621438   209.611813
5.631438   --undefined--
5.641438   --undefined--
5.651438   --undefined--
5.661437   --undefined--
5.671438   --undefined--
5.681438   --undefined--
5.691438   --undefined--
5.701437   --undefined--
5.711438   --undefined--
5.721438   191.004369
5.731438   190.257094
5.741437   189.912122
5.751438   190.069313
5.761438   189.279370
5.771438   188.323696
5.781438   188.413554
5.791438   187.799408
5.801438   --undefined--
5.811438   --undefined--
5.821438   --undefined--
5.831438   --undefined--
5.841438   --undefined--
5.851438   --undefined--
5.861438   --undefined--
5.871438   --undefined--
5.881438   --undefined--
5.891438   --undefined--
5.901438   --undefined--
5.911437   --undefined--
5.921438   --undefined--
5.931438   --undefined--
5.941438   --undefined--
5.951437   --undefined--
5.961438   --undefined--
5.971438   --undefined--
5.981438   --undefined--
5.991437   --undefined--
6.001438   --undefined--
6.011438   --undefined--
6.021438   --undefined--
6.031438   --undefined--
6.041438   --undefined--
6.051438   179.008740
6.061438   178.344927
6.071438   177.692658
6.081438   176.387339
6.091438   176.728535
6.101438   177.058077
6.111438   177.525931
6.121438   177.840436
6.131438   178.427131
6.141438   178.575648
6.151438   178.054952
6.161438   178.132401
6.171438   178.608781
6.181438   177.683850
6.191438   177.692739
6.201437   177.722619
6.211438   --undefined--
6.221438   --undefined--
6.231438   --undefined--
6.241437   --undefined--
6.251438   --undefined--
6.261438   --undefined--
6.271438   --undefined--
6.281438   --undefined--
6.291438   --undefined--
6.301438   --undefined--
6.311438   --undefined--
6.321438   --undefined--
6.331438   --undefined--
6.341438   --undefined--
6.351438   --undefined--
6.361438   --undefined--
6.371438   --undefined--
6.381438   --undefined--
6.391438   --undefined--
6.401438   --undefined--
6.411438   --undefined--
6.421438   --undefined--
6.431438   --undefined--
6.441438   --undefined--
6.451437   292.685506
6.461438   292.429817
6.471438   290.021354
6.481438   287.030184
6.491437   283.857604
6.501438   281.425176
6.511438   279.324910
6.521438   279.079729
6.531438   276.843369
6.541438   277.527497
6.551438   277.594994
6.561438   279.811986
6.571438   295.075178
6.581438   295.108852
6.591438   278.961725
6.601438   276.189693
6.611438   280.864359
6.621438   298.222320
6.631438   298.232079
6.641438   297.032621
6.651438   295.021974
6.661438   291.909356
6.671438   292.790618
6.681438   294.160441
6.691438   296.234836
6.701437   295.042982
6.711438   293.617684
6.721438   293.173277
6.731438   293.270401
6.741437   293.379284
6.751438   277.194371
6.761438   --undefined--
6.771438   --undefined--
6.781438   252.706475
6.791438   224.905784
6.801438   220.197516
6.811438   217.637604
6.821438   218.171334
6.831438   218.564124
6.841438   216.923321
6.851438   214.844736
6.861438   214.444178
6.871438   217.337733
6.881438   221.356497
6.891438   228.722314
6.901438   233.948712
6.911438   233.331558
6.921438   219.111289
6.931438   224.096682
6.941438   220.434986
6.951437   222.880385
6.961438   224.510101
6.971438   224.531218
6.981438   229.493858
6.991437   234.284339
7.001438   238.490214
7.011438   236.505275
7.021438   234.128708
7.031438   228.712990
7.041438   225.106408
7.051438   224.045870
7.061438   218.223824
7.071438   211.002136
7.081438   204.552487
7.091438   201.832100
7.101438   199.962922
7.111438   197.137977
7.121438   193.781727
7.131438   202.459992
7.141438   199.645004
7.151438   198.127458
7.161438   198.386378
7.171438   --undefined--
7.181438   --undefined--
7.191438   --undefined--
7.201437   --undefined--
7.211438   --undefined--
7.221438   --undefined--
7.231438   --undefined--
7.241437   --undefined--
7.251438   --undefined--
7.261438   --undefined--
7.271438   214.211330
7.281438   213.713808
7.291438   211.864929
7.301438   218.260025
7.311438   215.696087
7.321438   214.126935
7.331438   209.096724
7.341438   209.004374
7.351438   210.200797
7.361438   212.962702
7.371438   214.960293
7.381438   215.167681
7.391438   210.371041
7.401438   209.674328
7.411438   209.853052
7.421438   --undefined--
7.431438   --undefined--
7.441438   --undefined--
7.451437   --undefined--
7.461438   --undefined--
7.471438   --undefined--
7.481438   --undefined--
7.491437   --undefined--
7.501438   --undefined--
7.511438   --undefined--
7.521438   --undefined--
7.531438   --undefined--
7.541438   --undefined--
7.551438   --undefined--
7.561438   --undefined--
7.571438   --undefined--
7.581438   --undefined--
7.591438   --undefined--
7.601438   --undefined--
7.611438   207.486376
7.621438   203.863646
7.631438   --undefined--
7.641438   --undefined--
7.651438   --undefined--
7.661438   --undefined--
7.671438   --undefined--
7.681438   --undefined--
7.691438   --undefined--
7.701437   --undefined--
7.711438   --undefined--
7.721438   --undefined--
7.731438   --undefined--
7.741437   --undefined--
7.751438   --undefined--
7.761438   --undefined--
7.771438   --undefined--
7.781438   --undefined--
7.791438   --undefined--
7.801438   --undefined--
7.811438   171.754725
7.821438   170.557950
7.831438   170.346775
7.841438   169.972822
7.851438   169.563036
7.861438   171.558032
7.871438   --undefined--
7.881438   --undefined--
7.891438   --undefined--
7.901438   --undefined--
7.911438   --undefined--
7.921438   --undefined--
7.931438   --undefined--
7.941438   --undefined--
7.951438   --undefined--
7.961438   --undefined--
7.971438   --undefined--
7.981438   --undefined--
7.991437   --undefined--
8.001438   --undefined--
8.011438   --undefined--
8.021438   --undefined--
8.031438   --undefined--
8.041438   --undefined--
8.051438   --undefined--
8.061438   --undefined--
8.071438   --undefined--
8.081438   --undefined--
8.091438   --undefined--
8.101438   --undefined--
8.111438   --undefined--
8.121438   --undefined--
8.131438   --undefined--
8.141438   --undefined--
8.151438   --undefined--
8.161438   --undefined--
8.171438   --undefined--
8.181438   --undefined--
8.191438   --undefined--
8.201438   --undefined--
8.211438   --undefined--
8.221438   --undefined--
8.231438   --undefined--
8.241438   --undefined--
8.251438   --undefined--
8.261438   --undefined--
8.271438   --undefined--
8.281438   --undefined--
8.291438   --undefined--
8.301438   --undefined--
8.311438   --undefined--
8.321438   --undefined--
8.331438   --undefined--
8.341438   --undefined--
8.351438   --undefined--
8.361438   --undefined--
8.371438   264.684032
8.381438   263.359291
8.391438   262.815603
8.401438   236.506251
8.411438   233.195845
8.421438   233.534485
8.431438   246.843470
8.441438   --undefined--
8.451438   --undefined--
8.461438   --undefined--
8.471438   --undefined--
8.481438   --undefined--
8.491438   --undefined--
8.501438   233.412595
8.511438   258.680045
8.521438   263.545443
8.531438   266.451237
8.541438   267.617493
8.551438   263.372631
8.561438   258.561431
8.571438   252.545688
8.581438   246.824297
8.591438   263.949091
8.601438   264.173665
8.611438   264.165606
8.621438   265.087992
8.631438   238.280114
8.641438   236.440412
8.651438   --undefined--
8.661438   --undefined--
8.671438   --undefined--
8.681438   --undefined--
8.691438   --undefined--
8.701438   237.234956
8.711438   237.984351
8.721438   240.074020
8.731438   237.895173
8.741438   234.423826
8.751438   232.906860
8.761438   232.030048
8.771438   231.131153
8.781438   228.928595
8.791438   226.472977
8.801438   226.331760
8.811438   225.577401
8.821438   219.892561
8.831438   213.781194
8.841438   227.147848
8.851438   227.788909
8.861438   224.303824
8.871438   226.952808
8.881438   208.102790
8.891438   207.692105
8.901438   208.518001
8.911438   209.121528
8.921438   209.486196
8.931438   208.871595
8.941438   208.470338
8.951438   207.936786
8.961438   207.295082
8.971438   207.248115
8.981438   208.003744
8.991438   209.112079
9.001438   210.311337
9.011438   211.065513
9.021438   211.337016
9.031438   210.151264
9.041438   209.109881
9.051438   224.046266
9.061438   221.008490
9.071438   219.639571
9.081438   219.849756
9.091438   219.666801
9.101438   219.566890
9.111438   218.528275
9.121438   217.927388
9.131438   219.393792
9.141438   220.315510
9.151438   219.124935
9.161438   --undefined--
9.171438   --undefined--
9.181438   --undefined--
9.191438   --undefined--
9.201438   209.521464
9.211438   207.109800
9.221438   201.998605
9.231438   197.280021
9.241438   195.618388
9.251438   199.780094
9.261438   --undefined--
9.271438   --undefined--
9.281438   --undefined--
9.291438   --undefined--
9.301438   --undefined--
9.311438   --undefined--
9.321438   --undefined--
9.331438   --undefined--
9.341438   --undefined--
9.351438   --undefined--
9.361438   --undefined--
9.371438   --undefined--
9.381438   --undefined--
9.391438   --undefined--
9.401438   --undefined--
9.411438   --undefined--
9.421438   --undefined--
9.431438   --undefined--
9.441438   --undefined--
9.451438   --undefined--
9.461438   --undefined--
9.471438   --undefined--
9.481438   --undefined--
9.491438   --undefined--
9.501438   --undefined--
9.511438   275.385164
9.521438   257.476899
9.531438   258.105519
9.541438   246.405606
9.551438   243.943068
9.561438   243.870193
9.571438   243.092690
9.581438   244.608582
9.591438   244.434817
9.601438   243.471075
9.611438   246.775377
9.621438   247.712237
9.631438   --undefined--
9.641438   --undefined--
9.651438   --undefined--
9.661438   --undefined--
9.671438   232.712300
9.681438   226.605586
9.691438   225.812865
9.701438   220.605358
9.711438   215.702478
9.721438   212.243093
9.731438   212.102277
9.741438   202.971395
9.751438   --undefined--
9.761438   --undefined--
9.771438   --undefined--
9.781438   --undefined--
9.791438   --undefined--
9.801438   --undefined--
9.811438   --undefined--
9.821438   --undefined--
9.831438   --undefined--
9.841438   --undefined--
9.851438   --undefined--
9.861438   --undefined--
9.871438   --undefined--
9.881438   --undefined--
9.891438   --undefined--
9.901438   --undefined--
9.911438   --undefined--
9.921438   --undefined--
9.931438   --undefined--
9.941438   --undefined--
9.951438   --undefined--
9.961438   --undefined--
9.971438   --undefined--
9.981438   --undefined--
9.991438   --undefined--
10.001438   --undefined--
10.011438   --undefined--
10.021438   --undefined--
10.031438   --undefined--
10.041438   --undefined--
10.051438   --undefined--
10.061438   --undefined--
10.071438   --undefined--
10.081438   --undefined--
10.091438   --undefined--
10.101438   --undefined--
10.111438   --undefined--
10.121438   --undefined--
10.131438   --undefined--
10.141438   --undefined--
10.151438   --undefined--
10.161438   --undefined--
10.171438   --undefined--
10.181438   --undefined--
10.191438   --undefined--
10.201438   --undefined--
10.211438   --undefined--
10.221438   --undefined--
10.231438   --undefined--
10.241438   --undefined--
10.251438   --undefined--
10.261438   --undefined--
10.271438   --undefined--
10.281438   --undefined--
10.291438   --undefined--
10.301438   --undefined--
10.311438   --undefined--
10.321438   --undefined--
10.331438   --undefined--
10.341438   169.734079
10.351438   169.019218
10.361438   169.601367
10.371438   170.242641
10.381438   --undefined--
10.391438   --undefined--
10.401438   --undefined--
10.411438   --undefined--
10.421438   --undefined--
10.431438   --undefined--
10.441438   --undefined--
10.451438   --undefined--
10.461438   --undefined--
10.471438   --undefined--
10.481438   --undefined--
10.491438   --undefined--
10.501438   --undefined--
10.511438   --undefined--
10.521438   --undefined--
10.531438   --undefined--
10.541438   --undefined--
10.551438   --undefined--
10.561438   --undefined--
10.571438   --undefined--
10.581438   --undefined--
10.591438   --undefined--
10.601438   --undefined--
10.611438   --undefined--
10.621438   --undefined--
10.631438   --undefined--
10.641438   --undefined--
10.651438   --undefined--
10.661438   --undefined--
10.671438   --undefined--
10.681438   229.949350
10.691438   226.048168
10.701438   223.154496
10.711438   220.708780
10.721438   219.737037
10.731438   213.583975
10.741438   214.324227
10.751438   214.057756
10.761438   210.253683
10.771438   209.258043
10.781438   206.856945
10.791438   202.480035
10.801438   201.419710
10.811438   198.760521
10.821438   193.385941
10.831438   192.944223
10.841438   192.513927
10.851438   191.298065
10.861438   190.417992
10.871438   189.195027
10.881438   187.803509
10.891438   185.823094
10.901438   182.573924
10.911438   180.084406
10.921438   178.697770
10.931438   176.972586
10.941438   175.059117
10.951438   174.125904
10.961438   172.387164
10.971438   172.046076
10.981438   171.877980
10.991438   171.269542
11.001438   171.886425
11.011438   172.309087
11.021438   172.007454
11.031438   172.173481
11.041438   172.462825
11.051438   172.475647
11.061438   171.292082
11.071438   171.098949
11.081438   171.298401
11.091438   171.725046
11.101438   171.744489
11.111438   170.670409
11.121438   --undefined--
11.131438   --undefined--
11.141438   --undefined--
11.151438   --undefined--
11.161438   --undefined--
11.171438   --undefined--
11.181438   --undefined--
11.191438   --undefined--
11.201438   --undefined--
11.211438   --undefined--
11.221438   --undefined--
11.231438   --undefined--
11.241438   --undefined--
11.251438   --undefined--
11.261438   --undefined--
11.271438   --undefined--
11.281438   --undefined--
11.291438   --undefined--
11.301438   --undefined--
11.311438   --undefined--
11.321438   --undefined--
11.331438   --undefined--
11.341438   --undefined--
11.351438   --undefined--
11.361438   --undefined--
11.371438   --undefined--
11.381438   --undefined--
11.391438   --undefined--
11.401438   --undefined--
11.411438   --undefined--
11.421438   --undefined--
11.431438   --undefined--
11.441438   --undefined--
11.451438   --undefined--
11.461438   --undefined--
11.471438   --undefined--
11.481438   --undefined--
11.491438   --undefined--
11.501438   --undefined--
11.511438   --undefined--
11.521438   --undefined--
11.531438   --undefined--
11.541438   --undefined--
11.551438   --undefined--
11.561438   --undefined--
11.571438   --undefined--
11.581438   --undefined--
11.591438   --undefined--
11.601438   --undefined--
11.611438   --undefined--
11.621438   --undefined--
11.631438   --undefined--
11.641438   --undefined--
11.651438   --undefined--
11.661438   --undefined--
11.671438   --undefined--
11.681438   --undefined--
11.691438   --undefined--
11.701438   --undefined--
11.711438   --undefined--
11.721438   --undefined--
11.731438   --undefined--
11.741438   --undefined--
11.751438   --undefined--
11.761438   --undefined--
11.771438   --undefined--
11.781438   --undefined--
11.791438   --undefined--
11.801438   --undefined--
11.811438   --undefined--
11.821438   --undefined--
11.831438   --undefined--
11.841438   --undefined--
11.851438   --undefined--
11.861438   --undefined--
11.871438   --undefined--
11.881438   --undefined--
11.891438   --undefined--
11.901438   --undefined--
11.911438   --undefined--
11.921438   --undefined--
11.931438   --undefined--
11.941438   --undefined--
11.951438   --undefined--
11.961438   --undefined--
11.971438   --undefined--
11.981438   --undefined--
11.991438   --undefined--
12.001438   --undefined--
12.011438   --undefined--
12.021438   --undefined--
12.031438   --undefined--
12.041438   --undefined--
12.051438   --undefined--
12.061438   --undefined--
12.071438   --undefined--
12.081438   --undefined--
12.091438   --undefined--
12.101438   --undefined--
12.111438   --undefined--
12.121438   --undefined--
12.131438   --undefined--
12.141438   --undefined--
12.151438   --undefined--
12.161438   --undefined--
12.171438   --undefined--
12.181438   --undefined--
12.191438   --undefined--
12.201438   --undefined--
12.211438   --undefined--
12.221438   --undefined--
12.231438   --undefined--
12.241438   --undefined--
12.251438   --undefined--
12.261438   --undefined--
12.271438   --undefined--
12.281438   --undefined--
12.291438   --undefined--
12.301438   --undefined--
12.311438   --undefined--
12.321438   --undefined--
12.331438   --undefined--
12.341438   --undefined--
12.351438   --undefined--
12.361438   --undefined--
12.371438   --undefined--
12.381438   --undefined--
12.391438   --undefined--
12.401438   --undefined--
12.411438   --undefined--
12.421438   --undefined--
12.431438   --undefined--
12.441438   --undefined--
12.451438   --undefined--
12.461438   --undefined--
12.471438   --undefined--
12.481438   --undefined--
12.491438   --undefined--
12.501438   --undefined--
12.511438   --undefined--
12.521438   --undefined--
12.531438   --undefined--
12.541438   --undefined--
12.551438   --undefined--
12.561438   --undefined--
12.571438   --undefined--
12.581438   --undefined--
12.591438   --undefined--
12.601438   --undefined--
12.611438   --undefined--
12.621438   --undefined--
12.631438   --undefined--
12.641438   --undefined--
12.651438   --undefined--
12.661438   --undefined--
12.671438   --undefined--
12.681438   --undefined--
12.691438   --undefined--
12.701438   --undefined--
12.711438   --undefined--
12.721438   --undefined--
12.731438   --undefined--
12.741438   --undefined--
12.751438   --undefined--
12.761438   --undefined--
12.771438   --undefined--
12.781438   --undefined--
12.791438   --undefined--
12.801438   --undefined--
12.811438   --undefined--
12.821438   --undefined--
12.831438   --undefined--
12.841438   --undefined--
12.851438   --undefined--
12.861438   --undefined--
12.871438   --undefined--
12.881438   --undefined--
12.891438   --undefined--
12.901438   --undefined--
12.911438   --undefined--
12.921438   --undefined--
12.931438   --undefined--
12.941438   --undefined--
12.951438   --undefined--
12.961438   --undefined--
12.971438   --undefined--
12.981438   --undefined--
12.991438   --undefined--
13.001438   --undefined--
13.011438   --undefined--
13.021438   --undefined--
13.031438   --undefined--
