mean: 71.75039080897201 std: 6.843858234409458
0.04302083333333299 59.54843658670825
0.05368749999999965 60.55848262711503
0.06435416666666632 67.87012703818542
0.07502083333333298 73.84085361583111
0.08568749999999967 76.59620997508623
0.09635416666666632 76.79952076789402
0.10702083333333298 75.30350756431523
0.11768749999999967 73.22677048049479
0.12835416666666633 71.047591117593
0.139020833333333 70.45780888926987
0.14968749999999967 73.58645575721421
0.16035416666666633 75.70120544220087
0.17102083333333298 75.3681803174951
0.18168749999999967 74.05101408842228
0.19235416666666633 74.27457776663542
0.203020833333333 75.89649585957517
0.21368749999999967 77.0301625115859
0.22435416666666633 76.45840430933532
0.235020833333333 74.66514968751848
0.24568749999999967 73.21809163808034
0.2563541666666664 74.02725523107027
0.26702083333333304 75.9268945518278
0.2776874999999997 77.29020915484877
0.28835416666666636 78.05877447597348
0.299020833333333 78.73231525437932
0.3096874999999997 79.0838291874237
0.3203541666666664 78.83066648244562
0.33102083333333304 77.60011391533403
0.3416874999999997 75.58244005109
0.35235416666666636 74.04984147492941
0.36302083333333307 72.88149330687918
0.37368749999999973 70.92956799415866
0.3843541666666664 69.01110697754021
0.39502083333333304 68.39518178289158
0.4056874999999997 67.90619501781396
0.4163541666666664 67.33805697342602
0.42702083333333307 66.78947467766541
0.43768749999999973 64.96271306697845
0.4483541666666664 62.249558924368756
0.45902083333333304 60.961229757540146
0.46968749999999976 62.99798495626301
0.4803541666666664 64.42967456875125
0.4910208333333331 64.55285354022077
0.5016874999999997 63.873145622382964
0.5123541666666663 63.31447727272333
0.523020833333333 63.60245089214381
0.5336874999999998 64.45331210373025
0.5443541666666664 65.00760924508458
0.555020833333333 66.07443051433935
0.5656874999999997 66.58064094723825
0.5763541666666664 67.16551423489362
0.587020833333333 68.36349518616329
0.5976874999999997 69.11295334015803
0.6083541666666663 69.32675625629767
0.619020833333333 69.24806417946168
0.6296874999999997 68.81182226524362
0.6403541666666663 67.65100491115408
0.651020833333333 66.05496423096648
0.6616874999999997 64.25796654028622
0.6723541666666664 63.026346502236244
0.6830208333333331 63.228165994350015
0.6936874999999997 64.76384798017862
0.7043541666666664 65.96843257584763
0.715020833333333 65.79320773236783
0.7256874999999997 65.22463202818236
0.7363541666666664 65.24265689408819
0.747020833333333 65.13867634713485
0.7576874999999997 64.6875694135819
0.7683541666666663 63.67404099604382
0.779020833333333 62.33660184103258
0.7896874999999998 60.60181052013469
0.8003541666666664 59.80112978593576
0.8110208333333331 58.92007564297677
0.8216874999999997 56.265519124003404
0.8323541666666664 54.39685899323961
0.8430208333333331 54.71101887526661
0.8536874999999997 55.763075525212344
0.8643541666666664 55.52137596867453
0.875020833333333 56.59237131919676
0.8856874999999997 57.20925148928871
0.8963541666666665 54.73628653830225
0.907020833333333 53.16330021421122
0.9176874999999998 56.00631979261986
0.9283541666666664 57.92197110059223
0.9390208333333331 56.58030522052323
0.9496874999999997 59.13464842082929
0.9603541666666664 61.803692551934276
0.9710208333333331 64.18768307069466
0.9816874999999997 64.82400133800223
0.9923541666666664 65.20093794279789
1.003020833333333 65.7855497949553
1.0136874999999999 65.68604621013398
1.0243541666666665 65.92831915223151
1.035020833333333 66.36393978174277
1.0456874999999999 65.30800328360232
1.0563541666666665 63.43317466401409
1.067020833333333 62.14722687439032
1.0776875 60.69594184943333
1.0883541666666665 61.86998268877572
1.0990208333333331 63.580467031821144
1.1096875 64.7074389748578
1.1203541666666665 65.52060262410671
1.1310208333333331 67.19196803438881
1.1416875 68.50102442699756
1.1523541666666666 68.50337123611085
1.1630208333333332 67.52562149165125
1.1736874999999998 66.26140268264328
1.1843541666666666 65.59107603794796
1.1950208333333332 65.25219569105495
1.2056874999999998 64.09853628738664
1.2163541666666666 62.25454272264475
1.2270208333333332 60.45921387694904
1.2376874999999998 59.288309107161474
1.2483541666666667 58.378993882635974
1.2590208333333333 58.90455670171846
1.2696874999999999 61.84553413771368
1.2803541666666665 64.22861701482132
1.2910208333333333 65.45268284081334
1.3016874999999999 65.65198192192953
1.3123541666666665 64.35713132908367
1.3230208333333333 62.466013737923156
1.3336875 62.15633429117688
1.3443541666666665 62.48551912466652
1.3550208333333333 60.90678706402544
1.3656875 58.55324066521432
1.3763541666666665 57.595039592047364
1.3870208333333331 56.33472803732757
1.3976875 57.56124638053543
1.4083541666666666 59.887481394469226
1.4190208333333332 61.25627157540389
1.4296875 60.84969080848735
1.4403541666666666 59.92038138223439
1.4510208333333332 60.34637713793181
1.4616874999999998 61.43689193563529
1.4723541666666666 62.121929357518624
1.4830208333333332 62.68782765288377
1.4936874999999998 63.051915604953635
1.5043541666666667 62.59657290533036
1.5150208333333333 62.40311678806995
1.5256874999999999 64.08459955557116
1.5363541666666667 65.77057035277966
1.5470208333333333 65.97786475849693
1.5576875 65.78709858637461
1.5683541666666665 64.8977348037075
1.5790208333333333 61.725762589451556
1.5896875 57.11476751246879
1.6003541666666665 57.37526422786391
1.6110208333333333 60.80573239051665
1.6216875 62.1965439815547
1.6323541666666666 61.821416441176716
1.6430208333333334 61.48523929934602
1.6536875 61.96958779357057
1.6643541666666666 62.357314953184115
1.6750208333333332 61.380017694336225
1.6856875 58.31638146857405
1.6963541666666666 53.59054074931212
1.7070208333333332 50.69922026717916
1.7176875 51.052622768856196
1.7283541666666666 53.4312715122012
1.7390208333333332 56.06515901493215
1.7496875 55.91848952103475
1.7603541666666667 54.891551438674625
1.7710208333333333 55.57586281755117
1.7816874999999999 55.74283346062218
1.7923541666666667 55.58434682380057
1.8030208333333333 54.812724338034265
1.8136875 55.272602435281925
1.8243541666666667 55.54874614129639
1.8350208333333333 53.175170137167086
1.8456875 52.152368161696565
1.8563541666666665 53.73830947325175
1.8670208333333334 53.04706632778293
1.8776875 51.94921968824108
1.8883541666666666 53.76050707955894
1.8990208333333334 56.03878753926693
1.9096875 56.487086028334936
1.9203541666666666 55.015110536685825
1.9310208333333334 53.34557151156886
1.9416875 52.24814367526619
1.9523541666666666 53.14630789409353
1.9630208333333332 60.89556074506207
1.9736875 67.73027475100221
1.9843541666666666 70.89500063215611
1.9950208333333332 71.67045384478797
2.0056875 71.34327677658456
2.0163541666666664 70.61701734916353
2.0270208333333333 69.73030998806665
2.0376875 69.13973712500093
2.0483541666666665 69.58715304589232
2.0590208333333333 70.76567485198098
2.0696874999999997 71.80124170249817
2.0803541666666665 72.15008762751737
2.091020833333333 71.89296400241952
2.1016874999999997 71.18612606538309
2.1123541666666665 70.08278505322536
2.123020833333333 69.49275072631937
2.1336874999999997 69.67482657173507
2.1443541666666666 69.61738891666374
2.155020833333333 69.18550324860833
2.1656874999999998 69.02211514649467
2.1763541666666666 69.24319204255815
2.187020833333333 69.32987924305954
2.1976875 69.26585685746579
2.2083541666666666 69.12595641791752
2.219020833333333 69.20739389801778
2.2296875 69.68693164598295
2.2403541666666666 70.01166755129003
2.251020833333333 70.2878843750121
2.2616875 70.61812031586273
2.2723541666666667 70.93577106784458
2.283020833333333 70.99501799802128
2.2936875 71.01508622100219
2.3043541666666663 71.1652318659146
2.315020833333333 71.11448856796444
2.3256875 70.7239907688641
2.3363541666666663 69.67882222425574
2.347020833333333 67.64970719365684
2.3576875 64.599280411053
2.3683541666666663 61.274699571980406
2.379020833333333 61.43164882658504
2.3896875 65.15955061710574
2.4003541666666663 67.45820916706356
2.411020833333333 68.70002498926443
2.4216875 69.62145798948102
2.4323541666666664 70.33705642621152
2.443020833333333 70.98372344615342
2.4536875 71.86031632500405
2.4643541666666664 72.94676742437662
2.4750208333333332 73.9019169620563
2.4856874999999996 74.26870037916449
2.4963541666666664 73.90800341852375
2.5070208333333333 73.18207710717675
2.5176874999999996 72.5467433304721
2.5283541666666665 72.22009472038744
2.5390208333333333 71.54487065435643
2.5496874999999997 70.7113808980316
2.5603541666666665 71.31668003180704
2.5710208333333333 73.1799473142972
2.5816874999999997 74.99252684579561
2.5923541666666665 75.84201919115853
2.6030208333333333 75.3006570805288
2.6136874999999997 74.52837729912984
2.6243541666666665 74.44208072148363
2.6350208333333334 74.22494567788601
2.6456874999999997 73.59331690416624
2.6563541666666666 72.96421128877648
2.6670208333333334 72.91338660995395
2.6776874999999998 73.43933546174969
2.6883541666666666 73.68290330274777
2.699020833333333 73.66428152315868
2.7096875 73.32809953886694
2.7203541666666666 72.1926310591208
2.731020833333333 70.4473276841135
2.7416875 68.63861882715891
2.7523541666666667 69.47413550509273
2.763020833333333 73.87470251343865
2.7736875 76.62832016639152
2.7843541666666667 76.82151889654422
2.795020833333333 75.69269657364953
2.8056875 74.90142480536946
2.8163541666666667 74.02373165538431
2.827020833333333 72.77983369530014
2.8376875 70.73341213436015
2.8483541666666667 67.7434499469939
2.859020833333333 66.27785337297784
2.8696875 67.97464732288555
2.8803541666666663 70.43234129984451
2.891020833333333 71.60867118282555
2.9016875 70.10079093445057
2.9123541666666664 65.1002277623468
2.923020833333333 60.55267497872235
2.9336875 62.60070362684627
2.9443541666666664 69.89750769639218
2.955020833333333 74.60025656727424
2.9656875 76.27268114833615
2.9763541666666664 76.21872959236077
2.9870208333333332 75.38426451433409
2.9976875 73.89499675904239
3.0083541666666664 71.62028158540247
3.0190208333333333 68.29756162024663
3.0296875 64.41922225007599
3.0403541666666665 61.55988017581235
3.0510208333333333 59.77269091308528
3.0616875 58.575749477532675
3.0723541666666665 57.47403005722365
3.0830208333333333 57.195048961013306
3.0936874999999997 60.3725552408753
3.1043541666666665 61.3147050023671
3.1150208333333333 59.98729115451116
3.1256874999999997 57.79202818724308
3.1363541666666666 54.78279579164865
3.1470208333333334 53.57206127108064
3.1576874999999998 59.90964366433722
3.1683541666666666 65.60257686268025
3.1790208333333334 68.20684876704506
3.1896875 68.65942812426727
3.2003541666666666 68.19031594491929
3.2110208333333334 68.12853494703003
3.2216875 68.9699083796619
3.2323541666666666 69.64293468448696
3.2430208333333335 69.89289347048444
3.2536875 70.01547257249483
3.2643541666666667 69.98391962110055
3.275020833333333 69.89916237775579
3.2856875 69.65570996583394
3.2963541666666667 69.3632994135753
3.307020833333333 69.2341969936454
3.3176875 69.13447446056084
3.3283541666666667 68.95349241150245
3.339020833333333 68.32300529015416
3.3496875 67.9532112956944
3.3603541666666668 68.91429134285661
3.371020833333333 69.95895912578705
3.3816875 70.27482986995989
3.392354166666667 70.08762125981684
3.403020833333333 69.65089558589257
3.4136875 68.99233367647253
3.424354166666667 68.73666355708225
3.435020833333333 69.06371952784713
3.4456875 69.17841449585045
3.456354166666667 69.19999517690779
3.467020833333333 69.34593535751365
3.4776875 69.0495984003097
3.4883541666666664 68.44355300395775
3.4990208333333332 67.58827635405768
3.5096875 65.661874374994
3.5203541666666665 63.09355935569562
3.5310208333333333 62.84936165156993
3.5416875 62.88469372791876
3.5523541666666665 62.58724388711025
3.5630208333333333 62.201164725858504
3.5736875 61.90608832409778
3.5843541666666665 62.6672605242581
3.5950208333333333 63.38233610741738
3.6056875 63.47728544067302
3.6163541666666665 62.26532219367762
3.6270208333333334 62.53123417543964
3.6376875 65.49906451755908
3.6483541666666666 66.98980402878112
3.6590208333333334 66.6770521457938
3.6696874999999998 65.84167107201486
3.6803541666666666 66.31406398242132
3.6910208333333334 66.76116118105695
3.7016875 66.78304538972269
3.7123541666666666 66.71883904868872
3.7230208333333334 66.00691089019958
3.7336875 64.68102497417532
3.7443541666666667 62.5526778502168
3.7550208333333335 61.36737432249479
3.7656875 61.335622680423995
3.7763541666666667 60.8708658182138
3.7870208333333335 59.055360654256894
3.7976875 56.635900041281495
3.8083541666666667 54.92531552971717
3.8190208333333335 53.076510262398315
3.8296875 51.78839431502524
3.8403541666666667 53.516794878525936
3.851020833333333 57.6144179606839
3.8616875 62.073748552002286
3.8723541666666668 64.44578765308847
3.883020833333333 63.34121835550636
3.8936875 59.917788974948614
3.904354166666667 59.42906147790856
3.915020833333333 58.882093674963
3.9256875 58.91301516209871
3.936354166666667 59.91709862472659
3.947020833333333 60.16093627777888
3.9576875 60.284277995668766
3.968354166666667 61.794547057084515
3.9790208333333332 62.245437136013265
3.9896875 61.21388761034885
4.000354166666667 63.57363906398902
4.011020833333333 67.04229738180535
4.0216875000000005 69.49950357250584
4.032354166666667 71.11810781020715
4.043020833333334 71.76906041096358
4.0536875000000006 71.91626707104389
4.064354166666667 71.64219832139362
4.075020833333334 70.75404409520281
4.085687500000001 69.26908725892663
4.096354166666667 67.49269251597515
4.107020833333334 66.23269299317472
4.117687500000001 66.21307291022414
4.128354166666667 66.76549460499325
4.139020833333333 66.90524226421395
4.149687500000001 66.37536117708763
4.160354166666667 65.6274837697143
4.171020833333333 64.98469972211618
4.181687500000001 64.79520707069142
4.192354166666667 64.54817307233196
4.203020833333333 63.55601711112971
4.213687500000001 62.71651216382018
4.224354166666667 62.72319269890772
4.2350208333333335 63.3795788263071
4.245687500000001 63.7641395519917
4.256354166666667 65.83080668801816
4.2670208333333335 69.39648588594528
4.277687500000001 72.8168743018169
4.288354166666667 74.95722666551667
4.2990208333333335 75.40798179212791
4.309687500000001 74.6783567852155
4.320354166666667 74.21208016378617
4.3310208333333335 74.45441483978595
4.341687500000001 74.71062554965361
4.352354166666667 74.78174105703923
4.363020833333334 74.85720080475619
4.373687500000001 75.11164869059591
4.384354166666667 75.37532832511472
4.395020833333334 75.65663614310498
4.405687500000001 75.93082736229252
4.416354166666667 76.16765621343353
4.427020833333334 76.39638654030803
4.437687500000001 76.65118395981052
4.448354166666667 76.86913342063478
4.459020833333334 76.98880819726516
4.469687500000001 76.99345651290542
4.480354166666667 76.87021889296335
4.491020833333334 76.6125026294547
4.501687500000001 76.31640251489225
4.512354166666667 76.09262736160107
4.523020833333334 75.81838924948929
4.5336875 75.47356666475348
4.544354166666667 75.14909943924286
4.555020833333334 74.88049501447775
4.5656875 74.54775527632411
4.576354166666667 74.19890440071215
4.587020833333334 73.98889448058765
4.5976875 73.87266015979432
4.608354166666667 73.72132354741953
4.619020833333334 73.4348141846013
4.6296875 73.10819535617574
4.6403541666666674 72.8091256802562
4.651020833333334 72.48335120097205
4.6616875 72.12643200695261
4.6723541666666675 71.63281904563847
4.683020833333334 71.38389184839252
4.6936875 71.5683400984104
4.7043541666666675 71.77466786186835
4.715020833333334 70.93487376857897
4.7256875 68.6435410809919
4.7363541666666675 66.31167503328139
4.747020833333334 64.92342017498943
4.7576875 64.11674622440164
4.768354166666668 63.5075247006391
4.779020833333334 64.07853993074684
4.7896875 65.94695313129866
4.800354166666668 68.9626304986328
4.811020833333334 70.80554424111297
4.8216875 71.19134031741726
4.832354166666668 71.14854250853908
4.843020833333334 70.46148291313038
4.8536875 69.32855427010229
4.864354166666668 68.60500205312042
4.875020833333334 68.39716231850154
4.8856875 68.17666043094788
4.896354166666668 67.61275401250587
4.907020833333334 67.47798017619803
4.9176875 67.75003346975721
4.928354166666667 67.44583531366925
4.939020833333334 66.98477806241434
4.9496875000000005 66.45233751984576
4.960354166666667 65.82965257984401
4.971020833333334 65.00588287660133
4.9816875000000005 64.3823836418562
4.992354166666667 64.17983792127274
5.003020833333334 64.36256746793141
5.0136875000000005 64.450779229859
5.024354166666667 64.42512254651975
5.035020833333334 64.3906168687889
5.0456875000000005 64.17649979637727
5.056354166666667 63.722301121041156
5.067020833333334 63.07194744462147
5.077687500000001 62.29984422793989
5.088354166666667 61.25086408102081
5.099020833333334 60.11931434703081
5.109687500000001 61.53952236712734
5.120354166666667 63.53272307278551
5.131020833333334 64.35633068138607
5.141687500000001 63.668251314218054
5.152354166666667 62.12722242892676
5.163020833333334 60.99266910187198
5.173687500000001 59.21747760886646
5.184354166666667 55.90333456065317
5.195020833333334 54.35275410024455
5.205687500000001 57.97101738372768
5.216354166666667 60.463559238072065
5.227020833333334 60.50595349871047
5.237687500000001 62.82555661025691
5.248354166666667 65.14135621448709
5.259020833333334 65.95983560532189
5.269687500000001 65.98485609151103
5.280354166666667 66.01377713002309
5.291020833333334 65.90011781187148
5.301687500000001 65.70621968438468
5.312354166666667 65.6067950872532
5.3230208333333335 65.65337723502785
5.333687500000001 65.40234104382813
5.344354166666667 64.7221060067979
5.355020833333334 64.83911157294655
5.365687500000001 65.69583654139743
5.376354166666667 66.20130870752122
5.387020833333334 66.36980580438457
5.397687500000001 66.36965756431916
5.408354166666667 65.40875418207976
5.419020833333334 62.64668051293843
5.429687500000001 59.21754677232394
5.440354166666667 57.02017846921288
5.451020833333334 56.511704029412456
5.461687500000001 58.20574319603911
5.472354166666667 63.478652133916285
5.483020833333334 68.45270633006484
5.493687500000001 71.01304890068371
5.504354166666667 71.88248179385981
5.515020833333334 72.79848685821092
5.525687500000001 74.57745004124688
5.536354166666667 76.82727887368121
5.547020833333334 79.00142024028354
5.557687500000001 80.7500049326301
5.568354166666667 81.93096401205662
5.579020833333334 82.62432726611245
5.589687500000001 83.02920758783154
5.600354166666667 83.27431266918408
5.611020833333334 83.62933281068372
5.621687500000001 84.10999091265276
5.632354166666667 84.47848159191494
5.643020833333334 84.60990475663168
5.653687500000001 84.31227939236217
5.6643541666666675 83.7127949060827
5.675020833333334 82.9959646472515
5.685687500000001 81.68683247866349
5.6963541666666675 79.4596173045692
5.707020833333334 76.02498559895838
5.7176875 70.67857183050073
5.7283541666666675 63.92364898582409
5.739020833333334 59.51787597944369
5.7496875 58.94901836504198
5.7603541666666676 58.09878511331455
5.771020833333334 58.184832147960535
5.7816875 60.60518460003187
5.792354166666668 63.9934129544967
5.803020833333334 69.17197369378181
5.8136875 72.49025018169648
5.824354166666668 73.64247477830273
5.835020833333334 73.3160949187078
5.8456875 71.41077786877385
5.856354166666668 68.69591586214786
5.867020833333334 65.59017124156571
5.8776875 62.94962860294988
5.888354166666668 62.70635709621046
5.899020833333334 64.2795836046044
5.9096875 67.86984639330436
5.920354166666668 69.50089012452686
5.931020833333334 67.57883958129331
5.9416875000000005 63.303727109284296
5.952354166666668 62.18448025900891
5.963020833333334 60.50186431238892
5.9736875000000005 56.157214677295784
5.984354166666668 52.971198769893306
5.995020833333334 55.84021025581373
6.0056875000000005 57.1643952407128
6.016354166666668 58.200120636593255
6.027020833333334 59.035727667253255
6.0376875000000005 61.51058573798195
6.048354166666668 64.39350165226998
6.059020833333334 65.87697668075096
6.069687500000001 66.66671062370398
6.080354166666668 67.40455998123566
6.091020833333334 68.09799682430865
6.101687500000001 68.30878833118913
6.112354166666667 67.18262297782113
6.123020833333334 64.5656813034771
6.133687500000001 62.02030832489807
6.144354166666667 59.05259115471047
6.155020833333334 55.793560222746706
6.165687500000001 56.14730123801556
6.176354166666667 58.924821951082926
6.187020833333334 64.14754532725402
6.197687500000001 69.70670347244437
6.208354166666667 72.56158709574954
6.219020833333334 73.60984792255184
6.229687500000001 74.35326311618272
6.240354166666667 75.19235453961025
6.251020833333334 76.2575761292697
6.261687500000001 77.66592601314038
6.272354166666667 79.16624765416736
6.283020833333334 80.07347565044364
6.293687500000001 79.92929442771316
6.304354166666667 78.87593768914036
6.315020833333334 76.6746800845965
6.325687500000001 72.46243674134546
6.336354166666667 66.21108333453058
6.3470208333333344 60.155987306412264
6.357687500000001 57.30059723757531
6.368354166666667 59.14689864637877
6.3790208333333345 59.81190110640664
6.389687500000001 57.49754392490895
6.400354166666667 55.55715656710247
6.4110208333333345 54.786140664380525
6.421687500000001 54.963533647883935
6.432354166666667 54.898666768245754
6.4430208333333345 52.85172863399053
6.453687500000001 52.31459341973084
6.464354166666667 55.63122210753325
