Time_s   F0_Hz
0.024781   --undefined--
0.034781   --undefined--
0.044781   --undefined--
0.054781   --undefined--
0.064781   --undefined--
0.074781   --undefined--
0.084781   --undefined--
0.094781   --undefined--
0.104781   --undefined--
0.114781   267.721475
0.124781   277.679278
0.134781   289.067825
0.144781   291.858936
0.154781   292.614971
0.164781   293.396376
0.174781   294.899649
0.184781   296.419594
0.194781   298.139455
0.204781   299.938965
0.214781   302.130395
0.224781   304.395078
0.234781   306.124859
0.244781   307.751360
0.254781   310.431254
0.264781   310.158197
0.274781   308.424679
0.284781   308.507955
0.294781   304.810803
0.304781   308.127637
0.314781   310.671842
0.324781   311.189343
0.334781   311.492544
0.344781   309.124329
0.354781   313.840348
0.364781   327.016118
0.374781   328.566975
0.384781   331.079690
0.394781   335.868428
0.404781   337.839319
0.414781   339.554777
0.424781   341.058821
0.434781   343.905481
0.444781   345.845801
0.454781   347.184597
0.464781   347.293733
0.474781   346.215731
0.484781   345.491192
0.494781   346.336775
0.504781   346.733179
0.514781   347.918411
0.524781   346.816434
0.534781   344.859889
0.544781   341.121232
0.554781   337.589145
0.564781   311.095539
0.574781   301.755314
0.584781   283.849493
0.594781   279.468041
0.604781   274.430763
0.614781   270.423072
0.624781   268.146141
0.634781   266.613447
0.644781   267.443098
0.654781   269.737317
0.664781   271.540713
0.674781   272.899140
0.684781   270.211416
0.694781   269.297632
0.704781   271.155570
0.714781   272.516249
0.724781   --undefined--
0.734781   --undefined--
0.744781   --undefined--
0.754781   --undefined--
0.764781   --undefined--
0.774781   --undefined--
0.784781   --undefined--
0.794781   --undefined--
0.804781   264.466672
0.814781   265.689437
0.824781   263.241554
0.834781   261.249632
0.844781   259.494026
0.854781   257.636783
0.864781   255.731919
0.874781   253.626467
0.884781   252.605222
0.894781   255.263069
0.904781   257.692024
0.914781   257.868964
0.924781   247.339219
0.934781   251.393226
0.944781   251.245162
0.954781   259.417890
0.964781   268.008192
0.974781   269.895832
0.984781   268.916265
0.994781   268.219166
1.004781   256.224341
1.014781   253.937554
1.024781   253.536268
1.034781   254.409263
1.044781   255.765042
1.054781   255.237244
1.064781   254.934146
1.074781   241.859899
1.084781   241.511191
1.094781   239.196326
1.104781   236.691365
1.114781   232.262944
1.124781   228.329840
1.134781   224.902062
1.144781   223.177617
1.154781   222.820516
1.164781   222.905084
1.174781   222.933679
1.184781   222.534072
1.194781   222.125531
1.204781   221.664981
1.214781   221.041460
1.224781   221.477165
1.234781   221.457008
1.244781   221.234518
1.254781   221.390600
1.264781   221.828002
1.274781   222.266009
1.284781   223.480243
1.294781   225.060014
1.304781   227.068609
1.314781   228.913956
1.324781   225.003246
1.334781   226.639943
1.344781   225.054291
1.354781   223.663645
1.364781   228.916765
1.374781   236.457970
1.384781   245.092829
1.394781   245.902022
1.404781   249.011894
1.414781   253.284981
1.424781   271.837041
1.434781   277.309932
1.444781   286.538037
1.454781   291.857491
1.464781   275.669471
1.474781   279.076690
1.484781   308.414997
1.494781   311.677274
1.504781   --undefined--
1.514781   --undefined--
1.524781   --undefined--
1.534781   --undefined--
1.544781   --undefined--
1.554781   --undefined--
1.564781   --undefined--
1.574781   --undefined--
1.584781   --undefined--
1.594781   --undefined--
1.604781   --undefined--
1.614781   --undefined--
1.624781   --undefined--
1.634781   --undefined--
1.644781   --undefined--
1.654781   --undefined--
1.664781   --undefined--
1.674781   --undefined--
1.684781   --undefined--
1.694781   --undefined--
1.704781   --undefined--
1.714781   --undefined--
1.724781   --undefined--
1.734781   --undefined--
1.744781   273.347889
1.754781   269.902006
1.764781   264.119519
1.774781   261.307043
1.784781   258.283009
1.794781   256.807334
1.804781   247.398664
1.814781   244.537910
1.824781   245.452692
1.834781   250.284963
1.844781   249.951695
1.854781   249.397932
1.864781   251.588470
1.874781   252.769522
1.884781   246.619426
1.894781   245.088015
1.904781   246.384540
1.914781   245.352433
1.924781   240.779304
1.934781   235.707781
1.944781   232.565168
1.954781   231.549892
1.964781   232.283214
1.974781   232.922531
1.984781   233.195975
1.994781   233.485473
2.004781   233.631634
2.014781   233.748985
2.024781   233.328923
2.034781   233.183892
2.044781   233.004487
2.054781   232.531398
2.064781   232.445092
2.074781   233.113075
2.084781   232.737363
2.094781   232.345410
2.104781   232.735569
2.114781   233.275011
2.124781   231.226687
2.134781   226.301914
2.144781   217.261729
2.154781   213.132896
2.164781   211.570391
2.174781   210.629145
2.184781   210.938643
2.194781   211.275415
2.204781   210.483646
2.214781   209.768222
2.224781   209.499300
2.234781   210.243423
2.244781   211.507415
2.254781   214.029994
2.264781   212.829633
2.274781   208.835995
2.284781   207.334201
2.294781   206.876333
2.304781   205.291743
2.314781   203.058509
2.324781   203.486971
2.334781   202.500038
2.344781   201.334467
2.354781   201.666036
2.364781   199.153336
2.374781   201.482297
2.384781   201.487123
2.394781   200.284857
2.404781   198.960772
2.414781   197.264659
2.424781   195.855850
2.434781   195.223277
2.444781   194.450261
2.454781   195.742343
2.464781   197.625650
2.474781   198.907677
2.484781   198.045173
2.494781   --undefined--
2.504781   --undefined--
2.514781   --undefined--
2.524781   --undefined--
2.534781   --undefined--
2.544781   --undefined--
2.554781   --undefined--
2.564781   --undefined--
2.574781   --undefined--
2.584781   --undefined--
2.594781   --undefined--
2.604781   --undefined--
2.614781   202.953543
2.624781   198.353475
2.634781   197.567270
2.644781   197.035074
2.654781   196.796253
2.664781   197.110020
2.674781   198.145905
2.684781   200.024653
2.694781   --undefined--
2.704781   --undefined--
2.714781   --undefined--
2.724781   --undefined--
2.734781   --undefined--
2.744781   --undefined--
2.754781   --undefined--
2.764781   --undefined--
2.774781   --undefined--
2.784781   --undefined--
2.794781   --undefined--
2.804781   --undefined--
2.814781   --undefined--
2.824781   204.670815
2.834781   200.232998
2.844781   194.793866
2.854781   191.261384
2.864781   189.349514
2.874781   188.485826
2.884781   189.053649
2.894781   190.629826
2.904781   192.094892
2.914781   193.448807
2.924781   194.613982
2.934781   193.407369
2.944781   193.705041
2.954781   195.903193
2.964781   197.586853
2.974781   198.230719
2.984781   196.051183
2.994781   194.608854
3.004781   190.447209
3.014781   189.405826
3.024781   195.437574
3.034781   195.920767
3.044781   197.541479
3.054781   --undefined--
3.064781   --undefined--
3.074781   --undefined--
3.084781   --undefined--
3.094781   332.393193
3.104781   340.255792
3.114781   341.226176
3.124781   347.787761
3.134781   --undefined--
3.144781   156.535101
3.154781   157.425172
3.164781   158.012460
3.174781   163.584713
3.184781   165.298868
3.194781   165.548722
3.204781   --undefined--
3.214781   --undefined--
3.224781   --undefined--
3.234781   --undefined--
3.244781   --undefined--
3.254781   --undefined--
3.264781   --undefined--
3.274781   --undefined--
3.284781   --undefined--
3.294781   --undefined--
3.304781   --undefined--
3.314781   --undefined--
3.324781   --undefined--
3.334781   --undefined--
3.344781   --undefined--
3.354781   235.977527
3.364781   235.261142
3.374781   235.375967
3.384781   238.669241
3.394781   241.746399
3.404781   245.649925
3.414781   247.415129
3.424781   260.376803
3.434781   261.572589
3.444781   258.888547
3.454781   260.296278
3.464781   270.452133
3.474781   277.893347
3.484781   279.428845
3.494781   279.996780
3.504781   279.377949
3.514781   277.839876
3.524781   273.704446
3.534781   271.510708
3.544781   269.752553
3.554781   264.461162
3.564781   263.134085
3.574781   263.703358
3.584781   250.990738
3.594781   235.375212
3.604781   226.261233
3.614781   226.583385
3.624781   213.835546
3.634781   208.669901
3.644781   203.064987
3.654781   197.923076
3.664781   195.942881
3.674781   193.192699
3.684781   --undefined--
3.694781   --undefined--
3.704781   --undefined--
3.714781   --undefined--
3.724781   --undefined--
3.734781   --undefined--
3.744781   --undefined--
3.754781   --undefined--
3.764781   --undefined--
3.774781   --undefined--
3.784781   --undefined--
3.794781   --undefined--
3.804781   --undefined--
3.814781   --undefined--
3.824781   --undefined--
3.834781   --undefined--
3.844781   --undefined--
3.854781   197.469676
3.864781   197.488310
3.874781   197.502077
3.884781   196.584591
3.894781   195.570826
3.904781   195.316586
3.914781   196.576813
3.924781   194.980075
3.934781   193.747552
3.944781   193.145342
3.954781   192.143950
3.964781   190.359919
3.974781   188.239565
3.984781   186.082671
3.994781   182.718182
4.004781   179.903766
4.014781   177.898807
4.024781   176.816527
4.034781   176.738441
4.044781   176.951972
4.054781   177.072113
4.064781   177.148924
4.074781   177.092534
4.084781   177.574081
4.094781   176.705807
4.104781   177.366594
4.114781   176.775393
4.124781   175.141467
4.134781   177.595934
4.144781   --undefined--
4.154781   --undefined--
4.164781   --undefined--
4.174781   --undefined--
4.184781   --undefined--
4.194781   --undefined--
4.204781   --undefined--
4.214781   --undefined--
4.224781   --undefined--
4.234781   --undefined--
4.244781   --undefined--
4.254781   --undefined--
4.264781   --undefined--
4.274781   --undefined--
4.284781   --undefined--
4.294781   --undefined--
4.304781   --undefined--
4.314781   --undefined--
4.324781   --undefined--
4.334781   --undefined--
4.344781   --undefined--
4.354781   --undefined--
4.364781   --undefined--
4.374781   --undefined--
4.384781   --undefined--
4.394781   --undefined--
4.404781   --undefined--
4.414781   --undefined--
4.424781   --undefined--
4.434781   --undefined--
4.444781   --undefined--
4.454781   --undefined--
4.464781   --undefined--
4.474781   --undefined--
4.484781   --undefined--
4.494781   --undefined--
4.504781   --undefined--
4.514781   --undefined--
4.524781   --undefined--
4.534781   --undefined--
4.544781   293.909974
4.554781   294.381484
4.564781   294.673943
4.574781   293.768449
4.584781   294.427511
4.594781   --undefined--
4.604781   --undefined--
4.614781   --undefined--
4.624781   --undefined--
4.634781   --undefined--
4.644781   --undefined--
4.654781   --undefined--
4.664781   --undefined--
4.674781   --undefined--
4.684781   --undefined--
4.694781   --undefined--
4.704781   --undefined--
4.714781   --undefined--
4.724781   358.710394
4.734781   355.527683
4.744781   348.798058
4.754781   343.848734
4.764781   337.248754
4.774781   316.889686
4.784781   309.760750
4.794781   297.341692
4.804781   288.687485
4.814781   276.712114
4.824781   259.922829
4.834781   252.389057
4.844781   239.370530
4.854781   232.533425
4.864781   228.441352
4.874781   224.277964
4.884781   222.788591
4.894781   222.122090
4.904781   221.153231
4.914781   219.706585
4.924781   218.159251
4.934781   218.650946
4.944781   219.353512
4.954781   219.817363
4.964781   220.850324
4.974781   221.138048
4.984781   220.275501
4.994781   219.658661
5.004781   220.126752
5.014781   219.896653
5.024781   220.771311
5.034781   221.116659
5.044781   220.806223
5.054781   --undefined--
5.064781   --undefined--
5.074781   --undefined--
5.084781   --undefined--
5.094781   --undefined--
5.104781   221.683367
5.114781   219.952465
5.124781   214.765776
5.134781   209.700678
5.144781   208.405431
5.154781   207.385110
5.164781   206.717922
5.174781   205.886350
5.184781   205.615438
5.194781   205.252427
5.204781   205.264333
5.214781   204.627058
5.224781   204.214651
5.234781   203.915255
5.244781   204.056796
5.254781   204.488897
5.264781   205.334131
5.274781   204.482870
5.284781   --undefined--
5.294781   --undefined--
5.304781   --undefined--
5.314781   --undefined--
5.324781   --undefined--
5.334781   --undefined--
5.344781   --undefined--
5.354781   --undefined--
5.364781   --undefined--
5.374781   --undefined--
5.384781   --undefined--
5.394781   --undefined--
5.404781   --undefined--
5.414781   399.668830
5.424781   398.471515
5.434781   397.065567
5.444781   385.064124
5.454781   381.526289
5.464781   379.120168
5.474781   381.597725
5.484781   375.372824
5.494781   374.786629
5.504781   367.469390
5.514781   364.277401
5.524781   363.417446
5.534781   369.390506
5.544781   379.640427
5.554781   389.815041
5.564781   391.842518
5.574781   383.038409
5.584781   381.701974
5.594781   382.991345
5.604781   --undefined--
5.614781   --undefined--
5.624781   --undefined--
5.634781   --undefined--
5.644781   --undefined--
5.654781   178.684994
5.664781   176.690067
5.674781   176.746327
5.684781   177.815026
5.694781   179.268748
5.704781   178.109897
5.714781   --undefined--
5.724781   --undefined--
5.734781   --undefined--
5.744781   --undefined--
5.754781   --undefined--
5.764781   184.129139
5.774781   183.222250
5.784781   182.470953
5.794781   184.438485
5.804781   185.200172
5.814781   184.668550
5.824781   184.260476
5.834781   184.078289
5.844781   183.984109
5.854781   184.301500
5.864781   184.528480
5.874781   184.331599
5.884781   --undefined--
5.894781   --undefined--
5.904781   --undefined--
5.914781   --undefined--
5.924781   --undefined--
5.934781   --undefined--
5.944781   --undefined--
5.954781   --undefined--
5.964781   --undefined--
5.974781   --undefined--
5.984781   --undefined--
5.994781   --undefined--
6.004781   --undefined--
6.014781   --undefined--
6.024781   --undefined--
6.034781   --undefined--
6.044781   --undefined--
6.054781   --undefined--
6.064781   --undefined--
6.074781   --undefined--
6.084781   --undefined--
6.094781   --undefined--
6.104781   --undefined--
6.114781   --undefined--
6.124781   --undefined--
6.134781   284.872264
6.144781   280.541590
6.154781   278.803531
6.164781   275.778834
6.174781   272.090032
6.184781   270.499109
6.194781   269.442745
6.204781   268.294309
6.214781   265.445373
6.224781   264.512300
6.234781   276.822189
6.244781   --undefined--
6.254781   --undefined--
6.264781   --undefined--
6.274781   --undefined--
6.284781   --undefined--
6.294781   --undefined--
6.304781   --undefined--
6.314781   --undefined--
6.324781   183.596235
6.334781   181.844464
6.344781   180.907640
6.354781   179.017458
6.364781   177.120856
6.374781   176.424894
6.384781   175.976087
6.394781   176.145223
6.404781   175.888579
6.414781   175.872787
6.424781   175.786312
6.434781   175.460837
6.444781   --undefined--
6.454781   87.028734
6.464781   87.774551
6.474781   89.098993
6.484781   --undefined--
6.494781   --undefined--
6.504781   --undefined--
6.514781   --undefined--
6.524781   --undefined--
6.534781   --undefined--
6.544781   --undefined--
6.554781   --undefined--
6.564781   --undefined--
6.574781   --undefined--
6.584781   --undefined--
6.594781   --undefined--
6.604781   --undefined--
6.614781   --undefined--
6.624781   --undefined--
6.634781   180.115813
6.644781   179.179398
6.654781   178.158888
6.664781   176.352175
6.674781   175.911164
6.684781   175.351819
6.694781   --undefined--
6.704781   --undefined--
6.714781   --undefined--
6.724781   --undefined--
6.734781   --undefined--
6.744781   --undefined--
6.754781   --undefined--
6.764781   --undefined--
6.774781   --undefined--
6.784781   --undefined--
6.794781   --undefined--
6.804781   --undefined--
6.814781   --undefined--
6.824781   --undefined--
6.834781   196.240358
6.844781   193.676486
6.854781   189.493953
6.864781   185.692121
6.874781   182.633144
6.884781   180.315128
6.894781   173.740943
6.904781   172.949962
6.914781   172.037990
6.924781   170.777330
6.934781   --undefined--
6.944781   --undefined--
6.954781   --undefined--
6.964781   --undefined--
6.974781   --undefined--
6.984781   --undefined--
6.994781   --undefined--
7.004781   --undefined--
7.014781   --undefined--
7.024781   --undefined--
7.034781   --undefined--
7.044781   --undefined--
7.054781   --undefined--
7.064781   --undefined--
7.074781   --undefined--
7.084781   --undefined--
7.094781   --undefined--
7.104781   --undefined--
7.114781   --undefined--
7.124781   --undefined--
7.134781   --undefined--
7.144781   --undefined--
7.154781   --undefined--
7.164781   --undefined--
7.174781   --undefined--
7.184781   --undefined--
7.194781   --undefined--
7.204781   --undefined--
7.214781   --undefined--
7.224781   --undefined--
7.234781   --undefined--
7.244781   --undefined--
7.254781   --undefined--
7.264781   --undefined--
7.274781   --undefined--
7.284781   --undefined--
7.294781   --undefined--
7.304781   --undefined--
7.314781   --undefined--
7.324781   --undefined--
7.334781   --undefined--
7.344781   --undefined--
7.354781   --undefined--
7.364781   --undefined--
7.374781   --undefined--
7.384781   --undefined--
7.394781   --undefined--
7.404781   --undefined--
7.414781   --undefined--
7.424781   --undefined--
7.434781   --undefined--
7.444781   --undefined--
7.454781   --undefined--
7.464781   --undefined--
7.474781   --undefined--
7.484781   --undefined--
7.494781   --undefined--
7.504781   --undefined--
7.514781   --undefined--
7.524781   --undefined--
7.534781   --undefined--
7.544781   --undefined--
7.554781   --undefined--
7.564781   --undefined--
7.574781   --undefined--
7.584781   --undefined--
7.594781   --undefined--
7.604781   --undefined--
7.614781   --undefined--
7.624781   --undefined--
7.634781   --undefined--
7.644781   --undefined--
7.654781   --undefined--
7.664781   --undefined--
7.674781   --undefined--
7.684781   --undefined--
7.694781   --undefined--
7.704781   --undefined--
7.714781   --undefined--
7.724781   --undefined--
7.734781   --undefined--
7.744781   --undefined--
7.754781   --undefined--
7.764781   --undefined--
7.774781   --undefined--
7.784781   --undefined--
7.794781   --undefined--
7.804781   --undefined--
7.814781   --undefined--
7.824781   --undefined--
7.834781   --undefined--
7.844781   --undefined--
7.854781   --undefined--
7.864781   --undefined--
7.874781   --undefined--
7.884781   --undefined--
7.894781   --undefined--
7.904781   --undefined--
7.914781   --undefined--
7.924781   --undefined--
