Time_s   Intensity_dB
0.044115   38.166645
0.054781   43.491624
0.065448   47.338105
0.076115   50.452648
0.086781   53.565200
0.097448   56.306540
0.108115   61.486309
0.118781   70.557977
0.129448   77.371089
0.140115   81.305918
0.150781   83.394828
0.161448   84.298030
0.172115   84.190010
0.182781   83.913543
0.193448   83.861880
0.204115   83.545996
0.214781   83.219579
0.225448   83.190238
0.236115   82.736689
0.246781   82.465402
0.257448   83.200377
0.268115   84.566005
0.278781   84.541413
0.289448   82.287419
0.300115   81.471218
0.310781   82.192997
0.321448   81.137592
0.332115   78.311055
0.342781   77.022894
0.353448   78.443811
0.364115   80.556403
0.374781   82.872815
0.385448   83.890955
0.396115   84.599299
0.406781   85.910336
0.417448   86.684605
0.428115   85.989664
0.438781   84.218358
0.449448   82.804953
0.460115   82.133820
0.470781   81.351455
0.481448   80.874475
0.492115   81.075103
0.502781   81.324895
0.513448   81.387504
0.524115   81.617059
0.534781   82.133116
0.545448   82.404140
0.556115   81.658352
0.566781   80.244674
0.577448   80.070284
0.588115   80.881154
0.598781   81.125396
0.609448   80.799420
0.620115   81.374204
0.630781   82.088045
0.641448   82.246202
0.652115   82.463558
0.662781   83.260916
0.673448   83.675871
0.684115   83.064339
0.694781   81.305647
0.705448   78.242000
0.716115   74.387003
0.726781   72.000627
0.737448   71.640188
0.748115   70.750487
0.758781   69.383796
0.769448   69.275990
0.780115   69.840667
0.790781   70.381495
0.801448   73.006419
0.812115   76.957188
0.822781   80.057423
0.833448   82.015069
0.844115   82.386218
0.854781   81.120720
0.865448   79.517142
0.876115   79.359021
0.886781   79.604325
0.897448   78.512606
0.908115   77.297112
0.918781   78.146156
0.929448   77.982007
0.940115   76.773187
0.950781   77.172225
0.961448   78.221711
0.972115   78.897824
0.982781   78.732930
0.993448   77.776512
1.004115   77.934405
1.014781   79.649179
1.025448   80.884432
1.036115   80.680519
1.046781   78.696827
1.057448   75.462105
1.068115   74.375038
1.078781   76.480092
1.089448   79.051765
1.100115   81.045975
1.110781   81.986502
1.121448   82.675689
1.132115   83.726938
1.142781   84.353510
1.153448   84.531256
1.164115   84.590718
1.174781   84.370033
1.185448   83.723126
1.196115   82.845351
1.206781   82.295945
1.217448   82.154032
1.228115   81.868669
1.238781   80.900348
1.249448   79.582403
1.260115   78.810878
1.270781   78.776159
1.281448   79.192789
1.292115   79.561070
1.302781   79.330504
1.313448   78.806703
1.324115   78.711214
1.334781   78.567452
1.345448   77.958044
1.356115   78.383695
1.366781   79.086740
1.377448   78.821013
1.388115   78.492294
1.398781   79.515173
1.409448   80.917729
1.420115   82.126808
1.430781   83.130054
1.441448   82.584819
1.452115   81.490305
1.462781   81.464363
1.473448   81.202481
1.484115   80.134423
1.494781   77.836431
1.505448   75.722513
1.516115   74.920328
1.526781   74.189978
1.537448   72.618152
1.548115   71.057494
1.558781   70.865757
1.569448   70.854611
1.580115   70.515897
1.590781   70.242073
1.601448   71.351835
1.612115   72.473727
1.622781   72.312576
1.633448   71.970489
1.644115   71.447391
1.654781   70.356617
1.665448   69.752743
1.676115   69.741679
1.686781   70.064250
1.697448   70.233296
1.708115   69.920665
1.718781   69.448281
1.729448   70.467477
1.740115   74.029664
1.750781   78.508808
1.761448   81.690062
1.772115   83.510105
1.782781   84.499886
1.793448   84.429691
1.804115   83.863344
1.814781   83.120098
1.825448   81.264269
1.836115   79.780841
1.846781   78.980903
1.857448   77.108327
1.868115   74.578456
1.878781   72.228484
1.889448   71.358705
1.900115   72.953720
1.910781   76.558597
1.921448   79.392425
1.932115   80.787486
1.942781   81.103680
1.953448   81.872809
1.964115   82.971121
1.974781   82.760981
1.985448   80.753997
1.996115   77.596957
2.006781   76.225441
2.017448   76.478685
2.028115   77.076867
2.038781   77.272970
2.049448   75.776172
2.060115   73.646790
2.070781   73.105637
2.081448   73.473086
2.092115   73.968883
2.102781   73.815709
2.113448   72.920575
2.124115   74.448734
2.134781   76.976887
2.145448   78.005353
2.156115   77.513980
2.166781   76.731993
2.177448   76.826617
2.188115   75.903898
2.198781   74.035795
2.209448   72.970141
2.220115   72.470366
2.230781   71.949170
2.241448   71.441273
2.252115   70.708431
2.262781   69.188141
2.273448   69.523285
2.284115   71.891575
2.294781   72.521524
2.305448   70.519585
2.316115   68.427051
2.326781   69.335901
2.337448   69.451146
2.348115   68.197162
2.358781   68.094324
2.369448   72.154243
2.380115   77.098994
2.390781   80.478719
2.401448   82.303549
2.412115   82.807941
2.422781   82.589329
2.433448   81.954476
2.444115   80.856072
2.454781   79.536287
2.465448   78.644682
2.476115   77.984330
2.486781   76.457867
2.497448   75.155527
2.508115   73.949337
2.518781   71.836631
2.529448   71.153261
2.540115   72.547787
2.550781   72.233337
2.561448   70.001202
2.572115   67.842346
2.582781   66.359311
2.593448   65.293241
2.604115   64.535043
2.614781   63.923072
2.625448   63.485452
2.636115   65.316906
2.646781   67.826240
2.657448   68.761278
2.668115   68.453600
2.678781   69.836704
2.689448   72.198583
2.700115   72.405071
2.710781   71.443538
2.721448   70.550863
2.732115   69.221477
2.742781   68.452473
2.753448   67.600015
2.764115   66.483006
2.774781   65.604584
2.785448   65.589598
2.796115   66.308276
2.806781   68.785703
2.817448   72.885791
2.828115   76.444128
2.838781   79.339993
2.849448   81.430984
2.860115   82.315788
2.870781   81.822676
2.881448   80.973681
2.892115   81.064244
2.902781   81.051682
2.913448   79.881008
2.924115   77.561202
2.934781   74.529823
2.945448   73.267574
2.956115   74.492130
2.966781   75.617287
2.977448   75.883893
2.988115   75.334238
2.998781   74.256726
3.009448   74.378622
3.020115   75.475354
3.030781   75.179007
3.041448   73.537864
3.052115   73.210313
3.062781   74.557299
3.073448   74.303245
3.084115   72.609751
3.094781   72.520152
3.105448   74.458867
3.116115   75.186036
3.126781   74.352884
3.137448   72.795272
3.148115   71.803507
3.158781   71.439471
3.169448   72.019322
3.180115   72.884454
3.190781   72.804137
3.201448   70.999444
3.212115   67.851240
3.222781   66.146559
3.233448   65.672657
3.244115   64.606576
3.254781   63.662347
3.265448   62.713004
3.276115   61.092358
3.286781   59.190300
3.297448   57.950520
3.308115   57.827335
3.318781   59.896242
3.329448   67.399815
3.340115   72.969106
3.350781   76.224035
3.361448   78.733396
3.372115   80.530327
3.382781   81.625213
3.393448   82.308476
3.404115   82.019961
3.414781   81.014812
3.425448   80.613597
3.436115   81.115954
3.446781   82.139528
3.457448   82.768135
3.468115   82.590423
3.478781   82.548265
3.489448   83.763667
3.500115   84.762838
3.510781   84.614994
3.521448   84.000254
3.532115   83.844043
3.542781   83.630771
3.553448   82.669198
3.564115   80.573940
3.574781   78.193314
3.585448   77.140788
3.596115   77.209412
3.606781   77.872475
3.617448   77.336839
3.628115   77.919992
3.638781   79.322686
3.649448   79.052737
3.660115   78.427926
3.670781   77.851305
3.681448   76.786651
3.692115   76.218897
3.702781   75.834959
3.713448   74.803722
3.724115   72.958854
3.734781   71.229695
3.745448   70.417151
3.756115   69.058359
3.766781   67.249439
3.777448   67.298230
3.788115   67.363544
3.798781   65.993293
3.809448   64.777251
3.820115   64.515193
3.830781   64.579876
3.841448   64.607746
3.852115   67.101354
3.862781   70.439159
3.873448   72.410748
3.884115   73.344868
3.894781   73.649981
3.905448   73.901669
3.916115   75.350818
3.926781   77.571607
3.937448   79.213413
3.948115   80.287404
3.958781   81.096474
3.969448   82.019583
3.980115   82.815336
3.990781   82.919239
4.001448   82.389965
4.012115   81.660862
4.022781   81.167775
4.033448   80.699529
4.044115   79.732602
4.054781   78.400452
4.065448   77.297715
4.076115   75.812931
4.086781   74.179869
4.097448   73.769748
4.108115   73.823549
4.118781   73.281632
4.129448   72.050116
4.140115   70.091122
4.150781   68.114237
4.161448   67.761532
4.172115   67.643888
4.182781   66.484668
4.193448   65.105727
4.204115   65.115433
4.214781   64.888438
4.225448   64.220155
4.236115   65.385906
4.246781   66.671532
4.257448   67.582824
4.268115   68.228832
4.278781   67.795946
4.289448   67.415241
4.300115   66.949519
4.310781   65.553178
4.321448   63.688695
4.332115   61.977402
4.342781   60.637245
4.353448   59.081275
4.364115   58.483974
4.374781   61.532638
4.385448   64.148422
4.396115   63.985988
4.406781   61.537611
4.417448   59.177492
4.428115   59.161062
4.438781   59.866706
4.449448   63.016172
4.460115   67.448783
4.470781   70.462134
4.481448   72.219015
4.492115   73.161156
4.502781   73.568831
4.513448   73.346185
4.524115   71.468830
4.534781   68.131717
4.545448   67.323144
4.556115   68.906675
4.566781   69.624963
4.577448   69.113031
4.588115   68.929166
4.598781   70.405375
4.609448   71.820263
4.620115   72.252876
4.630781   72.219234
4.641448   72.235170
4.652115   72.521578
4.662781   72.126377
4.673448   70.732057
4.684115   69.194548
4.694781   67.539067
4.705448   66.524625
4.716115   68.486456
4.726781   72.240745
4.737448   74.443436
4.748115   74.848351
4.758781   74.991150
4.769448   75.580309
4.780115   76.389658
4.790781   76.951804
4.801448   77.638631
4.812115   79.477994
4.822781   81.044201
4.833448   81.881746
4.844115   82.379801
4.854781   82.539891
4.865448   82.190069
4.876115   82.263860
4.886781   82.808608
4.897448   82.947931
4.908115   82.580402
4.918781   81.707383
4.929448   80.500361
4.940115   79.699074
4.950781   78.898657
4.961448   78.582876
4.972115   79.100497
4.982781   78.845046
4.993448   77.218767
5.004115   75.227365
5.014781   74.148176
5.025448   72.514383
5.036115   70.576861
5.046781   69.030967
5.057448   68.391491
5.068115   68.080379
5.078781   66.829892
5.089448   65.963258
5.100115   66.622614
5.110781   68.646618
5.121448   70.576443
5.132115   72.190364
5.142781   75.127006
5.153448   77.571961
5.164115   78.532944
5.174781   78.974913
5.185448   79.154364
5.196115   79.141901
5.206781   79.472574
5.217448   79.449469
5.228115   78.212268
5.238781   74.896056
5.249448   69.957976
5.260115   66.822706
5.270781   67.716719
5.281448   72.137797
5.292115   76.002536
5.302781   78.291227
5.313448   79.223852
5.324115   78.660221
5.334781   77.099665
5.345448   75.940587
5.356115   75.280944
5.366781   73.928122
5.377448   71.496935
5.388115   68.695867
5.398781   66.979110
5.409448   68.207923
5.420115   70.390250
5.430781   71.181959
5.441448   70.678751
5.452115   70.179971
5.462781   69.717184
5.473448   68.741971
5.484115   68.646160
5.494781   70.519427
5.505448   70.973589
5.516115   68.434298
5.526781   65.102362
5.537448   64.702184
5.548115   65.435936
5.558781   65.990868
5.569448   66.879822
5.580115   67.315879
5.590781   65.984115
5.601448   63.194558
5.612115   65.677675
5.622781   72.039986
5.633448   76.544424
5.644115   79.030848
5.654781   79.675374
5.665448   79.077002
5.676115   78.324909
5.686781   77.230800
5.697448   75.966579
5.708115   74.523233
5.718781   72.877987
5.729448   72.030472
5.740115   71.510810
5.750781   72.034527
5.761448   73.138073
5.772115   73.527605
5.782781   73.421739
5.793448   73.707269
5.804115   74.256171
5.814781   74.116598
5.825448   72.979726
5.836115   70.882836
5.846781   68.299951
5.857448   66.742950
5.868115   65.478584
5.878781   64.097811
5.889448   64.240681
5.900115   65.845494
5.910781   67.429394
5.921448   67.067302
5.932115   64.418921
5.942781   61.115687
5.953448   60.008701
5.964115   59.753123
5.974781   59.125793
5.985448   58.273549
5.996115   56.861253
6.006781   55.152732
6.017448   54.667191
6.028115   55.167881
6.038781   54.506804
6.049448   53.864824
6.060115   54.565741
6.070781   55.131435
6.081448   54.853238
6.092115   54.922336
6.102781   54.935374
6.113448   55.852445
6.124115   61.130148
6.134781   66.505834
6.145448   70.012623
6.156115   71.786995
6.166781   73.527319
6.177448   75.741045
6.188115   76.845427
6.198781   76.831890
6.209448   76.424160
6.220115   75.341124
6.230781   72.793579
6.241448   69.730847
6.252115   69.485926
6.262781   71.916785
6.273448   73.479421
6.284115   74.206346
6.294781   75.005937
6.305448   75.341308
6.316115   74.511588
6.326781   73.644324
6.337448   73.339173
6.348115   72.255632
6.358781   70.906613
6.369448   69.918947
6.380115   69.344129
6.390781   68.782211
6.401448   68.592709
6.412115   68.070313
6.422781   66.795519
6.433448   65.788640
6.444115   64.635576
6.454781   62.582212
6.465448   60.994647
6.476115   60.754370
6.486781   60.823649
6.497448   60.367045
6.508115   60.014399
6.518781   60.126120
6.529448   62.029314
6.540115   65.364848
6.550781   66.990518
6.561448   66.084112
6.572115   63.809398
6.582781   61.282910
6.593448   59.442674
6.604115   58.315186
6.614781   57.668958
6.625448   58.568672
6.636115   59.627426
6.646781   59.608862
6.657448   58.930584
6.668115   58.933130
6.678781   59.673607
6.689448   60.094192
6.700115   60.804548
6.710781   63.429320
6.721448   64.822227
6.732115   63.499485
6.742781   61.023185
6.753448   59.602418
6.764115   58.938941
6.774781   58.655750
6.785448   58.034761
6.796115   56.878704
6.806781   56.611060
6.817448   58.053897
6.828115   62.361169
6.838781   66.725309
6.849448   69.662069
6.860115   71.677494
6.870781   72.161300
6.881448   70.810905
6.892115   69.839613
6.902781   70.055258
6.913448   70.342534
6.924115   70.162440
6.934781   69.756133
6.945448   69.554221
6.956115   68.465031
6.966781   66.351403
6.977448   64.583057
6.988115   63.704272
6.998781   62.236549
7.009448   60.740188
7.020115   60.295162
7.030781   59.639050
7.041448   58.584124
7.052115   58.259473
7.062781   57.981638
7.073448   57.527490
7.084115   56.465398
7.094781   55.981799
7.105448   56.634266
7.116115   57.296555
7.126781   57.453980
7.137448   56.978751
7.148115   55.318980
7.158781   52.868818
7.169448   50.302156
7.180115   48.614204
7.190781   49.503369
7.201448   48.694020
7.212115   46.260197
7.222781   45.354496
7.233448   47.040043
7.244115   48.641813
7.254781   49.196818
7.265448   49.307435
7.276115   49.152978
7.286781   49.398820
7.297448   50.280905
7.308115   49.385483
7.318781   46.975011
7.329448   46.745925
7.340115   47.366505
7.350781   46.955002
7.361448   46.530051
7.372115   45.686337
7.382781   46.818208
7.393448   47.629122
7.404115   46.376595
7.414781   43.677583
7.425448   40.494540
7.436115   38.864338
7.446781   38.476449
7.457448   38.724924
7.468115   40.258164
7.478781   40.905064
7.489448   40.481264
7.500115   39.266984
7.510781   38.306338
7.521448   39.042863
7.532115   39.374208
7.542781   38.311890
7.553448   36.671482
7.564115   34.405323
7.574781   34.290062
7.585448   36.665631
7.596115   36.820694
7.606781   34.536240
7.617448   31.813911
7.628115   31.062666
7.638781   30.593022
7.649448   29.980629
7.660115   28.819632
7.670781   26.589762
7.681448   23.688964
7.692115   20.148553
7.702781   18.721888
7.713448   20.742858
7.724115   22.442950
7.734781   21.690055
7.745448   19.334639
7.756115   16.200662
7.766781   14.395033
7.777448   14.618662
7.788115   14.819089
7.798781   14.439011
7.809448   13.712761
7.820115   12.552274
7.830781   12.071842
7.841448   12.291654
7.852115   12.079208
7.862781   11.369289
7.873448   10.346796
7.884115   9.574829
7.894781   9.944197
7.905448   10.559857
