Time_s   F0_Hz
0.022437   --undefined--
0.032437   --undefined--
0.042437   --undefined--
0.052437   259.055639
0.062437   250.657290
0.072438   252.256351
0.082437   254.683697
0.092438   254.306137
0.102438   255.079452
0.112438   255.677864
0.122438   256.419296
0.132437   256.327586
0.142437   254.302247
0.152438   250.256941
0.162438   245.709113
0.172437   243.646333
0.182438   243.266717
0.192438   242.680352
0.202437   242.627388
0.212438   243.314426
0.222438   244.311252
0.232437   244.782817
0.242438   244.728211
0.252437   244.648009
0.262437   244.867021
0.272438   245.078969
0.282438   244.631626
0.292438   244.054664
0.302438   244.274733
0.312437   244.910937
0.322437   245.280374
0.332438   244.618820
0.342438   243.279466
0.352438   238.224014
0.362438   --undefined--
0.372438   --undefined--
0.382437   --undefined--
0.392437   --undefined--
0.402438   --undefined--
0.412438   --undefined--
0.422438   --undefined--
0.432438   --undefined--
0.442437   --undefined--
0.452437   --undefined--
0.462438   --undefined--
0.472438   313.174893
0.482438   300.508700
0.492438   298.745072
0.502437   298.570295
0.512437   298.470865
0.522438   300.416941
0.532438   303.250603
0.542438   306.082225
0.552438   311.071754
0.562438   319.404174
0.572438   329.072616
0.582438   335.856349
0.592438   341.768472
0.602437   343.984693
0.612437   338.581155
0.622437   333.609396
0.632437   --undefined--
0.642437   --undefined--
0.652438   --undefined--
0.662438   --undefined--
0.672438   --undefined--
0.682438   --undefined--
0.692438   --undefined--
0.702438   --undefined--
0.712438   --undefined--
0.722438   --undefined--
0.732437   --undefined--
0.742437   --undefined--
0.752437   --undefined--
0.762437   239.084396
0.772438   228.535565
0.782438   220.486131
0.792438   216.276169
0.802438   213.277069
0.812438   212.177571
0.822438   210.362106
0.832438   208.513127
0.842438   206.662620
0.852438   204.195029
0.862437   200.151974
0.872437   195.007086
0.882437   193.357317
0.892437   195.568070
0.902438   200.704795
0.912438   208.043613
0.922438   212.539437
0.932438   215.184745
0.942438   217.587133
0.952438   218.929789
0.962438   214.238351
0.972438   210.907445
0.982437   --undefined--
0.992437   --undefined--
1.002437   --undefined--
1.012437   --undefined--
1.022437   --undefined--
1.032437   --undefined--
1.042437   --undefined--
1.052437   --undefined--
1.062437   --undefined--
1.072437   --undefined--
1.082437   --undefined--
1.092438   --undefined--
1.102438   --undefined--
1.112438   --undefined--
1.122438   --undefined--
1.132438   --undefined--
1.142438   --undefined--
1.152438   --undefined--
1.162438   --undefined--
1.172438   --undefined--
1.182437   216.303829
1.192437   211.441732
1.202437   205.393384
1.212437   204.433437
1.222437   204.590158
1.232437   202.561968
1.242437   200.643302
1.252437   199.408820
1.262437   199.418240
1.272437   199.630833
1.282437   199.996978
1.292437   198.758592
1.302437   --undefined--
1.312437   --undefined--
1.322437   --undefined--
1.332437   --undefined--
1.342438   --undefined--
1.352438   --undefined--
1.362438   --undefined--
1.372438   218.857768
1.382438   212.289955
1.392438   205.449694
1.402438   200.532598
1.412438   197.785997
1.422438   195.529010
1.432437   194.500592
1.442437   192.930233
1.452437   185.752161
1.462437   184.807858
1.472437   --undefined--
1.482437   --undefined--
1.492437   --undefined--
1.502437   --undefined--
1.512437   --undefined--
1.522437   --undefined--
1.532437   --undefined--
1.542437   --undefined--
1.552437   --undefined--
1.562437   --undefined--
1.572437   --undefined--
1.582437   --undefined--
1.592438   --undefined--
1.602438   --undefined--
1.612438   --undefined--
1.622438   --undefined--
1.632438   --undefined--
1.642438   203.478758
1.652438   196.274989
1.662438   190.843473
1.672438   187.747323
1.682438   186.726509
1.692437   186.075283
1.702437   184.089626
1.712437   183.171770
1.722437   182.040020
1.732437   180.983235
1.742437   179.575646
1.752437   178.886578
1.762437   178.367214
1.772437   178.495718
1.782437   178.361690
1.792437   178.286332
1.802437   177.895337
1.812437   177.488719
1.822437   176.406069
1.832437   177.565605
1.842438   180.638200
1.852438   179.729202
1.862438   178.565234
1.872438   177.926809
1.882438   181.916103
1.892438   --undefined--
1.902438   --undefined--
1.912438   --undefined--
1.922438   --undefined--
1.932438   --undefined--
1.942437   --undefined--
1.952437   --undefined--
1.962437   --undefined--
1.972437   --undefined--
1.982437   --undefined--
1.992437   --undefined--
2.002438   --undefined--
2.012437   --undefined--
2.022438   --undefined--
2.032438   --undefined--
2.042438   --undefined--
2.052438   --undefined--
2.062438   --undefined--
2.072437   --undefined--
2.082438   --undefined--
2.092438   --undefined--
2.102438   --undefined--
2.112438   --undefined--
2.122438   245.256667
2.132438   228.321000
2.142438   229.416667
2.152438   232.107174
2.162438   234.735350
2.172438   237.109518
2.182438   239.685338
2.192438   242.185656
2.202438   243.804533
2.212438   245.325024
2.222438   245.468313
2.232438   243.411593
2.242438   239.366425
2.252438   234.307529
2.262438   228.495027
2.272438   221.606398
2.282438   214.824177
2.292438   206.573747
2.302438   199.502054
2.312438   194.131732
2.322438   190.141512
2.332438   187.686093
2.342438   185.555869
2.352438   183.496776
2.362438   182.347045
2.372438   181.131391
2.382438   179.836213
2.392438   179.097091
2.402438   180.639172
2.412438   180.654485
2.422438   181.101376
2.432438   180.398068
2.442438   179.506573
2.452438   178.546095
2.462438   176.827350
2.472438   173.586818
2.482438   168.795999
2.492438   --undefined--
2.502438   --undefined--
2.512438   --undefined--
2.522438   --undefined--
2.532438   --undefined--
2.542438   --undefined--
2.552438   --undefined--
2.562438   --undefined--
2.572438   --undefined--
2.582438   --undefined--
2.592438   --undefined--
2.602438   --undefined--
2.612438   --undefined--
2.622438   --undefined--
2.632438   --undefined--
2.642438   --undefined--
2.652438   --undefined--
2.662438   --undefined--
2.672438   --undefined--
2.682438   --undefined--
2.692438   --undefined--
2.702438   --undefined--
2.712438   --undefined--
2.722438   --undefined--
2.732438   199.719700
2.742438   192.671773
2.752438   187.057364
2.762438   183.657843
2.772438   182.748023
2.782438   182.320158
2.792438   182.216286
2.802438   182.736440
2.812438   183.339188
2.822438   182.824359
2.832438   175.802466
2.842438   167.368706
2.852438   --undefined--
2.862438   --undefined--
2.872438   --undefined--
2.882438   --undefined--
2.892438   198.189191
2.902438   201.871398
2.912438   199.945775
2.922438   194.735497
2.932438   --undefined--
2.942438   --undefined--
2.952438   --undefined--
2.962438   --undefined--
2.972438   --undefined--
2.982438   --undefined--
2.992438   --undefined--
3.002438   --undefined--
3.012438   --undefined--
3.022438   --undefined--
3.032438   --undefined--
3.042438   --undefined--
3.052438   --undefined--
3.062438   --undefined--
3.072438   --undefined--
3.082438   --undefined--
3.092438   227.564427
3.102438   224.049070
3.112438   220.170830
3.122438   217.953774
3.132438   217.737865
3.142438   217.005876
3.152438   216.366192
3.162438   218.111203
3.172438   --undefined--
3.182438   --undefined--
3.192438   --undefined--
3.202438   --undefined--
3.212438   --undefined--
3.222438   --undefined--
3.232438   --undefined--
3.242438   207.719141
3.252438   201.339378
3.262438   197.625049
3.272438   192.761399
3.282438   189.010482
3.292438   182.591900
3.302438   --undefined--
3.312438   --undefined--
3.322438   --undefined--
3.332438   --undefined--
3.342438   --undefined--
3.352438   --undefined--
3.362438   --undefined--
3.372438   --undefined--
3.382438   --undefined--
3.392438   --undefined--
3.402438   --undefined--
3.412438   --undefined--
3.422438   --undefined--
3.432438   --undefined--
3.442438   --undefined--
3.452438   --undefined--
3.462438   --undefined--
3.472438   --undefined--
3.482438   --undefined--
3.492438   --undefined--
3.502438   --undefined--
3.512438   --undefined--
3.522438   --undefined--
3.532438   --undefined--
3.542438   --undefined--
3.552438   --undefined--
3.562438   --undefined--
3.572438   --undefined--
3.582438   --undefined--
3.592438   --undefined--
3.602438   --undefined--
3.612438   --undefined--
3.622438   --undefined--
3.632438   --undefined--
3.642438   --undefined--
3.652438   --undefined--
3.662438   --undefined--
3.672438   --undefined--
