Time_s   F0_Hz
0.023531   --undefined--
0.033531   --undefined--
0.043531   --undefined--
0.053531   --undefined--
0.063531   --undefined--
0.073531   251.832782
0.083531   252.762870
0.093531   256.015754
0.103531   258.699900
0.113531   261.242915
0.123531   263.015685
0.133531   263.805129
0.143531   263.754515
0.153531   263.636912
0.163531   263.730891
0.173531   264.735493
0.183531   266.981189
0.193531   270.099008
0.203531   269.359947
0.213531   252.795971
0.223531   252.467094
0.233531   --undefined--
0.243531   --undefined--
0.253531   --undefined--
0.263531   --undefined--
0.273531   --undefined--
0.283531   --undefined--
0.293531   --undefined--
0.303531   --undefined--
0.313531   --undefined--
0.323531   --undefined--
0.333531   279.347455
0.343531   275.699081
0.353531   271.963745
0.363531   267.331794
0.373531   261.856731
0.383531   258.269338
0.393531   246.683865
0.403531   233.772820
0.413531   218.660498
0.423531   216.787480
0.433531   217.948149
0.443531   244.366988
0.453531   252.634659
0.463531   252.997185
0.473531   253.524057
0.483531   255.555905
0.493531   259.639979
0.503531   263.366825
0.513531   265.262997
0.523531   264.534343
0.533531   262.324093
0.543531   260.054105
0.553531   --undefined--
0.563531   --undefined--
0.573531   --undefined--
0.583531   --undefined--
0.593531   --undefined--
0.603531   --undefined--
0.613531   --undefined--
0.623531   --undefined--
0.633531   223.030825
0.643531   229.826024
0.653531   229.683417
0.663531   224.198628
0.673531   221.762393
0.683531   215.727432
0.693531   211.376570
0.703531   207.101368
0.713531   201.724988
0.723531   193.098209
0.733531   --undefined--
0.743531   --undefined--
0.753531   --undefined--
0.763531   --undefined--
0.773531   229.304457
0.783531   229.325867
0.793531   232.114292
0.803531   232.440764
0.813531   234.095117
0.823531   235.612407
0.833531   236.091253
0.843531   236.813889
0.853531   239.094738
0.863531   241.099464
0.873531   243.343399
0.883531   247.471327
0.893531   273.756496
0.903531   276.075623
0.913531   275.061064
0.923531   272.559705
0.933531   254.082889
0.943531   262.509349
0.953531   261.205043
0.963531   256.892989
0.973531   252.501909
0.983531   244.611867
0.993531   244.841254
1.003531   --undefined--
1.013531   --undefined--
1.023531   --undefined--
1.033531   243.246982
1.043531   245.273887
1.053531   244.261337
1.063531   240.909245
1.073531   238.077276
1.083531   236.469389
1.093531   235.338174
1.103531   231.434749
1.113531   226.499037
1.123531   224.886842
1.133531   223.491868
1.143531   222.946133
1.153531   222.220395
1.163531   220.995383
1.173531   220.286752
1.183531   221.459683
1.193531   220.994096
1.203531   218.292492
1.213531   211.241480
1.223531   203.841746
1.233531   196.038331
1.243531   191.422307
1.253531   201.123630
1.263531   208.762525
1.273531   211.158349
1.283531   204.806933
1.293531   196.105648
1.303531   189.674417
1.313531   185.002474
1.323531   184.532837
1.333531   185.951223
1.343531   186.573922
1.353531   186.455585
1.363531   187.235360
1.373531   186.250057
1.383531   --undefined--
1.393531   --undefined--
1.403531   --undefined--
1.413531   --undefined--
1.423531   --undefined--
1.433531   --undefined--
1.443531   --undefined--
1.453531   --undefined--
1.463531   --undefined--
1.473531   --undefined--
1.483531   --undefined--
1.493531   --undefined--
1.503531   --undefined--
1.513531   --undefined--
1.523531   --undefined--
1.533531   --undefined--
1.543531   --undefined--
1.553531   --undefined--
1.563531   --undefined--
1.573531   --undefined--
1.583531   --undefined--
1.593531   --undefined--
1.603531   --undefined--
1.613531   --undefined--
1.623531   --undefined--
1.633531   --undefined--
1.643531   --undefined--
1.653531   --undefined--
1.663531   --undefined--
1.673531   194.564637
1.683531   185.042475
1.693531   176.186189
1.703531   172.684474
1.713531   172.624292
1.723531   172.483588
1.733531   172.513307
1.743531   172.577224
1.753531   171.770408
1.763531   169.233084
1.773531   168.880185
1.783531   --undefined--
1.793531   --undefined--
1.803531   --undefined--
1.813531   482.092994
1.823531   484.030006
1.833531   489.345103
1.843531   488.333681
1.853531   --undefined--
1.863531   --undefined--
1.873531   --undefined--
1.883531   --undefined--
1.893531   --undefined--
1.903531   --undefined--
1.913531   --undefined--
1.923531   --undefined--
1.933531   --undefined--
1.943531   --undefined--
1.953531   --undefined--
1.963531   --undefined--
1.973531   --undefined--
1.983531   --undefined--
1.993531   --undefined--
2.003531   --undefined--
2.013531   --undefined--
2.023531   --undefined--
2.033531   --undefined--
2.043531   --undefined--
2.053531   --undefined--
2.063531   --undefined--
2.073531   --undefined--
2.083531   --undefined--
2.093531   --undefined--
2.103531   215.325300
2.113531   214.385342
2.123531   216.009625
2.133531   214.206461
2.143531   209.324879
2.153531   205.648181
2.163531   201.094141
2.173531   196.921428
2.183531   193.268977
2.193531   189.622782
2.203531   188.096519
2.213531   188.057481
2.223531   187.571402
2.233531   187.426740
2.243531   188.205971
2.253531   189.090523
2.263531   189.153065
2.273531   188.999698
2.283531   187.876038
2.293531   188.599304
2.303531   190.142872
2.313531   188.712702
2.323531   188.981102
2.333531   191.295413
2.343531   193.207271
2.353531   194.321418
2.363531   195.308807
2.373531   196.870847
2.383531   198.104518
2.393531   198.870022
2.403531   199.168344
2.413531   194.042266
2.423531   192.906865
2.433531   193.415328
2.443531   194.091350
2.453531   195.186557
2.463531   196.145905
2.473531   197.297159
2.483531   198.443379
2.493531   200.318099
2.503531   202.586029
2.513531   206.055571
2.523531   210.534107
2.533531   214.456127
2.543531   218.975599
2.553531   224.859687
2.563531   228.842243
2.573531   231.433062
2.583531   235.125818
2.593531   237.717965
2.603531   237.008374
2.613531   233.043903
2.623531   221.211744
2.633531   --undefined--
2.643531   --undefined--
2.653531   --undefined--
2.663531   --undefined--
2.673531   --undefined--
2.683531   --undefined--
2.693531   --undefined--
2.703531   --undefined--
2.713531   --undefined--
2.723531   202.181437
2.733531   196.025335
2.743531   191.684351
2.753531   188.317979
2.763531   186.664411
2.773531   186.188120
2.783531   185.840695
2.793531   185.748719
2.803531   186.016648
2.813531   186.133586
2.823531   189.986985
2.833531   195.253305
2.843531   197.381527
2.853531   196.783871
2.863531   190.297632
2.873531   --undefined--
2.883531   --undefined--
2.893531   --undefined--
2.903531   --undefined--
2.913531   --undefined--
2.923531   --undefined--
2.933531   --undefined--
2.943531   --undefined--
2.953531   --undefined--
2.963531   --undefined--
2.973531   --undefined--
2.983531   --undefined--
2.993531   --undefined--
3.003531   --undefined--
3.013531   --undefined--
3.023531   --undefined--
3.033531   --undefined--
3.043531   --undefined--
3.053531   --undefined--
3.063531   --undefined--
3.073531   --undefined--
3.083531   --undefined--
3.093531   --undefined--
3.103531   --undefined--
3.113531   --undefined--
3.123531   260.790635
3.133531   257.075712
3.143531   251.522909
3.153531   245.900974
3.163531   240.775466
3.173531   233.742719
3.183531   225.396592
3.193531   216.478801
3.203531   207.428829
3.213531   202.277132
3.223531   199.708462
3.233531   197.299771
3.243531   192.425072
3.253531   189.729512
3.263531   --undefined--
3.273531   --undefined--
3.283531   --undefined--
3.293531   --undefined--
3.303531   --undefined--
3.313531   --undefined--
3.323531   --undefined--
3.333531   --undefined--
3.343531   --undefined--
3.353531   --undefined--
3.363531   --undefined--
3.373531   --undefined--
3.383531   --undefined--
3.393531   --undefined--
3.403531   --undefined--
3.413531   --undefined--
3.423531   --undefined--
3.433531   --undefined--
3.443531   --undefined--
3.453531   --undefined--
3.463531   --undefined--
3.473531   --undefined--
3.483531   --undefined--
3.493531   --undefined--
3.503531   --undefined--
3.513531   --undefined--
3.523531   --undefined--
3.533531   --undefined--
3.543531   241.554025
3.553531   231.334634
3.563531   225.042527
3.573531   217.063775
3.583531   214.127257
3.593531   211.260054
3.603531   210.708932
3.613531   209.430173
3.623531   211.348425
3.633531   216.352195
3.643531   218.610227
3.653531   222.851603
3.663531   226.721645
3.673531   229.914103
3.683531   231.541142
3.693531   230.405193
3.703531   225.870021
3.713531   248.786497
3.723531   261.391562
3.733531   266.738302
3.743531   270.210337
3.753531   273.486070
3.763531   275.744277
3.773531   275.223149
3.783531   271.182284
3.793531   262.527837
3.803531   250.380812
3.813531   --undefined--
3.823531   --undefined--
3.833531   --undefined--
3.843531   --undefined--
3.853531   --undefined--
3.863531   --undefined--
3.873531   --undefined--
3.883531   --undefined--
3.893531   --undefined--
3.903531   --undefined--
3.913531   --undefined--
3.923531   --undefined--
3.933531   --undefined--
3.943531   --undefined--
3.953531   --undefined--
3.963531   --undefined--
3.973531   --undefined--
3.983531   --undefined--
3.993531   --undefined--
4.003531   --undefined--
4.013531   --undefined--
4.023531   --undefined--
4.033531   --undefined--
4.043531   --undefined--
4.053531   --undefined--
4.063531   --undefined--
4.073531   --undefined--
4.083531   --undefined--
4.093531   104.233437
4.103531   105.221239
4.113531   107.504406
4.123531   --undefined--
4.133531   --undefined--
4.143531   --undefined--
4.153531   --undefined--
4.163531   --undefined--
4.173531   --undefined--
4.183531   --undefined--
4.193531   217.856231
4.203531   220.437673
4.213531   220.380566
4.223531   218.821049
