mean: 241.5984276923917 std: 56.490244532591376
0.024781249999999862 --undefined--
0.03478124999999986 --undefined--
0.04478124999999986 --undefined--
0.054781249999999865 --undefined--
0.06478124999999986 --undefined--
0.07478124999999987 --undefined--
0.08478124999999986 --undefined--
0.09478124999999987 --undefined--
0.10478124999999987 --undefined--
0.11478124999999986 267.72147483496076
0.12478124999999987 277.6792782488943
0.13478124999999985 289.0678246892045
0.14478124999999986 291.8589355559844
0.15478124999999987 292.61497137636513
0.16478124999999988 293.396375952264
0.17478124999999986 294.8996492048796
0.18478124999999987 296.4195938775833
0.19478124999999988 298.13945475925976
0.20478124999999986 299.93896505944866
0.21478124999999987 302.13039484425025
0.22478124999999988 304.3950783319902
0.23478124999999986 306.1248592633701
0.24478124999999987 307.75135980261786
0.25478124999999985 310.43125425114596
0.26478124999999986 310.1581970398554
0.27478124999999987 308.4246792138625
0.2847812499999999 308.5079545753242
0.2947812499999999 304.81080271853057
0.3047812499999999 308.127636876744
0.31478124999999985 310.6718419763645
0.32478124999999985 311.18934256317385
0.33478124999999986 311.49254361860017
0.3447812499999999 309.1243293619839
0.3547812499999999 313.84034773511576
0.3647812499999999 327.01611840514096
0.3747812499999999 328.56697518550703
0.38478124999999985 331.07969032700817
0.39478124999999986 335.8684283736993
0.40478124999999987 337.839318924069
0.4147812499999999 339.5547774260331
0.4247812499999999 341.0588212893762
0.4347812499999999 343.90548054967365
0.44478124999999985 345.84580109670475
0.45478124999999986 347.1845967964015
0.46478124999999987 347.29373333828266
0.4747812499999999 346.21573113009504
0.4847812499999999 345.4911916606663
0.4947812499999999 346.3367750272848
0.5047812499999998 346.7331794098908
0.5147812499999999 347.91841109380647
0.5247812499999999 346.8164336152751
0.5347812499999999 344.8598885351452
0.5447812499999999 341.12123175469776
0.5547812499999999 337.58914540257126
0.5647812499999999 311.0955386165697
0.5747812499999999 301.7553138839453
0.5847812499999999 283.8494934432448
0.5947812499999999 279.46804092036183
0.6047812499999998 274.43076342659856
0.6147812499999998 270.4230724406268
0.6247812499999998 268.1461405890066
0.6347812499999999 266.6134470131016
0.6447812499999999 267.44309790127613
0.6547812499999999 269.7373172333812
0.6647812499999999 271.54071297425617
0.6747812499999999 272.8991396312448
0.6847812499999999 270.2114162972895
0.6947812499999999 269.29763195966575
0.7047812499999999 271.15557040792913
0.7147812499999999 272.51624878259673
0.7247812499999999 --undefined--
0.7347812499999998 --undefined--
0.7447812499999998 --undefined--
0.7547812499999998 --undefined--
0.7647812499999999 --undefined--
0.7747812499999999 --undefined--
0.7847812499999999 --undefined--
0.7947812499999999 --undefined--
0.8047812499999999 264.46667249132116
0.8147812499999999 265.68943689204775
0.8247812499999999 263.24155374725456
0.8347812499999999 261.2496324626319
0.8447812499999999 259.49402563157554
0.8547812499999999 257.6367834549828
0.8647812499999998 255.73191883391007
0.8747812499999998 253.62646659712567
0.8847812499999999 252.60522214599723
0.8947812499999999 255.2630688134337
0.9047812499999999 257.6920243175465
0.9147812499999999 257.8689644503258
0.9247812499999999 247.33921903886468
0.9347812499999999 251.39322603053245
0.9447812499999999 251.24516223264743
0.9547812499999999 259.41788976905553
0.9647812499999999 268.00819174711563
0.9747812499999999 269.8958319474411
0.9847812499999998 268.91626545731714
0.9947812499999998 268.21916580813763
1.0047812499999997 256.2243408441329
1.0147812499999997 253.93755446986478
1.0247812499999998 253.53626836805577
1.0347812499999998 254.40926284552742
1.0447812499999998 255.76504225279442
1.0547812499999998 255.23724375900602
1.0647812499999998 254.93414589255318
1.0747812499999998 241.8598992767715
1.0847812499999998 241.51119137961373
1.0947812499999998 239.1963261565583
1.1047812499999998 236.69136474150486
1.1147812499999998 232.2629436105374
1.1247812499999998 228.32983993006889
1.1347812499999999 224.90206209844658
1.1447812499999999 223.17761722005872
1.1547812499999999 222.82051621752828
1.1647812499999999 222.90508415337786
1.1747812499999999 222.9336790487954
1.1847812499999997 222.53407218850182
1.1947812499999997 222.12553077923582
1.2047812499999997 221.66498056309456
1.2147812499999997 221.04146027680613
1.2247812499999997 221.477165464022
1.2347812499999997 221.45700793052077
1.2447812499999997 221.23451823401118
1.2547812499999997 221.3905995564271
1.2647812499999997 221.82800164232114
1.2747812499999998 222.26600864975427
1.2847812499999998 223.48024287808076
1.2947812499999998 225.0600142308111
1.3047812499999998 227.06860934253646
1.3147812499999998 228.91395569068385
1.3247812499999998 225.0032458483735
1.3347812499999998 226.639942683022
1.3447812499999998 225.05429088535797
1.3547812499999998 223.6636446798036
1.3647812499999998 228.91676529376565
1.3747812499999998 236.45796998764027
1.3847812499999999 245.0928289170877
1.3947812499999999 245.90202161398247
1.4047812499999999 249.01189395815186
1.4147812499999999 253.28498067146825
1.4247812499999999 271.8370414040791
1.4347812499999997 277.3099322329762
1.4447812499999997 286.5380373840519
1.4547812499999997 291.85749135067493
1.4647812499999997 275.66947055402295
1.4747812499999997 279.0766904907565
1.4847812499999997 308.4149974658792
1.4947812499999997 311.6772739051166
1.5047812499999997 --undefined--
1.5147812499999997 --undefined--
1.5247812499999998 --undefined--
1.5347812499999998 --undefined--
1.5447812499999998 --undefined--
1.5547812499999998 --undefined--
1.5647812499999998 --undefined--
1.5747812499999998 --undefined--
1.5847812499999998 --undefined--
1.5947812499999998 --undefined--
1.6047812499999998 --undefined--
1.6147812499999998 --undefined--
1.6247812499999998 --undefined--
1.6347812499999999 --undefined--
1.6447812499999999 --undefined--
1.6547812499999999 --undefined--
1.6647812499999999 --undefined--
1.6747812499999999 --undefined--
1.68478125 --undefined--
1.6947812499999997 --undefined--
1.7047812499999997 --undefined--
1.7147812499999997 --undefined--
1.7247812499999997 --undefined--
1.7347812499999997 --undefined--
1.7447812499999997 273.34788892065023
1.7547812499999997 269.90200641009784
1.7647812499999997 264.11951931973806
1.7747812499999998 261.30704303989825
1.7847812499999998 258.2830087597529
1.7947812499999998 256.80733434288464
1.8047812499999998 247.39866356477032
1.8147812499999998 244.53790962556602
1.8247812499999998 245.45269239798034
1.8347812499999998 250.28496317810394
1.8447812499999998 249.95169489371284
1.8547812499999998 249.39793219216043
1.8647812499999998 251.58847049335813
1.8747812499999998 252.7695224403754
1.8847812499999999 246.6194262373813
1.8947812499999999 245.08801482807257
1.9047812499999999 246.38454032730522
1.9147812499999999 245.35243308231776
1.9247812499999999 240.77930408647953
1.93478125 235.70778088254565
1.9447812499999997 232.5651679683985
1.9547812499999997 231.54989221495543
1.9647812499999997 232.28321449479205
1.9747812499999997 232.922530932516
1.9847812499999997 233.19597496054183
1.9947812499999997 233.48547263399612
2.0047812499999997 233.63163429146678
2.01478125 233.74898538694464
2.0247812499999998 233.32892288422806
2.03478125 233.18389215999264
2.0447812499999998 233.00448735404515
2.05478125 232.53139806536282
2.06478125 232.44509207217064
2.0747812499999996 233.11307537201503
2.08478125 232.73736347919666
2.0947812499999996 232.3454096359992
2.10478125 232.73556895993488
2.1147812499999996 233.27501132895424
2.12478125 231.22668707367654
2.1347812499999996 226.30191446235543
2.14478125 217.26172876452443
2.1547812499999996 213.1328959290062
2.16478125 211.57039077675327
2.1747812499999997 210.6291450730894
2.18478125 210.93864349363403
2.1947812499999997 211.27541463800017
2.20478125 210.48364612634762
2.2147812499999997 209.7682220010644
2.22478125 209.4993001111598
2.2347812499999997 210.24342283453853
2.24478125 211.50741480223365
2.2547812499999997 214.02999353071783
2.26478125 212.8296332132938
2.2747812499999998 208.83599533156382
2.28478125 207.33420129337145
2.2947812499999998 206.87633329831993
2.30478125 205.29174266082282
2.31478125 203.05850851236568
2.32478125 203.48697131514757
2.33478125 202.5000382692462
2.3447812499999996 201.3344670594702
2.35478125 201.66603572644516
2.3647812499999996 199.15333569631719
2.37478125 201.48229673037739
2.3847812499999996 201.48712254937755
2.39478125 200.28485743897974
2.4047812499999996 198.96077180602325
2.41478125 197.26465903884286
2.4247812499999997 195.85584967702965
2.43478125 195.2232771021932
2.4447812499999997 194.45026061043993
2.45478125 195.74234307836255
2.4647812499999997 197.62565032959003
2.47478125 198.90767743823173
2.4847812499999997 198.04517285685282
2.49478125 --undefined--
2.5047812499999997 --undefined--
2.51478125 --undefined--
2.5247812499999998 --undefined--
2.53478125 --undefined--
2.5447812499999998 --undefined--
2.55478125 --undefined--
2.56478125 --undefined--
2.57478125 --undefined--
2.58478125 --undefined--
2.5947812499999996 --undefined--
2.60478125 --undefined--
2.6147812499999996 202.9535433083806
2.62478125 198.35347454280802
2.6347812499999996 197.56726972157256
2.64478125 197.0350743289231
2.6547812499999996 196.79625345556923
2.66478125 197.11001963956423
2.6747812499999997 198.14590510649398
2.68478125 200.02465273802744
2.6947812499999997 --undefined--
2.70478125 --undefined--
2.7147812499999997 --undefined--
2.72478125 --undefined--
2.7347812499999997 --undefined--
2.74478125 --undefined--
2.7547812499999997 --undefined--
2.76478125 --undefined--
2.7747812499999998 --undefined--
2.78478125 --undefined--
2.7947812499999998 --undefined--
2.80478125 --undefined--
2.81478125 --undefined--
2.82478125 204.67081479853604
2.83478125 200.23299779033363
2.8447812499999996 194.7938660900427
2.85478125 191.26138368040222
2.8647812499999996 189.34951403472988
2.87478125 188.48582605033272
2.8847812499999996 189.0536493766401
2.89478125 190.62982566678232
2.9047812499999996 192.09489164959615
2.91478125 193.44880672026662
2.9247812499999997 194.61398152867136
2.93478125 193.40736908002114
2.9447812499999997 193.7050406285544
2.95478125 195.90319348071245
2.9647812499999997 197.5868527668472
2.97478125 198.23071913117377
2.9847812499999997 196.05118279650736
2.99478125 194.60885447576865
3.0047812499999997 190.4472085374985
3.01478125 189.40582632631464
3.0247812499999998 195.43757379195088
3.03478125 195.9207671380652
3.0447812499999998 197.541479039529
3.05478125 --undefined--
3.06478125 --undefined--
3.07478125 --undefined--
3.08478125 --undefined--
3.09478125 332.39319324141314
3.10478125 340.25579160074534
3.1147812499999996 341.2261763858178
3.12478125 347.7877605966817
3.1347812499999996 --undefined--
3.14478125 156.53510079711864
3.1547812499999996 157.42517177488781
3.16478125 158.0124601202082
3.1747812499999997 163.58471275216334
3.18478125 165.2988679400916
3.1947812499999997 165.54872179211694
3.20478125 --undefined--
3.2147812499999997 --undefined--
3.22478125 --undefined--
3.2347812499999997 --undefined--
3.24478125 --undefined--
3.2547812499999997 --undefined--
3.26478125 --undefined--
3.2747812499999998 --undefined--
3.28478125 --undefined--
3.2947812499999998 --undefined--
3.30478125 --undefined--
3.31478125 --undefined--
3.32478125 --undefined--
3.33478125 --undefined--
3.34478125 --undefined--
3.35478125 235.9775266412552
3.3647812499999996 235.26114210805022
3.37478125 235.37596667844403
3.3847812499999996 238.66924101050597
3.39478125 241.74639860446885
3.4047812499999996 245.64992520771074
3.41478125 247.4151289743222
3.4247812499999997 260.37680259101734
3.43478125 261.57258881526775
3.4447812499999997 258.8885467853923
3.45478125 260.2962783205371
3.4647812499999997 270.45213301627285
3.47478125 277.8933467177424
3.4847812499999997 279.4288446310781
3.49478125 279.9967797438458
3.5047812499999997 279.3779486228037
3.51478125 277.83987634751355
3.5247812499999998 273.7044458596339
3.53478125 271.5107084797264
3.5447812499999998 269.7525534324735
3.55478125 264.46116177103437
3.56478125 263.1340851137377
3.57478125 263.70335821628163
3.58478125 250.9907378703928
3.59478125 235.37521168695775
3.60478125 226.26123313325445
3.6147812499999996 226.58338454808876
3.62478125 213.83554633759263
3.6347812499999996 208.66990113881127
3.64478125 203.06498693237347
3.6547812499999996 197.92307633014065
3.66478125 195.94288127470475
3.6747812499999997 193.19269876228773
3.68478125 --undefined--
3.6947812499999997 --undefined--
3.70478125 --undefined--
3.7147812499999997 --undefined--
3.72478125 --undefined--
3.7347812499999997 --undefined--
3.74478125 --undefined--
3.7547812499999997 --undefined--
3.76478125 --undefined--
3.7747812499999998 --undefined--
3.78478125 --undefined--
3.7947812499999998 --undefined--
3.80478125 --undefined--
3.81478125 --undefined--
3.82478125 --undefined--
3.83478125 --undefined--
3.84478125 --undefined--
3.85478125 197.46967588495787
3.8647812499999996 197.48831015419074
3.87478125 197.50207689243643
3.8847812499999996 196.58459070755853
3.89478125 195.57082627286474
3.9047812499999996 195.31658641271716
3.91478125 196.57681317231848
3.9247812499999997 194.9800750137748
3.93478125 193.74755221282712
3.9447812499999997 193.14534232077148
3.95478125 192.1439499531126
3.9647812499999997 190.35991913741566
3.97478125 188.23956535335296
3.9847812499999997 186.08267117754048
3.99478125 182.71818151405273
4.00478125 179.9037655095348
4.01478125 177.89880692490527
4.02478125 176.81652694778234
4.03478125 176.73844083270546
4.044781250000001 176.95197191021407
4.0547812500000004 177.07211302143105
4.06478125 177.14892430171585
4.07478125 177.092534019969
4.084781250000001 177.5740814436588
4.0947812500000005 176.7058068261416
4.10478125 177.36659350756375
4.11478125 176.77539273194193
4.12478125 175.14146726150898
4.1347812500000005 177.59593412051672
4.14478125 --undefined--
4.15478125 --undefined--
4.16478125 --undefined--
4.1747812500000006 --undefined--
4.18478125 --undefined--
4.19478125 --undefined--
4.20478125 --undefined--
4.214781250000001 --undefined--
4.22478125 --undefined--
4.23478125 --undefined--
4.24478125 --undefined--
4.254781250000001 --undefined--
4.26478125 --undefined--
4.27478125 --undefined--
4.28478125 --undefined--
4.294781250000001 --undefined--
4.3047812500000004 --undefined--
4.31478125 --undefined--
4.32478125 --undefined--
4.334781250000001 --undefined--
4.3447812500000005 --undefined--
4.35478125 --undefined--
4.36478125 --undefined--
4.374781250000001 --undefined--
4.3847812500000005 --undefined--
4.39478125 --undefined--
4.40478125 --undefined--
4.41478125 --undefined--
4.4247812500000006 --undefined--
4.43478125 --undefined--
4.44478125 --undefined--
4.45478125 --undefined--
4.464781250000001 --undefined--
4.47478125 --undefined--
4.48478125 --undefined--
4.49478125 --undefined--
4.504781250000001 --undefined--
4.51478125 --undefined--
4.52478125 --undefined--
4.53478125 --undefined--
4.544781250000001 293.9099739211179
4.5547812500000004 294.381483507233
4.56478125 294.67394333125327
4.57478125 293.76844879853365
4.584781250000001 294.42751104346286
4.5947812500000005 --undefined--
4.60478125 --undefined--
4.61478125 --undefined--
4.624781250000001 --undefined--
4.6347812500000005 --undefined--
4.64478125 --undefined--
4.65478125 --undefined--
4.66478125 --undefined--
4.6747812500000006 --undefined--
4.68478125 --undefined--
4.69478125 --undefined--
4.70478125 --undefined--
4.714781250000001 --undefined--
4.72478125 358.7103941360251
4.73478125 355.52768263009705
4.74478125 348.79805784961815
4.754781250000001 343.848734243789
4.76478125 337.24875380856105
4.77478125 316.8896859795474
4.78478125 309.7607503234278
4.794781250000001 297.34169157869974
4.8047812500000004 288.68748517517156
4.81478125 276.7121137667981
4.82478125 259.9228286656253
4.834781250000001 252.38905742807182
4.8447812500000005 239.3705302435097
4.85478125 232.53342478473246
4.86478125 228.44135171048828
4.874781250000001 224.27796367668287
4.8847812500000005 222.78859050074325
4.89478125 222.12208980739197
4.90478125 221.15323105940865
4.91478125 219.7065845080251
4.9247812500000006 218.15925102404896
4.93478125 218.65094559983362
4.94478125 219.3535118548257
4.95478125 219.81736268628768
4.964781250000001 220.85032356772172
4.97478125 221.13804763306376
4.98478125 220.27550077634973
4.99478125 219.65866101447742
5.004781250000001 220.12675209446928
5.01478125 219.89665347451373
5.02478125 220.77131117654505
5.03478125 221.11665898214002
5.044781250000001 220.80622290276054
5.0547812500000004 --undefined--
5.06478125 --undefined--
5.07478125 --undefined--
5.084781250000001 --undefined--
5.0947812500000005 --undefined--
5.10478125 221.68336744144867
5.11478125 219.95246535619765
5.124781250000001 214.7657755913888
5.1347812500000005 209.70067766684653
5.14478125 208.4054313359191
5.15478125 207.3851095411337
5.16478125 206.71792181857566
5.1747812500000006 205.88635036380367
5.18478125 205.61543843022503
5.19478125 205.25242663904942
5.20478125 205.26433288693428
5.214781250000001 204.6270577144176
5.22478125 204.21465138986144
5.23478125 203.91525454019373
5.24478125 204.0567963183441
5.254781250000001 204.48889687854128
5.26478125 205.33413080714223
5.27478125 204.48286964172055
5.28478125 --undefined--
5.294781250000001 --undefined--
5.3047812500000004 --undefined--
5.31478125 --undefined--
5.32478125 --undefined--
5.334781250000001 --undefined--
5.3447812500000005 --undefined--
5.35478125 --undefined--
5.36478125 --undefined--
5.374781250000001 --undefined--
5.3847812500000005 --undefined--
5.39478125 --undefined--
5.40478125 --undefined--
5.41478125 399.66882985518595
5.4247812500000006 398.47151505490154
5.43478125 397.06556717545294
5.44478125 385.0641241631434
5.45478125 381.5262891545787
5.464781250000001 379.1201676678455
5.47478125 381.59772491509267
5.48478125 375.37282384225244
5.49478125 374.7866287862254
5.504781250000001 367.46938998411713
5.51478125 364.2774010894579
5.52478125 363.41744564879156
5.53478125 369.39050615985053
5.544781250000001 379.6404271725536
5.5547812500000004 389.8150406263365
5.56478125 391.84251818563035
5.57478125 383.0384088876966
5.584781250000001 381.7019741225179
5.5947812500000005 382.9913450737668
5.60478125 --undefined--
5.61478125 --undefined--
5.624781250000001 --undefined--
5.6347812500000005 --undefined--
5.64478125 --undefined--
5.65478125 178.6849943035502
5.66478125 176.69006687135354
5.6747812500000006 176.7463268506173
5.68478125 177.8150259364001
5.69478125 179.2687475547753
5.70478125 178.10989729631305
5.714781250000001 --undefined--
5.72478125 --undefined--
5.73478125 --undefined--
5.74478125 --undefined--
5.754781250000001 --undefined--
5.76478125 184.1291387447012
5.77478125 183.22225005702848
5.78478125 182.47095258446308
5.794781250000001 184.4384850261051
5.8047812500000004 185.20017207817332
5.81478125 184.66854983776153
5.82478125 184.26047634218418
5.834781250000001 184.07828886092943
5.8447812500000005 183.984109243453
5.85478125 184.30149983169733
5.86478125 184.52848026616329
5.874781250000001 184.33159920107363
5.8847812500000005 --undefined--
5.89478125 --undefined--
5.90478125 --undefined--
5.91478125 --undefined--
5.9247812500000006 --undefined--
5.93478125 --undefined--
5.94478125 --undefined--
5.95478125 --undefined--
5.964781250000001 --undefined--
5.97478125 --undefined--
5.98478125 --undefined--
5.99478125 --undefined--
6.004781250000001 --undefined--
6.01478125 --undefined--
6.02478125 --undefined--
6.03478125 --undefined--
6.044781250000001 --undefined--
6.0547812500000004 --undefined--
6.06478125 --undefined--
6.07478125 --undefined--
6.084781250000001 --undefined--
6.0947812500000005 --undefined--
6.10478125 --undefined--
6.11478125 --undefined--
6.124781250000001 --undefined--
6.1347812500000005 284.87226370484774
6.14478125 280.54159039181604
6.15478125 278.80353063064587
6.164781250000001 275.77883442565786
6.1747812500000006 272.0900320838693
6.18478125 270.4991092066711
6.19478125 269.4427450155127
6.20478125 268.2943087912945
6.214781250000001 265.44537267357333
6.22478125 264.5122998539474
6.23478125 276.82218880199235
6.24478125 --undefined--
6.254781250000001 --undefined--
6.26478125 --undefined--
6.27478125 --undefined--
6.28478125 --undefined--
6.294781250000001 --undefined--
6.3047812500000004 --undefined--
6.31478125 --undefined--
6.32478125 183.5962348998699
6.334781250000001 181.84446426468662
6.3447812500000005 180.90764027017434
6.35478125 179.01745760191136
6.36478125 177.12085580811151
6.374781250000001 176.42489405389344
6.3847812500000005 175.97608652313153
6.39478125 176.14522315183495
6.40478125 175.88857858271965
6.414781250000001 175.8727865913417
6.4247812500000006 175.78631220660913
6.43478125 175.4608366389907
6.44478125 --undefined--
6.45478125 87.0287343661028
6.464781250000001 87.77455092487835
6.47478125 89.09899301831969
6.48478125 --undefined--
6.49478125 --undefined--
6.504781250000001 --undefined--
6.51478125 --undefined--
6.52478125 --undefined--
6.53478125 --undefined--
6.544781250000001 --undefined--
6.5547812500000004 --undefined--
6.56478125 --undefined--
6.57478125 --undefined--
6.584781250000001 --undefined--
6.5947812500000005 --undefined--
6.60478125 --undefined--
6.61478125 --undefined--
6.624781250000001 --undefined--
6.6347812500000005 180.11581256984232
6.64478125 179.17939764238332
6.65478125 178.15888825172826
6.664781250000001 176.35217491685952
6.6747812500000006 175.911163833914
6.68478125 175.35181903329573
6.69478125 --undefined--
6.70478125 --undefined--
6.714781250000001 --undefined--
6.72478125 --undefined--
6.73478125 --undefined--
6.74478125 --undefined--
6.754781250000001 --undefined--
6.76478125 --undefined--
6.77478125 --undefined--
6.78478125 --undefined--
6.794781250000001 --undefined--
6.8047812500000004 --undefined--
6.81478125 --undefined--
6.82478125 --undefined--
6.834781250000001 196.2403582326726
6.8447812500000005 193.67648638864313
6.85478125 189.49395301147862
6.86478125 185.6921212658931
6.874781250000001 182.63314365289142
6.8847812500000005 180.3151284016513
6.89478125 173.7409427272718
6.90478125 172.9499619645287
6.914781250000001 172.03798964704114
6.9247812500000006 170.77733030544667
6.93478125 --undefined--
6.94478125 --undefined--
6.95478125 --undefined--
6.964781250000001 --undefined--
6.97478125 --undefined--
6.98478125 --undefined--
6.99478125 --undefined--
7.004781250000001 --undefined--
7.01478125 --undefined--
7.02478125 --undefined--
7.03478125 --undefined--
7.044781250000001 --undefined--
7.0547812500000004 --undefined--
7.06478125 --undefined--
7.07478125 --undefined--
7.084781250000001 --undefined--
7.0947812500000005 --undefined--
7.10478125 --undefined--
7.11478125 --undefined--
7.124781250000001 --undefined--
7.1347812500000005 --undefined--
7.14478125 --undefined--
7.15478125 --undefined--
7.164781250000001 --undefined--
7.1747812500000006 --undefined--
7.18478125 --undefined--
7.19478125 --undefined--
7.20478125 --undefined--
7.214781250000001 --undefined--
7.22478125 --undefined--
7.23478125 --undefined--
7.24478125 --undefined--
7.254781250000001 --undefined--
7.26478125 --undefined--
7.27478125 --undefined--
7.28478125 --undefined--
7.294781250000001 --undefined--
7.3047812500000004 --undefined--
7.31478125 --undefined--
7.32478125 --undefined--
7.334781250000001 --undefined--
7.3447812500000005 --undefined--
7.35478125 --undefined--
7.36478125 --undefined--
7.374781250000001 --undefined--
7.3847812500000005 --undefined--
7.39478125 --undefined--
7.40478125 --undefined--
7.414781250000001 --undefined--
7.4247812500000006 --undefined--
7.43478125 --undefined--
7.44478125 --undefined--
7.45478125 --undefined--
7.464781250000001 --undefined--
7.47478125 --undefined--
7.48478125 --undefined--
7.49478125 --undefined--
7.504781250000001 --undefined--
7.51478125 --undefined--
7.52478125 --undefined--
7.53478125 --undefined--
7.544781250000001 --undefined--
7.5547812500000004 --undefined--
7.56478125 --undefined--
7.57478125 --undefined--
7.584781250000001 --undefined--
7.5947812500000005 --undefined--
7.60478125 --undefined--
7.61478125 --undefined--
7.624781250000001 --undefined--
7.6347812500000005 --undefined--
7.64478125 --undefined--
7.65478125 --undefined--
7.664781250000001 --undefined--
7.6747812500000006 --undefined--
7.68478125 --undefined--
7.69478125 --undefined--
7.70478125 --undefined--
7.714781250000001 --undefined--
7.72478125 --undefined--
7.73478125 --undefined--
7.74478125 --undefined--
7.754781250000001 --undefined--
7.76478125 --undefined--
7.77478125 --undefined--
7.78478125 --undefined--
7.794781250000001 --undefined--
7.8047812500000004 --undefined--
7.81478125 --undefined--
7.82478125 --undefined--
7.834781250000001 --undefined--
7.8447812500000005 --undefined--
7.85478125 --undefined--
7.86478125 --undefined--
7.874781250000001 --undefined--
7.8847812500000005 --undefined--
7.89478125 --undefined--
7.90478125 --undefined--
7.914781250000001 --undefined--
7.9247812500000006 --undefined--
