mean: 71.47295759284384 std: 19.837580153666575 duration: 18.352
0.04533333333333248 45.54211512433888
0.05599999999999915 57.20242209656494
0.06666666666666582 64.60656934278666
0.07733333333333248 69.66332796731336
0.08799999999999916 73.38263403248524
0.09866666666666582 75.34625989241941
0.10933333333333248 75.07931051128202
0.11999999999999916 73.58399850355849
0.13066666666666582 73.40054651096804
0.1413333333333325 74.41683766029456
0.15199999999999916 75.54956185171208
0.16266666666666582 76.49476110355289
0.17333333333333248 76.3534849510765
0.18399999999999916 74.40771082438168
0.19466666666666582 71.59323437005087
0.2053333333333325 68.64451764142413
0.21599999999999916 68.83100107990339
0.22666666666666582 75.60461873673539
0.2373333333333325 79.15059053081136
0.24799999999999917 78.4703048965555
0.2586666666666659 73.96559204830007
0.26933333333333254 68.50395474332475
0.2799999999999992 69.1095316067616
0.29066666666666585 71.0571309083147
0.3013333333333325 72.68517258317081
0.3119999999999992 75.02664508987996
0.3226666666666659 77.50952957696123
0.33333333333333254 79.18396827253486
0.3439999999999992 79.1937568600595
0.35466666666666585 77.4191784928683
0.36533333333333257 75.16861223749585
0.3759999999999992 74.46917100205508
0.3866666666666659 74.78354995780384
0.39733333333333254 74.08207394990154
0.4079999999999992 72.1869307776444
0.4186666666666659 72.05521620253823
0.42933333333333257 72.9857788898285
0.4399999999999992 73.32270464926582
0.4506666666666659 74.15214743234252
0.46133333333333254 74.17405896827923
0.47199999999999925 72.14390714805144
0.4826666666666659 71.44669329466404
0.49333333333333257 76.36885241848583
0.5039999999999992 79.15678059606364
0.5146666666666658 77.9844523826998
0.5253333333333325 73.07698876299854
0.5359999999999993 66.57682020359306
0.5466666666666659 66.45577852352648
0.5573333333333325 71.36792806582841
0.5679999999999992 74.90054798726733
0.5786666666666659 76.53060216175518
0.5893333333333325 76.94262751000275
0.5999999999999992 77.23606706033749
0.6106666666666658 76.60792742514117
0.6213333333333325 74.76079568636551
0.6319999999999992 73.67956167817015
0.6426666666666658 73.21563849341364
0.6533333333333325 72.6369813761149
0.6639999999999991 72.4849532959962
0.6746666666666659 73.14321285637553
0.6853333333333326 74.14425959198988
0.6959999999999992 74.24075559591417
0.7066666666666659 73.62043224915227
0.7173333333333325 73.25818513698275
0.7279999999999992 73.37801420226965
0.7386666666666659 73.77134347482395
0.7493333333333325 73.33394807176232
0.7599999999999992 71.14681832354387
0.7706666666666658 67.45968820324079
0.7813333333333325 64.66138274379189
0.7919999999999993 63.24987434889394
0.8026666666666659 61.86880779958888
0.8133333333333326 61.092994684888104
0.8239999999999992 61.17063497598767
0.8346666666666659 61.06558139208265
0.8453333333333326 59.827500618280105
0.8559999999999992 57.86123323246645
0.8666666666666659 56.44890071554694
0.8773333333333325 54.91623217368382
0.8879999999999992 55.227692210230764
0.898666666666666 56.265429389046716
0.9093333333333325 56.71964490274722
0.9199999999999993 57.991156490735854
0.9306666666666659 64.0624066461549
0.9413333333333326 70.07913354091363
0.9519999999999992 73.28105969106984
0.9626666666666659 74.41220614799235
0.9733333333333326 74.24076383496144
0.9839999999999992 73.93710022784035
0.9946666666666659 74.39322373164428
1.0053333333333325 75.65839381695642
1.0159999999999993 77.02644133904899
1.026666666666666 77.78150027593439
1.0373333333333326 77.84476775066193
1.0479999999999994 78.34608095896327
1.058666666666666 78.96837390877293
1.0693333333333326 79.28198511110287
1.0799999999999994 79.91185686025375
1.090666666666666 79.25612729419724
1.1013333333333326 77.10279093094522
1.1119999999999994 74.59754309167297
1.122666666666666 72.62037567552383
1.1333333333333326 72.05364527303422
1.1439999999999995 72.38407246148984
1.154666666666666 72.40038017469642
1.1653333333333327 71.6362678853005
1.1759999999999993 71.01020070470314
1.186666666666666 70.79701776149079
1.1973333333333327 70.69005250113909
1.2079999999999993 71.48848431557656
1.2186666666666661 72.74992240868067
1.2293333333333327 72.97453482810995
1.2399999999999993 71.99091658740946
1.2506666666666661 70.58776893580772
1.2613333333333328 69.33405432698895
1.2719999999999994 68.99480906464062
1.282666666666666 70.13983347097576
1.2933333333333328 71.61472311345902
1.3039999999999994 72.73886965184415
1.314666666666666 73.24504535485329
1.3253333333333328 73.49542865743906
1.3359999999999994 74.57420273519618
1.346666666666666 75.20094111253813
1.3573333333333328 74.40109674792532
1.3679999999999994 73.3028943889552
1.378666666666666 72.45196392016612
1.3893333333333326 71.5824398773911
1.3999999999999995 69.40694581903949
1.410666666666666 65.62373168981887
1.4213333333333327 62.733555865714095
1.4319999999999995 60.63344551256384
1.442666666666666 59.1939281088096
1.4533333333333327 59.95804888204613
1.4639999999999993 61.07494925721039
1.4746666666666661 61.050284662945906
1.4853333333333327 63.24018678342411
1.4959999999999993 68.01265424325857
1.5066666666666662 70.57771617174441
1.5173333333333328 71.2465763693942
1.5279999999999994 71.25565031318511
1.5386666666666662 70.40408563628482
1.5493333333333328 68.9059934141051
1.5599999999999994 68.5636048741523
1.570666666666666 69.62359646332509
1.5813333333333328 70.20419036573803
1.5919999999999994 70.50283616168937
1.602666666666666 71.84991856672676
1.6133333333333328 74.68688718338187
1.6239999999999994 77.04483570942352
1.634666666666666 77.4817519755915
1.6453333333333329 75.56137003475867
1.6559999999999995 72.5980818401964
1.666666666666666 72.51176482799414
1.6773333333333327 72.44407771934907
1.6879999999999995 69.77924553276208
1.698666666666666 65.85662693835127
1.7093333333333327 64.84187146463994
1.7199999999999995 64.08465629446503
1.7306666666666661 63.113491472510724
1.7413333333333327 64.09498026714212
1.7519999999999996 64.80482189045037
1.7626666666666662 64.65560627247498
1.7733333333333328 64.1220867079681
1.7839999999999994 63.63912359916733
1.7946666666666662 63.77514579296928
1.8053333333333328 63.4994023642127
1.8159999999999994 62.03328405786674
1.8266666666666662 60.98374553885439
1.8373333333333328 61.55841755035699
1.8479999999999994 62.824006912863894
1.858666666666666 63.97105614320853
1.8693333333333328 64.41940930614254
1.8799999999999994 63.78833219568307
1.890666666666666 62.223937219663085
1.9013333333333329 61.18779517733272
1.9119999999999995 63.8317956514076
1.922666666666666 69.59669645977644
1.933333333333333 73.95917100362853
1.9439999999999995 76.68826973047003
1.954666666666666 78.06819520957023
1.9653333333333327 77.70260337855478
1.9759999999999995 76.66625142446622
1.9866666666666661 76.89729527608016
1.9973333333333327 76.31053604836158
2.0079999999999996 73.77387954737355
2.018666666666666 70.7305347423289
2.0293333333333328 69.90517521928919
2.0399999999999996 70.0661035747451
2.050666666666666 70.22176842599131
2.061333333333333 71.14316594932528
2.071999999999999 71.063408863014
2.082666666666666 69.17255016890482
2.0933333333333324 68.70769353581008
2.103999999999999 70.30674180805721
2.114666666666666 70.70864931356826
2.1253333333333324 70.68155815877297
2.1359999999999992 71.21905833407223
2.146666666666666 70.68625060247906
2.1573333333333324 68.67240875509073
2.1679999999999993 66.37353646279834
2.178666666666666 65.54699633625353
2.1893333333333325 66.68481033841888
2.1999999999999993 68.07379515165336
2.210666666666666 68.3750350645054
2.2213333333333325 67.42216300696589
2.2319999999999993 68.02863856441003
2.242666666666666 69.93052634235238
2.2533333333333325 70.66884516714865
2.2639999999999993 71.2115357543411
2.274666666666666 72.20821974902914
2.2853333333333326 71.97057540844176
2.2959999999999994 69.75170670361311
2.3066666666666658 67.65244664674046
2.3173333333333326 67.61943545558769
2.3279999999999994 68.91831236583458
2.338666666666666 69.50729109325681
2.3493333333333326 68.22521124461676
2.3599999999999994 69.5972368928177
2.370666666666666 73.36693441714706
2.3813333333333326 74.61985116005353
2.3919999999999995 74.20781372610014
2.402666666666666 73.67776327560978
2.4133333333333327 73.05098584886919
2.4239999999999995 71.85216973483308
2.434666666666666 70.590768454596
2.4453333333333327 68.78382242973727
2.4559999999999995 65.9116818306352
2.466666666666666 64.77617682007593
2.4773333333333327 66.56889651816495
2.487999999999999 69.91909430537183
2.498666666666666 72.70531330142292
2.5093333333333327 74.34182189502732
2.519999999999999 75.22555946829173
2.530666666666666 75.49839113705231
2.5413333333333328 75.59734836725865
2.551999999999999 75.51418927765644
2.562666666666666 74.6496311264361
2.573333333333333 73.14680009042894
2.583999999999999 72.31853428716244
2.594666666666666 72.58954692448992
2.605333333333333 72.99913976393088
2.615999999999999 72.99288736732228
2.626666666666666 72.98102447273125
2.637333333333333 72.58362953222692
2.6479999999999992 71.74299590146514
2.658666666666666 71.22777656960558
2.669333333333333 70.95553228049083
2.6799999999999993 71.63398459855267
2.690666666666666 72.09420223094266
2.7013333333333325 71.7369135045491
2.7119999999999993 72.40959286117194
2.722666666666666 74.10487955571162
2.7333333333333325 73.99890408021315
2.7439999999999993 72.4915156459652
2.754666666666666 72.64524369176425
2.7653333333333325 72.98754314787037
2.7759999999999994 72.04733434688877
2.786666666666666 72.45599742005437
2.7973333333333326 73.89024690002313
2.8079999999999994 75.14092050986288
2.818666666666666 75.79843146463284
2.8293333333333326 75.29068365743035
2.8399999999999994 74.21673857983939
2.8506666666666662 73.0937565044219
2.8613333333333326 71.24658759565602
2.8719999999999994 69.01222083993679
2.882666666666666 67.6829302441508
2.8933333333333326 67.41601612936223
2.9039999999999995 68.34071305056372
2.914666666666666 70.14349685958022
2.9253333333333327 71.03422023908945
2.9359999999999995 70.81448810515265
2.946666666666666 70.42738770396214
2.9573333333333327 70.007292646626
2.9679999999999995 69.34689983688008
2.978666666666666 68.50092509308979
2.9893333333333327 67.18311104306237
2.9999999999999996 66.87010759811376
3.010666666666666 67.3352887703951
3.0213333333333328 66.64145168976107
3.0319999999999996 68.55779111240469
3.042666666666666 72.62097121142112
3.053333333333333 75.01960078301494
3.0639999999999996 75.47813338150908
3.074666666666666 75.08116398903077
3.085333333333333 75.47166545930483
3.095999999999999 76.20529252112233
3.106666666666666 76.83387788483657
3.117333333333333 76.33466845105453
3.1279999999999992 74.29395374265408
3.138666666666666 71.24406218795062
3.149333333333333 69.17468540819473
3.1599999999999993 67.95773490174489
3.170666666666666 66.64544866703005
3.181333333333333 65.15559248979481
3.1919999999999993 63.45390376810917
3.202666666666666 61.50711580411298
3.213333333333333 61.50346620868372
3.2239999999999993 64.27044256537758
3.234666666666666 66.1228224658704
3.245333333333333 66.08609256069455
3.2559999999999993 64.5657755627379
3.266666666666666 62.0085046113278
3.2773333333333325 59.21312557846193
3.2879999999999994 59.76710787185179
3.298666666666666 64.47637519272351
3.3093333333333326 68.10975503730671
3.3199999999999994 70.17657752071213
3.330666666666666 71.2982862657102
3.3413333333333326 71.42801789272593
3.3519999999999994 70.60102683813764
3.3626666666666662 69.04599114359819
3.3733333333333326 67.42040885770224
3.3839999999999995 65.73054379436255
3.3946666666666663 63.24958055344887
3.4053333333333327 60.650876119176395
3.4159999999999995 60.85696781024087
3.4266666666666663 63.63172349182708
3.4373333333333327 66.35717583234812
3.4479999999999995 67.06136431735041
3.4586666666666663 67.37360678698772
3.4693333333333327 71.15575060593164
3.4799999999999995 73.67800496543965
3.490666666666666 73.89517284119472
3.5013333333333327 73.6607524831844
3.5119999999999996 73.85739378718307
3.522666666666666 74.39772622272864
3.5333333333333328 74.59456291966814
3.5439999999999996 74.1338561587226
3.554666666666666 74.13990130679746
3.565333333333333 74.71353648566465
3.5759999999999996 74.49620554833533
3.586666666666666 73.664199357326
3.597333333333333 72.7043282756899
3.6079999999999997 71.59774818211548
3.618666666666666 71.0119033585075
3.629333333333333 71.35097609600064
3.6399999999999997 71.97473721771577
3.650666666666666 72.32693205603668
3.661333333333333 72.75405544299252
3.6719999999999993 73.16987629735715
3.682666666666666 72.93031414230425
3.693333333333333 72.32166060029587
3.7039999999999993 71.88495961362145
3.714666666666666 71.7962698532158
3.725333333333333 71.90522480226223
3.7359999999999993 71.68815536543573
3.746666666666666 70.91999823876202
3.757333333333333 70.02528490241352
3.7679999999999993 69.30216344068026
3.778666666666666 68.62918349249253
3.789333333333333 67.9492323527292
3.7999999999999994 67.41625993126677
3.810666666666666 67.14448270671818
3.821333333333333 66.97567757996345
3.8319999999999994 66.66524308286151
3.8426666666666662 66.33501793876442
3.8533333333333326 66.13564405819636
3.8639999999999994 66.33762828004362
3.8746666666666663 67.6152613166623
3.8853333333333326 69.28255081197734
3.8959999999999995 70.18260765957585
3.9066666666666663 70.15423627060206
3.9173333333333327 69.25332129450253
3.9279999999999995 67.20101055585543
3.9386666666666663 65.19286559548355
3.9493333333333327 65.15795906243375
3.9599999999999995 65.39297576631127
3.9706666666666663 65.00075301481625
3.9813333333333327 63.777271788409465
3.9919999999999995 61.95572818768463
4.002666666666666 60.62869480814119
4.013333333333333 61.83136622424939
4.024 63.65032955508519
4.034666666666666 63.76647069353857
4.045333333333334 62.112872643158795
4.056 59.41772358742169
4.066666666666666 56.93388297438156
4.077333333333334 54.700162933775744
4.088 52.071436597574454
4.0986666666666665 50.59364898787949
4.109333333333334 53.67572902093101
4.12 58.56053352570342
4.1306666666666665 61.538002240400395
4.141333333333333 64.44452800804966
4.152 67.5055136259497
4.1626666666666665 68.98679667216457
4.173333333333333 69.0157003753612
4.184 68.38161038003668
4.1946666666666665 67.3650303889845
4.205333333333333 65.66919694209292
4.216 63.08618162616995
4.226666666666667 59.87143318591382
4.237333333333333 57.67717194582723
4.248 58.08423392550037
4.258666666666667 58.11454866420621
4.269333333333333 57.24604762978224
4.28 58.0425152278164
4.290666666666667 59.52774546697643
4.301333333333333 60.16573104133816
4.312 61.04423774652253
4.322666666666667 63.689670252254544
4.333333333333333 69.21872043035503
4.344 73.89703964734471
4.354666666666667 77.2277567697305
4.365333333333333 79.7591016530067
4.376 80.98482114032464
4.386666666666667 81.24965946922424
4.397333333333333 81.34896919053902
4.408 81.30771344292748
4.418666666666667 81.08453244019267
4.429333333333333 80.41157599675228
4.44 79.01736274964831
4.450666666666667 77.50358712491946
4.461333333333333 76.44338239747783
4.472 76.00371718819014
4.482666666666667 76.1215829937308
4.493333333333333 75.92287912049619
4.5040000000000004 74.94981326436856
4.514666666666667 74.32572141624739
4.525333333333333 74.93423956486187
4.536 75.81796673681438
4.546666666666667 76.40599961064147
4.557333333333333 76.5129015577185
4.568 75.97346253638692
4.578666666666667 74.17322937280272
4.589333333333333 71.37651368041172
4.6 69.68140228080968
4.610666666666667 68.00383134703453
4.621333333333333 65.33439195849921
4.632 62.85269062163762
4.642666666666667 62.043258667218176
4.653333333333333 61.81807629220817
4.664 62.29895689058694
4.674666666666667 63.90333516988087
4.685333333333333 66.69387898180902
4.696 69.29519461886578
4.706666666666667 71.54971027184145
4.717333333333333 73.32397887636374
4.728 73.97063618412632
4.738666666666667 73.31202584105482
4.749333333333333 71.96434640365999
4.76 71.12307553210505
4.770666666666667 70.72814977123299
4.781333333333333 70.5462998023265
4.792 70.75227094437062
4.802666666666667 71.42092464187807
4.8133333333333335 71.24571560264462
4.824 69.58286659840367
4.834666666666667 68.17755731998939
4.8453333333333335 69.32110462545731
4.856 69.93416726142047
4.866666666666667 69.00394469374525
4.8773333333333335 67.5695871987544
4.888 67.10398704812634
4.898666666666667 68.01242114195206
4.9093333333333335 69.58202717177089
4.92 71.13641275713526
4.930666666666666 72.49248036349307
4.941333333333334 73.3718902351862
4.952 73.15667114471356
4.962666666666666 72.18127749793418
4.973333333333334 72.08221325546192
4.984 72.55974955072284
4.994666666666666 73.09943918759127
5.005333333333334 73.55391843292794
5.016 73.78960918762745
5.026666666666666 73.78823222980073
5.037333333333334 73.2586684143115
5.048 71.55473211144147
5.058666666666666 68.94746731194866
5.069333333333334 68.59440756923777
5.08 70.20833192668442
5.0906666666666665 71.31418118368089
5.101333333333334 71.71217103666878
5.112 71.86440360484893
5.1226666666666665 72.14885791064299
5.133333333333334 72.57033120919378
5.144 73.2505129085008
5.1546666666666665 73.69388688907725
5.165333333333334 72.9957418381635
5.176 70.59309733503143
5.1866666666666665 67.25480909618783
5.197333333333334 64.96623043825377
5.208 64.24208248191304
5.218666666666667 64.09854677023516
5.229333333333334 63.11895671649719
5.24 60.85929420013863
5.250666666666667 58.40054915644356
5.261333333333334 57.78342294046542
5.272 57.51714042055157
5.282666666666667 55.74374490612947
5.293333333333334 54.40073923207138
5.304 59.45757750771975
5.314666666666667 65.30197533707762
5.325333333333333 68.53996922461586
5.336 69.81839842970115
5.346666666666667 70.92527398088878
5.357333333333333 71.65786274078461
5.368 71.1411145518076
5.378666666666667 70.65382014213041
5.389333333333333 70.85036459537889
5.4 70.84112735019639
5.410666666666667 70.93044604392009
5.421333333333333 71.15781004920477
5.432 71.17958052032883
5.442666666666667 70.83591935789778
5.453333333333333 70.35242337475489
5.464 69.6729877843987
5.474666666666667 68.20779449378337
5.485333333333333 67.28420792691237
5.496 67.79788764339057
5.506666666666667 69.26847766999062
5.517333333333333 71.34627285022258
5.5280000000000005 73.21449571974732
5.538666666666667 74.34416434677036
5.549333333333333 74.39158657989859
5.5600000000000005 73.14918058762652
5.570666666666667 70.99664746614833
5.581333333333333 68.6575921344903
5.5920000000000005 66.41922213868787
5.602666666666667 65.1743404038568
5.613333333333333 65.7594017050221
5.6240000000000006 68.03563573418833
5.634666666666667 70.40128310756745
5.645333333333333 71.49708843889256
5.656000000000001 71.13362701091927
5.666666666666667 69.30506712324986
5.677333333333333 66.16427762919122
5.688000000000001 64.02977928541405
5.698666666666667 63.53971222049637
5.709333333333333 62.591049920126416
5.72 60.81407432703414
5.730666666666667 59.01931087433433
5.741333333333333 57.78265516140779
5.752 56.79779404877263
5.762666666666667 56.297969928479326
5.773333333333333 55.868908840082064
5.784 55.56923022471318
5.794666666666667 55.57147872901246
5.8053333333333335 55.50499708188337
5.816 54.961929553364264
5.826666666666667 54.11399391896822
5.8373333333333335 53.3807004660615
5.848 52.9392167229851
5.858666666666667 52.86661138316754
5.8693333333333335 52.95302041614824
5.88 53.403574778724305
5.890666666666667 53.786813964724246
5.9013333333333335 53.71128265575538
5.912 53.40750255387996
5.922666666666667 52.92651023746674
5.933333333333334 52.60403964539216
5.944 51.96271581484663
5.954666666666667 50.95675650208954
5.965333333333334 49.81962869008136
5.976 48.40088238654034
5.986666666666667 47.510906316544435
5.997333333333334 49.46326899191054
6.008 53.833898851637514
6.018666666666667 58.638999124230004
6.029333333333334 62.194429743038064
6.04 63.34131853714271
6.050666666666667 65.72674123876467
6.061333333333334 71.22080526011213
6.072 74.51770927744283
6.082666666666667 74.16366809607938
6.093333333333334 71.12286206333351
6.104 70.00867022638107
6.1146666666666665 71.8395262585463
6.125333333333334 72.07548183353575
6.136 69.13690092408916
6.1466666666666665 63.950143364846184
6.157333333333334 61.98340037128804
6.168 63.85769696426058
6.1786666666666665 64.70502489857007
6.189333333333334 63.287093176608735
6.2 60.86831056463662
6.210666666666667 59.7367385386001
6.221333333333334 58.33399968065065
6.232 56.871723363616404
6.242666666666667 57.69288664908146
6.253333333333334 59.578187402588284
6.264 61.31227899792539
6.274666666666667 62.38869004939761
6.285333333333334 62.9750461377839
6.296 63.422644020121446
6.306666666666667 63.64019520617265
6.317333333333334 63.07942082432053
6.328 60.71595586546167
6.338666666666667 56.99130142536419
6.349333333333334 55.0305502687888
6.36 54.850181309570274
6.370666666666667 54.52472664258256
6.381333333333334 54.195301716251414
6.392 54.49923216972624
6.402666666666667 56.22538693504858
6.413333333333334 57.57650093716801
6.424 58.757103241987394
6.434666666666667 60.08008107178166
6.445333333333334 58.69711707282341
6.456 54.940892225409954
6.466666666666667 51.50202117470968
6.477333333333334 49.446084012178204
6.488 48.720226909214645
6.498666666666667 47.61194562492443
6.509333333333333 45.549938727604086
6.5200000000000005 44.571163858802635
6.530666666666667 44.37704803289084
6.541333333333333 43.63287618579949
6.5520000000000005 42.456759831295415
6.562666666666667 41.26739650600017
6.573333333333333 40.769110822550104
6.5840000000000005 43.84125194350623
6.594666666666667 51.360963381550775
6.605333333333333 57.26197643437655
6.6160000000000005 60.01619309433414
6.626666666666667 61.41764956185508
6.637333333333333 62.79150016446292
6.648000000000001 63.221626037374456
6.658666666666667 63.11282892178242
6.669333333333333 63.84578147446746
6.680000000000001 64.24338850566616
6.690666666666667 63.987698848643184
6.701333333333333 63.85079688759028
6.712000000000001 63.20432264481741
6.722666666666667 63.03756225109302
6.733333333333333 63.57688645303969
6.744000000000001 64.24974758010012
6.754666666666667 65.1937394455026
6.765333333333333 65.40653602525104
6.776000000000001 66.31129949811492
6.786666666666667 67.94322851032938
6.7973333333333334 68.19270476145824
6.808000000000001 66.6429777858219
6.818666666666667 63.34340706144032
6.8293333333333335 58.907217899779276
6.840000000000001 55.928200783184806
6.850666666666667 53.6949715487584
6.8613333333333335 51.77239963247792
6.872000000000001 50.378972932732644
6.882666666666667 48.61893426285418
6.8933333333333335 46.28745826643921
6.904 44.512564087573196
6.914666666666667 43.88677527081863
6.925333333333334 43.45921872821719
6.936 42.371046811053475
6.946666666666667 40.974548858303535
6.957333333333334 41.23428409000451
6.968 40.56602132764905
6.978666666666667 38.73446386114858
6.989333333333334 37.0452742522678
7 35.011975687848185
7.010666666666667 32.986549326539894
7.021333333333334 32.04163878487364
7.032 32.08901245348227
7.042666666666667 32.298757058012335
7.053333333333334 32.23104052719657
7.064 32.10212123343106
7.074666666666667 31.841453078153453
7.085333333333334 32.44085176666312
7.096 33.127656359230464
7.106666666666667 32.26238988010983
7.117333333333334 31.07682375765163
7.128 29.571465996504557
7.138666666666667 27.761241235904265
7.149333333333334 28.478752717833796
7.16 30.17998884746904
7.170666666666667 30.515364814173825
7.181333333333334 30.417818718938165
7.192 31.444588770734526
7.202666666666667 32.45186118108915
7.213333333333334 31.73052819070314
7.224 29.06303049592288
7.2346666666666675 26.53533230169903
7.245333333333334 27.131834821554072
7.256 27.573358357291795
7.266666666666667 26.749237412247574
7.277333333333334 25.536924308138303
7.288 25.19252215154532
7.298666666666667 24.365106319792847
7.309333333333334 23.017273302518294
7.32 24.4088029758659
7.330666666666667 26.276847409101265
7.341333333333334 27.081057268335776
7.352 27.564828845713706
7.362666666666667 26.92259970028769
7.373333333333334 25.77344885416199
7.384 25.09164655455254
7.394666666666667 23.7656078811863
7.405333333333334 23.906136788392352
7.416 23.738462884333327
7.426666666666667 22.157937541027373
7.437333333333334 20.86184305488054
7.448 21.37579732497563
7.458666666666667 23.87656674711762
7.469333333333334 27.681426529973624
7.48 31.80086326166699
7.490666666666667 41.00829329198692
7.501333333333334 52.35380662640082
7.5120000000000005 61.634153907131555
7.522666666666667 67.14622932508058
7.533333333333334 69.99013470432988
7.5440000000000005 71.90059164633165
7.554666666666667 73.06298824584015
7.565333333333334 73.34543833999118
7.5760000000000005 73.47258781351643
7.586666666666667 73.63845664942241
7.597333333333334 72.74327316432444
7.6080000000000005 70.1558341200423
7.618666666666667 66.41127481937328
7.629333333333334 63.014108801629746
7.640000000000001 63.96989702868161
7.650666666666667 68.08608465175921
7.661333333333333 70.85411182919285
7.672000000000001 71.82828791461758
7.682666666666667 71.69351269562446
7.693333333333333 70.89973077010156
7.704000000000001 70.96794718015609
7.714666666666667 71.6970802196055
7.725333333333333 70.99345966809975
7.736000000000001 68.5130851712209
7.746666666666667 65.21525704043184
7.757333333333333 62.93363553424381
7.768000000000001 63.24205070153394
7.778666666666667 66.66590836431807
7.789333333333333 69.93031098843342
7.800000000000001 70.70997770715498
7.810666666666667 69.60522800386833
7.8213333333333335 70.16592894510032
7.832000000000001 72.13991667200244
7.842666666666667 73.71977129224211
7.8533333333333335 75.67892744993623
7.864000000000001 77.18141178131285
7.874666666666667 77.56369056423145
7.8853333333333335 77.34648454208718
7.896000000000001 77.69289239921645
7.906666666666667 78.30043358039737
7.917333333333334 78.52074445374954
7.928000000000001 78.45069868200494
7.938666666666667 77.88573213464656
7.949333333333334 77.66916696100759
7.960000000000001 78.11808124259
7.970666666666667 78.63582779572002
7.981333333333334 78.56037432227062
7.992000000000001 78.05133755048115
8.002666666666666 77.81247233733109
8.013333333333334 78.12179249996768
8.024000000000001 78.38882257562472
8.034666666666666 77.835069140034
8.045333333333334 76.40561762679512
8.056 75.37622607678775
8.066666666666666 75.16892782154788
8.077333333333334 74.56992963796233
8.088 73.12143841471506
8.098666666666666 71.30273908083356
8.109333333333334 70.52378086619495
8.12 70.57913900281963
8.130666666666666 69.71773287525983
8.141333333333334 68.15541165665998
8.152 66.82710263359506
8.162666666666667 67.7254627869196
8.173333333333334 69.88192380546623
8.184 70.11484418871609
8.194666666666667 69.46313912029518
8.205333333333334 69.57467631614524
8.216 70.25288146870417
8.226666666666667 71.29483687069038
8.237333333333332 72.10567554111007
8.248 71.3520932127036
8.258666666666667 69.00495266585632
8.269333333333332 70.77831698086979
8.28 74.70042467400839
8.290666666666667 76.48979439654579
8.301333333333332 76.57199713156609
8.312 75.87675648040741
8.322666666666667 75.54007894814322
8.333333333333332 76.0796076002559
8.344 77.18675574187196
8.354666666666667 77.98968838479018
8.365333333333332 77.64409465260991
8.376 76.25422536608725
8.386666666666667 75.20097070105666
8.397333333333332 75.29907202376899
8.408 75.54654097227201
8.418666666666667 75.41133758740712
8.429333333333332 75.16088127085513
8.44 74.60287059288737
8.450666666666667 73.59172401008509
8.461333333333332 72.49406842268452
8.472 71.63621587911453
8.482666666666667 71.1833866325952
8.493333333333332 71.21546497797236
8.504 70.79054779055082
8.514666666666667 69.6198974857167
8.525333333333332 69.31368515051184
8.536 69.5760290092361
8.546666666666667 68.81510059161553
8.557333333333332 67.20643230409642
8.568 66.28619448173195
8.578666666666667 68.99510254308996
8.589333333333332 73.2774571516955
8.6 76.01887734979998
8.610666666666667 77.2292780132315
8.621333333333332 78.3782083131457
8.632 79.64484539906283
8.642666666666667 79.52455703375074
8.653333333333332 77.9373889882186
8.664 77.07488790929636
8.674666666666667 77.15851016123479
8.685333333333332 76.69111363559362
8.696 75.9602495914215
8.706666666666667 76.07369279614326
8.717333333333332 75.7950868163807
8.728 74.74465346004438
8.738666666666667 73.71444687161217
8.749333333333333 72.17385931838878
8.76 70.25760369512145
8.770666666666667 70.44104797885906
8.781333333333333 71.98098106793923
8.792 72.42908496588088
8.802666666666667 71.83207188696332
8.813333333333333 73.0422062528729
8.824 75.20911255196054
8.834666666666667 76.44221515921441
8.845333333333333 77.25182790212361
8.856 78.3282622989943
8.866666666666667 78.93435302719092
8.877333333333333 78.41993044804843
8.888 77.40982448056259
8.898666666666667 76.94084702381764
8.909333333333333 76.59469395116739
8.92 76.48556052794632
8.930666666666667 76.70400553089975
8.941333333333333 76.83697490951953
8.952 76.96835151414408
8.962666666666667 76.89930448510425
8.973333333333333 76.35435477897771
8.984 75.51714470958915
8.994666666666667 74.40244105911238
9.005333333333333 72.30804417200487
9.016 69.01038803721502
9.026666666666666 65.73109688945566
9.037333333333333 63.47166492952827
9.048 61.17676727334293
9.058666666666666 59.42169885410047
9.069333333333333 58.584131746176
9.08 57.288350561656
9.090666666666666 55.59417260209473
9.101333333333333 54.88874722004742
9.112 55.03468635908526
9.122666666666666 54.92451397645922
9.133333333333333 54.018869101937796
9.144 52.5654391829509
9.154666666666666 51.17381986538717
9.165333333333333 50.57370778627799
9.176 51.18749724394605
9.186666666666666 51.60255924147356
9.197333333333333 51.30090255945282
9.208 50.763635585539575
9.218666666666666 50.34363346092795
9.229333333333333 50.13282482102269
9.24 49.94783828272338
9.250666666666666 49.259561153956255
9.261333333333333 47.588512181126745
9.272 45.12803701643506
9.282666666666666 43.241591834928826
9.293333333333333 42.342875778052274
9.304 41.678518386709655
9.314666666666666 41.284946116836934
9.325333333333333 40.84877677345767
9.336 40.10373423118728
9.346666666666666 47.26442039142575
9.357333333333333 55.9290536024054
9.368 60.78592701079682
9.378666666666666 63.32386343464188
9.389333333333333 65.26573564272502
9.4 66.84521597158437
9.410666666666666 68.00587972275389
9.421333333333333 69.11765128160577
9.432 69.27990708535458
9.442666666666666 69.94534940724878
9.453333333333333 74.17460608684019
9.464 77.50862622492303
9.474666666666666 79.1550577493359
9.485333333333333 79.77228642898818
9.496 79.20695529222026
9.506666666666666 77.05392322268085
9.517333333333333 73.2413076347096
9.528 68.83544643585542
9.538666666666666 70.20388848626921
9.549333333333333 76.16675339747101
9.56 79.73435062449278
9.570666666666666 80.09197763798224
9.581333333333333 78.23106224249925
9.592 75.92858178529806
9.602666666666666 73.75252231585657
9.613333333333333 71.25163969089135
9.624 67.89285269335315
9.634666666666666 68.58189013480272
9.645333333333333 73.98704026761197
9.656 77.40371060841012
9.666666666666666 79.49252978976003
9.677333333333333 80.40770617757916
9.688 79.70530900018767
9.698666666666666 78.63479563160561
9.709333333333333 78.60951039301332
9.72 79.2266933263009
9.730666666666666 79.72112172428857
9.741333333333333 79.6393744325864
9.752 78.68395808632472
9.762666666666666 77.52820939931905
9.773333333333333 76.7428222419987
9.784 76.40629097899175
9.794666666666666 76.88321346182083
9.805333333333333 77.11954428316334
9.815999999999999 76.02533792109153
9.826666666666666 73.84894183075973
9.837333333333333 71.60656662665359
9.847999999999999 70.2937796883384
9.858666666666666 69.00278565051804
9.869333333333334 66.68071437896285
9.879999999999999 63.89236347070323
9.890666666666666 62.63306288262829
9.901333333333334 62.129437848620995
9.911999999999999 61.05124140818078
9.922666666666666 59.99857732907735
9.933333333333334 65.61409592949217
9.943999999999999 72.934593209944
9.954666666666666 76.48775142229775
9.965333333333334 77.3743331923038
9.975999999999999 77.04138475523126
9.986666666666666 76.0707663366167
9.997333333333334 74.13250269953808
10.008 70.40105115287729
10.018666666666666 66.89032244873273
10.029333333333334 66.72081788856441
10.04 67.61176976954948
10.050666666666666 67.87382825969924
10.061333333333334 66.99744096335097
10.072 65.55604126060969
10.082666666666666 63.480288121424906
10.093333333333334 61.34939147308904
10.104 62.54099875343013
10.114666666666666 66.66160482372709
10.125333333333334 70.70862179935808
10.136 72.90708627023956
10.146666666666667 73.88768828088124
10.157333333333334 74.11361143628069
10.168 73.94282679347108
10.178666666666667 73.60341528414536
10.189333333333334 73.33407742329788
10.2 73.26346300570181
10.210666666666667 72.90972332178866
10.221333333333334 72.43848014859128
10.232 71.8747325252812
10.242666666666667 71.31093365331095
10.253333333333334 70.94652308786735
10.264 70.56308201460911
10.274666666666667 69.95939761076477
10.285333333333334 69.20216566484302
10.296 69.62781818648719
10.306666666666667 71.99959279285312
10.317333333333334 73.98001593058966
10.328 75.76138976228842
10.338666666666667 78.4730102800111
10.349333333333334 80.94964667365069
10.36 82.07993120125934
10.370666666666667 81.63124270321902
10.381333333333334 80.51888026418757
10.392 80.26928705719627
10.402666666666667 80.30392404978996
10.413333333333334 80.40680524748211
10.424 80.62805918559934
10.434666666666667 80.0503674119753
10.445333333333334 79.35463439988831
10.456 79.92915771614503
10.466666666666667 80.55897905496003
10.477333333333334 79.70556846869597
10.488 77.03992873848046
10.498666666666667 73.95484216130617
10.509333333333334 71.58608307094153
10.52 69.54150692194234
10.530666666666667 67.52296184915242
10.541333333333334 66.34058356337069
10.552 66.71643831487908
10.562666666666667 66.2241779772741
10.573333333333334 63.879214468005955
10.584 61.137629760305636
10.594666666666667 60.11259865212295
10.605333333333332 59.96637926481037
10.616 59.182574097996095
10.626666666666667 57.97063766218952
10.637333333333332 57.415882999697715
10.648 57.38299675582459
10.658666666666667 57.22008087912955
10.669333333333332 56.779511166997764
10.68 56.200643029319636
10.690666666666667 56.096748915568114
10.701333333333332 61.08576948886193
10.712 67.55603275334593
10.722666666666667 71.02552994361925
10.733333333333333 71.73952142945258
10.744 70.82772721306223
10.754666666666667 69.53255342751733
10.765333333333333 68.25327287121256
10.776 67.28309146928937
10.786666666666667 68.6354072708682
10.797333333333333 71.00978226820513
10.808 72.19560632155124
10.818666666666667 72.28283400908927
10.829333333333333 72.60200410103909
10.84 73.3144441995144
10.850666666666667 73.84579015865259
10.861333333333333 74.22901891102632
10.872 74.44960510022062
10.882666666666667 74.08403597561079
10.893333333333333 73.60068221275604
10.904 75.84103848733184
10.914666666666667 79.04805652523291
10.925333333333333 80.1668995609487
10.936 79.30972482073115
10.946666666666667 77.39966866508145
10.957333333333333 75.69050078564734
10.968 75.29108399302754
10.978666666666667 76.05613062877416
10.989333333333333 76.95248706068222
11 77.33117497791866
11.010666666666667 76.86994564758456
11.021333333333333 76.69153036502463
11.032 77.38131177480165
11.042666666666667 77.69619717619021
11.053333333333333 77.34618724891058
11.064 75.82606886314852
11.074666666666667 73.07624502457395
11.085333333333333 70.41279748406923
11.096 68.95522616017476
11.106666666666667 69.00823646722338
11.117333333333333 70.64658385087908
11.128 71.70651778251363
11.138666666666667 70.71662172376789
11.149333333333333 68.02160407727212
11.16 66.13633740752968
11.170666666666667 66.41726211591649
11.181333333333333 66.5822869620233
11.192 66.12653406690099
11.202666666666667 66.8843521345621
11.213333333333333 69.30416299823725
11.224 71.54584926223251
11.234666666666667 74.17726280781052
11.245333333333333 76.45307669261614
11.256 77.07231436633492
11.266666666666667 75.88193446974593
11.277333333333333 73.83339609548862
11.288 74.39876675746511
11.298666666666668 76.22901830286068
11.309333333333333 77.03372822750627
11.32 77.66412848517338
11.330666666666668 78.3773761054987
11.341333333333333 78.83190714013465
11.352 79.01062240473547
11.362666666666666 78.467464656335
11.373333333333333 76.81361325883009
11.384 74.3559210055248
11.394666666666666 72.25935604126916
11.405333333333333 71.05680909452212
11.416 70.14364873668242
11.426666666666666 69.74572568087544
11.437333333333333 69.81589812400351
11.448 69.75084754743729
11.458666666666666 69.97171150276391
11.469333333333333 69.76096731375988
11.48 68.10266050920588
11.490666666666666 64.97936953893637
11.501333333333333 61.087252129959744
11.512 58.480902848471
11.522666666666666 57.397430236762865
11.533333333333333 57.96183794831592
11.544 62.107174066951394
11.554666666666666 66.98845813837093
11.565333333333333 69.96772510332212
11.576 70.07066760487493
11.586666666666666 67.90302759252756
11.597333333333333 66.16251304429403
11.608 66.84997826496227
11.618666666666666 67.57322302253138
11.629333333333333 66.51943402233229
11.64 64.11657050912731
11.650666666666666 62.43952234691609
11.661333333333333 61.00504436517991
11.672 58.24570600378256
11.682666666666666 54.65980425355339
11.693333333333333 52.10863535076235
11.704 53.70671317539869
11.714666666666666 59.68471817183121
11.725333333333333 64.00533751334108
11.736 66.19616163311035
11.746666666666666 66.35922410028932
11.757333333333333 64.41682038200645
11.768 61.240981878368345
11.778666666666666 59.000071566034926
11.789333333333333 58.6838530885149
11.8 58.5032834915184
11.810666666666666 57.30643933496195
11.821333333333333 56.02116479443527
11.832 54.11399222914524
11.842666666666666 51.54841000102725
11.853333333333333 50.411880335923826
11.864 50.11454210281097
11.874666666666666 49.781589958322186
11.885333333333334 50.259792650656166
11.896 50.972887234241426
11.906666666666666 51.242717866208665
11.917333333333334 51.40587425112035
11.928 51.335715277179546
11.938666666666666 51.28308702320346
11.949333333333334 50.79163455899047
11.96 51.78189256533892
11.970666666666666 61.58313474284776
11.981333333333334 69.65406294818331
11.992 74.20831669117247
12.002666666666666 76.02825013381944
12.013333333333334 76.70666505792187
12.024000000000001 78.61356058813696
12.034666666666666 80.6613261941714
12.045333333333334 81.2983388427107
12.056000000000001 80.45774941371194
12.066666666666666 78.93447409756942
12.077333333333334 78.07142953097565
12.088000000000001 78.43153096242713
12.098666666666666 78.48957788234546
12.109333333333334 77.97885699552765
12.120000000000001 77.6366902426123
12.130666666666666 77.9259255711489
12.141333333333334 77.70938352329296
12.152 77.3485105915253
12.162666666666667 78.03184990168768
12.173333333333334 78.50680090888441
12.184 77.98263302518552
12.194666666666667 76.90511760093601
12.205333333333334 76.33223203615997
12.216 76.1245474847953
12.226666666666667 75.6621796666783
12.237333333333334 75.24543906443826
12.248 74.99052043381491
12.258666666666667 74.02963668589996
12.269333333333334 72.99261773244932
12.28 72.54401792633553
12.290666666666667 71.15849668864443
12.301333333333334 68.96667425453327
12.312 67.81813870563424
12.322666666666667 67.4762616393277
12.333333333333334 66.85395301500037
12.344 66.67775028815859
12.354666666666667 66.52956554941315
12.365333333333334 65.00878165654078
12.376 63.0225471161169
12.386666666666667 62.95607391898723
12.397333333333334 63.78620130076692
12.408 64.82053948372375
12.418666666666667 65.38487955671513
12.429333333333334 65.12822042597168
12.44 64.60102185014566
12.450666666666667 67.51747759577482
12.461333333333334 72.900668320882
12.472 75.53506500938252
12.482666666666667 74.69945207030942
12.493333333333334 71.71274993096414
12.504 69.71532483213717
12.514666666666667 69.08590321170533
12.525333333333334 69.05037113850015
12.536 69.13560023422943
12.546666666666667 68.69921461899764
12.557333333333334 68.01288403103095
12.568 68.36804593521735
12.578666666666667 69.33496145149076
12.589333333333334 69.5199837925205
12.6 69.14869880398837
12.610666666666667 68.87769189089894
12.621333333333334 68.55042848820719
12.632 68.56377655694467
12.642666666666667 68.49914883998407
12.653333333333334 67.52091632212591
12.664 65.898346903008
12.674666666666667 64.06987247623556
12.685333333333334 63.24022515790736
12.696 63.49199984166983
12.706666666666667 63.714210689574564
12.717333333333334 64.81655132958585
12.728 65.89489154826768
12.738666666666667 66.46542807733354
12.749333333333334 67.03950585298588
12.76 67.43881217440007
12.770666666666667 66.6779556691951
12.781333333333334 64.57168632371665
12.792 62.90927277071055
12.802666666666667 64.21931674333236
12.813333333333334 64.02819877428512
12.824 61.01438872972514
12.834666666666667 57.42367622681746
12.845333333333334 55.25562585053092
12.856 62.013525300750004
12.866666666666667 70.63324532847813
12.877333333333334 74.74186246437806
12.888 74.55318104998267
12.898666666666667 70.67710506919185
12.909333333333334 65.0571237725915
12.92 61.700541051566375
12.930666666666667 59.296084084883596
12.941333333333333 57.54167876004872
12.952 58.30409429344253
12.962666666666667 58.51706293446299
12.973333333333333 57.364582475578906
12.984 57.747901628036765
12.994666666666667 59.66873383841549
13.005333333333333 61.20427237864986
13.016 62.75867935995891
13.026666666666667 63.80661498868545
13.037333333333333 64.2499833903554
13.048 65.1279568402171
13.058666666666667 65.74932535112882
13.069333333333333 64.78983424064529
13.08 61.810081107628676
13.090666666666667 58.38019205222865
13.101333333333333 56.91498131548103
13.112 57.116053177740426
13.122666666666667 59.47683591537373
13.133333333333333 62.855700211301354
13.144 64.80323677241243
13.154666666666667 64.83793609395588
13.165333333333333 63.92653403166176
13.176 63.705712136072435
13.186666666666667 64.51836114278188
13.197333333333333 65.42672571758865
13.208 66.04113002456869
13.218666666666667 66.07711599495963
13.229333333333333 65.41987428230078
13.24 63.90288851377521
13.250666666666667 61.89488781582923
13.261333333333333 60.30124427289973
13.272 59.67428159718621
13.282666666666668 59.28555711520662
13.293333333333333 58.41305677770231
13.304 56.81224631667048
13.314666666666668 54.464285977490746
13.325333333333333 52.45755239059054
13.336 54.50024559047988
13.346666666666668 62.64462506817506
13.357333333333333 68.41210090164405
13.368 71.25632528252613
13.378666666666668 72.47231819918555
13.389333333333333 73.41300074091482
13.4 74.47690690451742
13.410666666666668 74.87392669266276
13.421333333333333 73.7674128726893
13.432 70.79338128118793
13.442666666666668 66.81222659767437
13.453333333333333 65.38447440090576
13.464 69.0679109729359
13.474666666666668 72.81059766910934
13.485333333333333 73.97457335306731
13.496 72.79379805255519
13.506666666666668 70.95045169176694
13.517333333333333 69.9842140620232
13.528 70.123321097943
13.538666666666668 70.09263100362233
13.549333333333333 68.9367252100063
13.56 66.44000047302015
13.570666666666668 63.77338079455718
13.581333333333333 63.44165084184621
13.592 63.796163888999374
13.602666666666668 62.79921009625703
13.613333333333333 63.37465899546484
13.624 66.13072171919785
13.634666666666668 68.2943842250501
13.645333333333333 69.34740177571142
13.656 70.14852087877152
13.666666666666668 71.08629211411726
13.677333333333333 71.81840414536141
13.688 72.16722133296952
13.698666666666668 71.83886568929593
13.709333333333333 70.9392355730186
13.72 70.03399441047078
13.730666666666666 69.21954877967359
13.741333333333333 68.42427503323451
13.752 67.68875431673956
13.762666666666666 67.00609799604642
13.773333333333333 66.35059195752692
13.784 65.59093503085533
13.794666666666666 64.59348718596162
13.805333333333333 63.73363355061294
13.816 64.2697137913406
13.826666666666666 66.12698717471184
13.837333333333333 67.04133070336621
13.848 66.43125201365756
13.858666666666666 65.22691155750302
13.869333333333334 64.0193580661362
13.88 62.52675209784144
13.890666666666666 60.88330779707256
13.901333333333334 60.47171952507949
13.912 62.2518816032662
13.922666666666666 66.21138308186178
13.933333333333334 69.81612785856589
13.944 71.31425827547001
13.954666666666666 70.74653399709301
13.965333333333334 69.8092788053441
13.976 69.56038036004809
13.986666666666666 69.24012601748512
13.997333333333334 69.27697221017841
14.008000000000001 70.56400999839522
14.018666666666666 71.78658402985606
14.029333333333334 71.32262914454353
14.040000000000001 68.76830453698923
14.050666666666666 66.46097396852755
14.061333333333334 67.1025939273754
14.072000000000001 68.77439708872497
14.082666666666666 69.44673698601187
14.093333333333334 68.4293841698623
14.104000000000001 67.08306988526428
14.114666666666666 67.90204718214233
14.125333333333334 68.65085710820132
14.136000000000001 68.13926109994979
14.146666666666667 67.7795824775886
14.157333333333334 68.15564080996246
14.168000000000001 68.98040803058049
14.178666666666667 70.03890946712262
14.189333333333334 69.69741173815783
14.200000000000001 68.35893629011767
14.210666666666667 68.14952646423237
14.221333333333334 69.24258335276791
14.232000000000001 70.55085340458817
14.242666666666667 71.647821394733
14.253333333333334 72.19826786231543
14.264000000000001 71.69360376697517
14.274666666666667 71.30527562548815
14.285333333333334 71.26026795210366
14.296000000000001 70.55101545452072
14.306666666666667 69.1634429855942
14.317333333333334 67.96367808491692
14.328000000000001 68.48995551594629
14.338666666666667 69.62225182042219
14.349333333333334 71.3470472974087
14.360000000000001 72.75696950359466
14.370666666666667 73.39184691823051
14.381333333333334 72.91775676763038
14.392000000000001 71.56715941541019
14.402666666666667 71.91018565305872
14.413333333333334 74.13281830413584
14.424000000000001 75.68040490093642
14.434666666666667 75.33929186157249
14.445333333333334 73.08755729719493
14.456000000000001 70.5140980880001
14.466666666666667 69.25246341541343
14.477333333333334 68.85456088081355
14.488 68.12996166803588
14.498666666666667 66.68772428348167
14.509333333333334 64.92298852259562
14.52 63.147670482686735
14.530666666666667 62.015223956403375
14.541333333333334 61.11126439293911
14.552 59.062947596376404
14.562666666666667 56.84789952620234
14.573333333333334 56.404025132671336
14.584 55.871080293581066
14.594666666666667 54.808437322226304
14.605333333333334 53.96012598661622
14.616 53.88586753868054
14.626666666666667 55.58926100875175
14.637333333333334 58.050564550003976
14.648 58.88255874103252
14.658666666666667 59.37306641954621
14.669333333333334 62.59974411946445
14.68 65.63707480327919
14.690666666666667 66.80364644225503
14.701333333333334 66.20216981413195
14.712 64.1357307282263
14.722666666666667 61.95858320977878
14.733333333333334 61.85520506843047
14.744 62.05349681714428
14.754666666666667 60.131382283421566
14.765333333333334 56.567803036543864
14.776 57.07096233359036
14.786666666666667 59.16409110820227
14.797333333333334 59.19082902091708
14.808 58.42946976211486
14.818666666666667 57.192085599751124
14.829333333333334 56.5819761251839
14.84 56.687602784411084
14.850666666666667 56.29122755812605
14.861333333333334 57.58252146432642
14.872 59.93730703097604
14.882666666666667 61.13635913448625
14.893333333333334 61.62201208139714
14.904 61.858765111584404
14.914666666666667 60.65683214774319
14.925333333333334 59.573414108577595
14.936 61.58807674367154
14.946666666666667 63.86742856406435
14.957333333333334 65.47420341170428
14.968 66.84671314842232
14.978666666666667 68.06130423017702
14.989333333333335 69.06985644667583
15 69.77141679098008
15.010666666666667 69.67198033015107
15.021333333333335 68.22622865200385
15.032 66.5547409020514
15.042666666666667 65.38130503742
15.053333333333335 64.60470599555669
15.064 63.60396255138882
15.074666666666667 62.085504581885694
15.085333333333335 60.70859222575545
15.096 58.4342904296361
15.106666666666667 55.463389078092646
15.117333333333335 52.642018731070664
15.128 50.17538203296596
15.138666666666667 48.909307037133104
15.149333333333335 47.999164924240205
15.16 46.77872654847528
15.170666666666667 45.90554260199154
15.181333333333335 45.76281285979367
15.192 45.59057712414993
15.202666666666667 45.34091392505215
15.213333333333335 45.569035610121695
15.224 46.89013518865043
15.234666666666667 48.083771975420035
15.245333333333335 48.57552232403958
15.256 48.90308851053046
15.266666666666667 49.048315722927995
15.277333333333333 48.41508271705735
15.288 47.35575827537653
15.298666666666668 46.58034604111495
15.309333333333333 45.38302559715545
15.32 43.09178263394162
15.330666666666668 40.516331682147296
15.341333333333333 38.86387178512956
15.352 38.77413192942417
15.362666666666668 39.99770879140899
15.373333333333333 43.9908498705643
15.384 52.75338814234625
15.394666666666668 59.531576378914714
15.405333333333333 62.908691243646274
15.416 63.56461008381806
15.426666666666668 62.67076602642525
15.437333333333333 60.748468556114716
15.448 57.48441552384156
15.458666666666668 53.97717856886821
15.469333333333333 53.80543707667826
15.48 55.11743216213833
15.490666666666668 55.14492256640513
15.501333333333333 53.36654865812656
15.512 50.11603518511543
15.522666666666668 49.67206073281613
15.533333333333333 58.22696016765818
15.544 66.19269777518107
15.554666666666668 70.50187684963318
15.565333333333333 71.39429117688007
15.576 69.76409271584606
15.586666666666668 66.8402113578634
15.597333333333333 63.397574002506055
15.608 63.242946316115656
15.618666666666668 66.11587655308463
15.629333333333333 67.78380133456166
15.64 68.61526656731313
15.650666666666668 68.79233194281217
15.661333333333333 67.3958046656453
15.672 65.52917315423755
15.682666666666668 64.11668063572716
15.693333333333333 63.343552563496324
15.704 63.95970087685708
15.714666666666668 65.46520614679685
15.725333333333333 66.29768993870005
15.736 66.31458065329177
15.746666666666668 65.72253998765174
15.757333333333333 63.953506231660704
15.768 61.0777723280638
15.778666666666668 58.4187825981208
15.789333333333333 56.573667436417736
15.8 54.92650543975301
15.810666666666668 52.90365979664149
15.821333333333333 50.894991549230355
15.832 51.068183989776834
15.842666666666668 53.64418272178711
15.853333333333333 55.78755324617336
15.864 56.57133952363279
15.874666666666668 56.76424944037361
15.885333333333334 58.78364599035801
15.896 60.64999049472451
15.906666666666668 61.8277373648547
15.917333333333334 63.341611389733245
15.928 63.95113127569235
15.938666666666668 61.74958333154989
15.949333333333334 58.0699148361585
15.96 56.92657328745508
15.970666666666668 58.45243117185327
15.981333333333334 57.68777581666814
15.992 54.06263201287451
16.00266666666667 52.884214999840474
16.013333333333335 54.177868531519316
16.024 54.545598672909236
16.03466666666667 53.55809414448265
16.045333333333335 51.930140785959715
16.056 51.0897438152065
16.066666666666666 50.419335454456224
16.077333333333335 50.15355342559285
16.088 49.56796999410851
16.098666666666666 47.78034971489785
16.109333333333336 45.773062737893184
16.12 44.900094256843694
16.130666666666666 45.56019294164483
16.141333333333336 46.21761988302001
16.152 45.27196924398324
16.162666666666667 43.37461803468812
16.173333333333336 41.81949510612953
16.184 39.96495345477055
16.194666666666667 36.96785402268639
16.205333333333336 33.772886213724064
16.216 33.78048259105184
16.226666666666667 34.761272102488896
16.237333333333336 33.730944665466794
16.248 32.84378226520101
16.258666666666667 33.38149990687231
16.269333333333336 32.85046116011094
16.28 31.931887815277598
16.290666666666667 32.33627456521846
16.301333333333336 33.28404749993958
16.312 33.39951211120837
16.322666666666667 32.16211029128104
16.333333333333336 31.66454068009166
16.344 31.39760165678171
16.354666666666667 30.010274876911325
16.365333333333336 28.972575185825825
16.376 29.173823448594312
16.386666666666667 29.594770106508314
16.397333333333336 29.21308430106459
16.408 26.767371057702427
16.418666666666667 23.726891072476914
16.429333333333332 20.954624183685556
16.44 18.48683670934647
16.450666666666667 16.506582139593892
16.461333333333332 16.727745435659493
16.472 18.747416132047764
16.482666666666667 19.440423854497084
16.493333333333332 18.172334965248783
16.504 17.69450813726158
16.514666666666667 18.085107770538894
16.525333333333332 17.441134762171096
16.536 17.257473832910023
16.546666666666667 17.531084459834048
16.557333333333332 16.94557081000365
16.568 15.805254641264595
16.578666666666667 14.812810456101325
16.589333333333332 14.18686668635678
16.6 13.264168856891118
16.610666666666667 12.631970609674678
16.621333333333332 12.369163063884221
16.632 11.804322260735082
16.642666666666667 11.33313018313042
16.653333333333332 10.938880654003215
16.664 10.99589637613536
16.674666666666667 11.192419645969435
16.685333333333332 11.26533431358215
16.696 10.817480269048467
16.706666666666667 10.461053529523067
16.717333333333332 10.795790917715793
16.728 10.577781696675375
16.738666666666667 9.736936484245879
16.749333333333333 9.388780825225462
16.76 9.410780660782097
16.770666666666667 9.659943477674425
16.781333333333333 10.093663189169709
16.792 10.140875327201051
16.802666666666667 10.462248022617969
16.813333333333333 10.324210069647513
16.824 9.950600208745826
16.834666666666667 10.338909609885903
16.845333333333333 10.12239165966787
16.856 9.631916113003138
16.866666666666667 9.766891490417898
16.877333333333333 9.946415964289208
16.888 9.954118435720043
16.898666666666667 9.721647221997898
16.909333333333333 9.745651107571486
16.92 9.980779268796404
16.930666666666667 10.117482836821722
16.941333333333333 10.458639878157449
16.952 10.141398050523565
16.962666666666667 9.226147026866228
16.973333333333333 9.184443163575516
16.984 9.632807861024196
16.994666666666667 9.967787221867363
17.005333333333333 10.141974413582375
17.016000000000002 10.070198263049194
17.026666666666667 9.674439900592477
17.037333333333333 9.529757681367313
17.048000000000002 9.665675365770397
17.058666666666667 9.734479826350324
17.069333333333333 10.061230030229513
17.080000000000002 10.545510441297186
17.090666666666667 10.351553184404558
17.101333333333333 9.776878881163224
17.112000000000002 9.28417097287417
17.122666666666667 8.958991882366654
17.133333333333333 8.689672241178348
17.144000000000002 8.972089963439085
17.154666666666667 9.74473788827807
17.165333333333333 10.136150985271959
17.176000000000002 10.67759006326508
17.186666666666667 11.15397864559938
17.197333333333333 10.750228373600322
17.208000000000002 9.77664188475953
17.218666666666667 9.500430298675342
17.229333333333333 9.891351579431927
17.240000000000002 10.600512075551169
17.250666666666667 11.058837251969598
17.261333333333333 10.793837787542646
17.272000000000002 10.36202003710944
17.282666666666668 10.108848784903481
17.293333333333333 9.765890897528019
17.304000000000002 9.840410955189093
17.314666666666668 10.217802332006386
17.325333333333333 9.820350506960377
17.336000000000002 9.56063317805255
17.346666666666668 9.91744505504515
17.357333333333333 10.122764790965528
17.368000000000002 10.26277845912697
17.378666666666668 10.544433262864539
17.389333333333333 10.062840043658985
17.400000000000002 9.288088934701976
17.410666666666668 9.35537318016725
17.421333333333333 9.615008805863463
17.432000000000002 9.88736913323388
17.442666666666668 10.079745750924658
17.453333333333333 10.026020445162295
17.464000000000002 9.632924358336792
17.474666666666668 9.216921660848364
17.485333333333333 9.22724643815948
17.496000000000002 9.511193027022204
17.506666666666668 9.843796472444446
17.517333333333333 10.384308362660441
17.528000000000002 10.717048517424972
17.538666666666668 11.025809951171581
17.549333333333333 11.152643921768863
17.560000000000002 10.667965151521582
17.570666666666668 10.113626146338376
17.581333333333333 9.860521371892498
17.592000000000002 9.885989526439642
17.602666666666668 10.196726846221766
17.613333333333333 10.23657044470583
17.624000000000002 10.058537785625607
17.634666666666668 10.057967619520728
17.645333333333333 10.751747709857502
17.656000000000002 10.824305288975209
17.666666666666668 10.123748715458403
17.677333333333333 10.301008777245857
17.688000000000002 10.774361125387886
17.698666666666668 10.636639689697219
17.709333333333333 10.466577664310641
17.720000000000002 10.240744774699944
17.730666666666668 10.025704102407282
17.741333333333333 10.206767358555197
17.752000000000002 10.247973311089948
17.762666666666668 9.96207884985312
17.773333333333333 10.173644606431509
17.784000000000002 10.977174005999595
17.794666666666668 11.159172739570124
17.805333333333333 11.045958251346983
17.816000000000003 11.193396906382594
17.826666666666668 10.916377603237333
17.837333333333333 10.28747638681709
17.848000000000003 9.825479089328448
17.858666666666668 9.700149545508992
17.869333333333334 9.813891173249376
17.880000000000003 10.242206577164577
17.890666666666668 10.365800609822989
17.901333333333334 9.900415594091493
17.912000000000003 9.734391265488352
17.922666666666668 9.6725941584618
17.933333333333334 9.143512702286905
17.944000000000003 9.091930005816774
17.954666666666668 9.53551213021942
17.965333333333334 10.061470891860203
17.976000000000003 10.077310399997819
17.986666666666668 9.669613736446308
17.997333333333334 10.020621776203653
18.008 10.567381472697372
18.018666666666668 10.36627693113019
18.029333333333334 9.925307500400546
18.04 9.950628400696472
18.050666666666668 10.014934856330033
18.061333333333334 10.011594847861838
18.072 10.115930755807995
18.082666666666668 10.197736089758909
18.093333333333334 9.976266871553861
18.104 10.109808995023679
18.11466666666667 10.221694007689262
18.125333333333334 10.323033453261019
18.136 10.08154179004636
18.14666666666667 9.950007186685308
18.157333333333334 10.300240014042677
18.168 10.765237960038947
18.17866666666667 10.972489044147007
18.189333333333334 10.50351966618945
18.2 10.076382564442632
18.21066666666667 10.217110563240677
18.221333333333334 10.557286225667928
18.232 10.063362722185245
18.24266666666667 9.692043192246748
18.253333333333334 9.898121447968311
18.264 10.134750133940738
18.27466666666667 10.159013757739828
18.285333333333334 9.6752521472429
18.296 9.425912596194344
18.30666666666667 10.035855886819503
