mean: 75.1021875337357 std: 24.697125844588054
0.04533333333333326 9.801231491374015
0.055999999999999925 10.006023265512265
0.0666666666666666 10.217216218265184
0.07733333333333325 10.232988146596004
0.08799999999999994 10.19457786919137
0.0986666666666666 10.509342500640441
0.10933333333333325 10.630510244084345
0.11999999999999994 10.207032401641616
0.1306666666666666 9.962535534249934
0.14133333333333328 9.99832449356221
0.15199999999999994 10.017983531589554
0.1626666666666666 9.945325240490314
0.17333333333333326 10.158875030222738
0.18399999999999994 10.450787798909126
0.1946666666666666 10.729915299547855
0.20533333333333328 10.747324549179382
0.21599999999999994 10.41584676005689
0.2266666666666666 10.182605701383515
0.23733333333333329 10.178525691492304
0.24799999999999994 10.637742708932743
0.25866666666666666 10.958377984573458
0.2693333333333333 10.59307038992886
0.27999999999999997 10.298855404485337
0.29066666666666663 10.29947278828474
0.3013333333333333 10.252025804940516
0.312 10.199500505675099
0.32266666666666666 10.084595527684478
0.3333333333333333 10.445484205248022
0.344 10.825275344452677
0.35466666666666663 10.785968775511055
0.36533333333333334 10.511076301700227
0.376 10.442610817711218
0.38666666666666666 11.427687427771442
0.3973333333333333 16.319801815890763
0.408 32.56313852409602
0.4186666666666667 46.9949806962121
0.42933333333333334 56.991450121610896
0.44 63.28217750899888
0.45066666666666666 66.68131975071557
0.4613333333333333 68.96453342682464
0.47200000000000003 70.99768356167098
0.4826666666666667 71.7301970033296
0.49333333333333335 71.41242920142132
0.504 71.0288627406455
0.5146666666666666 70.74999774404854
0.5253333333333333 70.68959011058344
0.536 70.6483995345811
0.5466666666666666 70.65434349598735
0.5573333333333332 70.92474259093743
0.568 71.20995791737938
0.5786666666666667 71.23245128430864
0.5893333333333333 70.87189924044922
0.6 70.31228951125767
0.6106666666666666 69.3983382647888
0.6213333333333333 68.50906216167124
0.632 68.95410763860015
0.6426666666666666 69.75709665032704
0.6533333333333333 69.37012176209036
0.6639999999999999 67.4422481785566
0.6746666666666666 65.62562668669796
0.6853333333333333 65.43815849224023
0.696 65.06516644526444
0.7066666666666667 64.29000952706397
0.7173333333333333 63.78528118428876
0.728 63.15554792485038
0.7386666666666667 62.25981844698002
0.7493333333333333 61.256830856281525
0.76 60.10336899361883
0.7706666666666666 59.773518578209384
0.7813333333333333 61.1967462817477
0.792 62.836009616151486
0.8026666666666666 63.55947522481748
0.8133333333333334 63.63634383616565
0.824 62.915622607120476
0.8346666666666667 61.808644027870805
0.8453333333333334 61.60738540418565
0.856 63.46913047364454
0.8666666666666667 65.96449396480767
0.8773333333333333 67.8293062307314
0.888 69.29109314549392
0.8986666666666667 70.72404861004571
0.9093333333333333 72.62678780411763
0.92 74.00253095590101
0.9306666666666666 74.08872155207848
0.9413333333333334 73.64993755088229
0.952 72.57770374373811
0.9626666666666667 70.44404465162708
0.9733333333333334 67.99939511058969
0.984 68.84199284806161
0.9946666666666667 73.28831891398211
1.0053333333333334 77.37020899240062
1.016 78.8553727875089
1.0266666666666668 77.89758406781584
1.0373333333333334 76.84070336622406
1.048 76.23997980162451
1.0586666666666666 75.23310693423124
1.0693333333333332 74.91891532258647
1.08 76.01189405519685
1.0906666666666667 77.16802445759865
1.1013333333333333 77.3768398129552
1.112 77.20670863865612
1.1226666666666667 77.37331729331092
1.1333333333333333 77.14722775856981
1.1440000000000001 76.14308531648491
1.1546666666666667 76.42663884585035
1.1653333333333333 78.11360339898597
1.176 78.37850710730734
1.1866666666666668 77.38860005524157
1.1973333333333334 76.09640490753071
1.208 74.5645676165257
1.2186666666666668 72.67573452248313
1.2293333333333334 71.00340006202964
1.24 69.11260140195073
1.2506666666666668 66.28872912439509
1.2613333333333334 64.967939181827
1.272 67.51356507637021
1.2826666666666666 71.95057982507353
1.2933333333333334 76.96661820630027
1.304 81.00085106109984
1.3146666666666667 82.79220874881624
1.3253333333333335 83.7292987530799
1.336 84.98960980255424
1.3466666666666667 85.59468139383306
1.3573333333333335 85.51794611668875
1.368 85.10789458962603
1.3786666666666667 84.62930226403564
1.3893333333333333 84.07162366275222
1.4000000000000001 83.88608624203852
1.4106666666666667 83.64917696007664
1.4213333333333333 83.567836601589
1.4320000000000002 83.03923138629925
1.4426666666666668 81.74631885161874
1.4533333333333334 80.4670117423339
1.464 79.47421006510965
1.4746666666666668 78.95192294741824
1.4853333333333334 78.10394982897694
1.496 77.78484130838635
1.5066666666666668 77.3955829516712
1.5173333333333334 76.29411930125598
1.528 74.47775439756363
1.5386666666666668 72.10091442733182
1.5493333333333335 70.86580693595982
1.56 70.6040491328045
1.5706666666666667 69.47392675771869
1.5813333333333335 69.29207041780201
1.592 71.52920586836885
1.6026666666666667 73.34306478650583
1.6133333333333335 73.9960698760578
1.624 73.84906261774029
1.6346666666666667 72.75775419706123
1.6453333333333335 71.18277341148536
1.6560000000000001 70.10096086714142
1.6666666666666667 69.59832806669479
1.6773333333333333 69.2129473067346
1.6880000000000002 68.15816414536984
1.6986666666666668 66.68984146169171
1.7093333333333334 65.2565723376872
1.7200000000000002 63.47956265963941
1.7306666666666668 61.35730696194821
1.7413333333333334 59.697509607830945
1.7520000000000002 58.134809404751735
1.7626666666666668 56.771200151362926
1.7733333333333334 56.28434255422591
1.784 55.22233110455565
1.7946666666666669 53.3964099275848
1.8053333333333335 52.0978026420628
1.816 51.26302362125295
1.8266666666666669 50.07565933166778
1.8373333333333335 48.605159005979495
1.848 47.16685421024091
1.8586666666666667 46.30028163374763
1.8693333333333335 45.55829113299553
1.8800000000000001 44.778639292989055
1.8906666666666667 44.403937033838254
1.9013333333333335 44.38987740385541
1.9120000000000001 44.10668734798062
1.9226666666666667 43.98898699311586
1.9333333333333336 43.8128800308895
1.9440000000000002 42.53230845681706
1.9546666666666668 40.975410251843
