mean: 230.78073311275654 std: 79.92030213550906 duration: 7.4506875
0.02034374999999999 --undefined--
0.03034374999999999 --undefined--
0.04034374999999999 --undefined--
0.05034374999999999 --undefined--
0.06034374999999999 236.79494074198882
0.07034375 237.18578731142753
0.08034374999999999 231.15034194665026
0.09034375 216.53379193498225
0.10034375 --undefined--
0.11034374999999999 --undefined--
0.12034375 --undefined--
0.13034374999999998 --undefined--
0.14034375 --undefined--
0.15034375 --undefined--
0.16034375 --undefined--
0.17034375 --undefined--
0.18034375 --undefined--
0.19034375 --undefined--
0.20034375 --undefined--
0.21034375 284.88517230398486
0.22034375 270.58722742710904
0.23034374999999999 263.6608804233211
0.24034375 254.3769328752677
0.25034375 247.6766096139305
0.26034375 243.41638744447195
0.27034375 242.28837713980735
0.28034375 241.69630289216713
0.29034375 240.71552034626907
0.30034375 239.52828631059145
0.31034375 239.4767867557445
0.32034375 241.5224172733848
0.33034375 379.8186819368748
0.34034375 392.6830607410659
0.35034375 399.4791202100895
0.36034375 --undefined--
0.37034375 --undefined--
0.38034375 --undefined--
0.39034375 --undefined--
0.40034375 --undefined--
0.41034375 --undefined--
0.42034375 --undefined--
0.43034375 --undefined--
0.44034375 --undefined--
0.45034375 263.16132679892337
0.46034375 258.01122723242474
0.47034375 255.5617221218645
0.48034375 251.78189306547853
0.49034375 246.89836223325545
0.50034375 244.21565462002408
0.51034375 243.50719329076804
0.52034375 244.8735626566035
0.53034375 243.5638708617529
0.54034375 224.30059120171464
0.55034375 216.34791323789474
0.56034375 212.07520713533566
0.57034375 228.3653201696868
0.58034375 230.4641303377299
0.5903437500000001 228.49593467940886
0.60034375 224.90312138731477
0.61034375 218.4689836922016
0.62034375 208.56701937708198
0.63034375 --undefined--
0.64034375 --undefined--
0.65034375 --undefined--
0.66034375 --undefined--
0.67034375 --undefined--
0.68034375 --undefined--
0.69034375 --undefined--
0.70034375 --undefined--
0.71034375 --undefined--
0.7203437500000001 --undefined--
0.73034375 215.47886903123856
0.74034375 222.09635811308914
0.75034375 236.5810559799207
0.76034375 249.57369588734767
0.77034375 254.87192404199314
0.78034375 260.2176815128238
0.79034375 267.7313776444197
0.80034375 274.0534980927212
0.81034375 286.08104014433184
0.82034375 302.6389448889849
0.83034375 311.0957193035589
0.8403437500000001 324.1987789772953
0.8503437500000001 337.50750371162854
0.86034375 347.2417541375175
0.87034375 353.9090168348211
0.88034375 330.1663986833283
0.89034375 347.7344208933665
0.90034375 393.1087343348046
0.91034375 397.5192171570327
0.92034375 --undefined--
0.93034375 --undefined--
0.94034375 379.12976638821874
0.95034375 360.956074537866
0.96034375 335.0411573032411
0.9703437500000001 306.860802892302
0.98034375 280.337150909306
0.99034375 255.18526075061112
1.0003437499999999 234.10317880062368
1.0103437499999999 211.2153999156691
1.0203437499999999 194.01315324402816
1.03034375 176.60644128744786
1.04034375 173.27026131591234
1.05034375 169.19286452708056
1.06034375 167.5924284099964
1.07034375 167.82254984847106
1.08034375 168.24967946724493
1.09034375 169.85857613848003
1.10034375 170.40515471743333
1.11034375 168.3790172235535
1.12034375 161.64886774124557
1.13034375 160.96029825922872
1.14034375 159.56916613960027
1.15034375 --undefined--
1.16034375 --undefined--
1.17034375 --undefined--
1.1803437499999998 --undefined--
1.1903437499999998 --undefined--
1.2003437499999998 --undefined--
1.2103437499999998 --undefined--
1.2203437499999998 --undefined--
1.2303437499999998 --undefined--
1.2403437499999999 --undefined--
1.2503437499999999 --undefined--
1.2603437499999999 --undefined--
1.2703437499999999 --undefined--
1.28034375 --undefined--
1.29034375 --undefined--
1.30034375 --undefined--
1.31034375 --undefined--
1.32034375 --undefined--
1.33034375 --undefined--
1.34034375 --undefined--
1.35034375 --undefined--
1.36034375 --undefined--
1.37034375 --undefined--
1.38034375 --undefined--
1.39034375 --undefined--
1.40034375 --undefined--
1.41034375 225.38959517819407
1.42034375 221.6056177341587
1.4303437499999998 211.89014100079746
1.4403437499999998 208.98170703560913
1.4503437499999998 207.53825793867986
1.4603437499999998 205.88753921308341
1.4703437499999998 198.65523536301046
1.4803437499999998 188.47128536993202
1.4903437499999999 188.14722289162617
1.5003437499999999 190.81709539264315
1.5103437499999999 190.56235278764288
1.5203437499999999 --undefined--
1.53034375 --undefined--
1.54034375 --undefined--
1.55034375 217.56363781051627
1.56034375 217.032133694327
1.57034375 222.77832491900682
1.58034375 222.79038871854365
1.59034375 219.97247416031186
1.60034375 215.8812371226158
1.61034375 212.1809488070312
1.62034375 210.69950515888985
1.63034375 208.7048745109364
1.64034375 202.5372266057443
1.65034375 --undefined--
1.66034375 --undefined--
1.67034375 --undefined--
1.68034375 --undefined--
1.6903437499999998 --undefined--
1.7003437499999998 --undefined--
1.7103437499999998 --undefined--
1.7203437499999998 --undefined--
1.7303437499999998 --undefined--
1.7403437499999999 --undefined--
1.7503437499999999 --undefined--
1.7603437499999999 --undefined--
1.7703437499999999 --undefined--
1.78034375 228.92808815218135
1.79034375 218.74268312494044
1.80034375 209.23103264719882
1.81034375 203.1917178710386
1.82034375 184.34091509512072
1.83034375 --undefined--
1.84034375 --undefined--
1.85034375 --undefined--
1.86034375 --undefined--
1.87034375 --undefined--
1.88034375 --undefined--
1.89034375 --undefined--
1.90034375 --undefined--
1.91034375 224.6794003467437
1.92034375 230.38097063423888
1.93034375 238.3512102525566
1.9403437499999998 243.01869710636262
1.9503437499999998 248.555981658539
1.9603437499999998 253.54767184476904
1.9703437499999998 259.4443804941144
1.9803437499999998 264.96240948239387
1.9903437499999999 268.0074235642894
2.00034375 266.84487096164895
2.01034375 270.1779729728515
2.02034375 303.8127939084656
2.03034375 307.9466960029387
2.04034375 309.0377225427539
2.05034375 302.2997203031923
2.06034375 255.84759614196182
2.0703437499999997 255.03002650534415
2.08034375 264.14863863945686
2.0903437499999997 --undefined--
2.10034375 --undefined--
2.1103437499999997 --undefined--
2.12034375 --undefined--
2.1303437499999998 --undefined--
2.14034375 497.02938681617485
2.1503437499999998 487.77293151977085
2.16034375 490.5470944856425
2.17034375 499.6226623552346
2.18034375 --undefined--
2.19034375 202.0698028704044
2.20034375 194.34669069343437
2.21034375 185.09580096889414
2.22034375 183.33206119363655
2.23034375 181.80657403423712
2.24034375 183.66417836120408
2.25034375 181.48761525445266
2.26034375 178.98293732143523
2.27034375 176.3531905326727
2.28034375 174.30099247323542
2.29034375 172.840366234883
2.30034375 177.37498080989818
2.31034375 178.8374505953576
2.32034375 177.0241432602433
2.33034375 174.53876585304826
2.3403437499999997 173.20367355584145
2.35034375 173.86232841271777
2.3603437499999997 174.00576064473506
2.37034375 174.39804664390726
2.3803437499999998 177.12484678167877
2.39034375 179.56188659473383
2.4003437499999998 181.16616792206713
2.41034375 185.66330101262656
2.42034375 --undefined--
2.43034375 --undefined--
2.44034375 --undefined--
2.45034375 --undefined--
2.46034375 475.1988713026983
2.47034375 477.45495002299197
2.48034375 --undefined--
2.49034375 --undefined--
2.50034375 --undefined--
2.51034375 --undefined--
2.52034375 --undefined--
2.53034375 --undefined--
2.54034375 --undefined--
2.55034375 --undefined--
2.56034375 --undefined--
2.57034375 --undefined--
2.58034375 --undefined--
2.5903437499999997 446.97869827818005
2.60034375 454.0038699030171
2.6103437499999997 --undefined--
2.62034375 --undefined--
2.6303437499999998 --undefined--
2.64034375 --undefined--
2.6503437499999998 496.7521947706353
2.66034375 495.21461405417534
2.67034375 227.50464584188381
2.68034375 221.9913286915408
2.69034375 211.15339851819763
2.70034375 202.99423147770653
2.71034375 198.3334605667781
2.72034375 194.14272173899084
2.73034375 194.13411529556558
2.74034375 195.10982482224932
2.75034375 189.56906197670114
2.76034375 188.9000888273349
2.77034375 187.59485916530272
2.78034375 186.95892857095006
2.79034375 186.6544610608911
2.80034375 186.39648288946054
2.81034375 185.99178591692808
2.82034375 185.06887112908802
2.83034375 172.02854416573172
2.8403437499999997 --undefined--
2.85034375 --undefined--
2.8603437499999997 --undefined--
2.87034375 --undefined--
2.8803437499999998 --undefined--
2.89034375 --undefined--
2.9003437499999998 --undefined--
2.91034375 --undefined--
2.92034375 --undefined--
2.93034375 204.46868440754884
2.94034375 194.0444899363098
2.95034375 185.91823446753958
2.96034375 183.78922330668337
2.97034375 183.22723447403408
2.98034375 182.6255721817567
2.99034375 184.73063629691308
3.00034375 186.1474540517942
3.01034375 186.59663020861615
3.02034375 186.07041157018054
3.03034375 184.7426572383576
3.04034375 182.96377890215462
3.05034375 179.81436562690732
3.06034375 177.64861830811324
3.07034375 175.7588666098023
3.08034375 175.3572429833449
3.09034375 176.02676441172886
3.10034375 176.6969636266647
3.1103437499999997 177.30048700716804
3.12034375 177.91866317684946
3.1303437499999998 180.1487749042182
3.14034375 181.41658755064378
3.1503437499999998 183.49536457250338
3.16034375 187.32595629540054
3.17034375 187.73172679991632
3.18034375 187.26086215180905
3.19034375 187.2149660670892
3.20034375 187.2559818334731
3.21034375 183.09815243355894
3.22034375 171.2670451242797
3.23034375 --undefined--
3.24034375 --undefined--
3.25034375 451.56847103479737
3.26034375 451.08623638162123
3.27034375 453.917136612536
3.28034375 --undefined--
3.29034375 229.0939539439714
3.30034375 228.6222713661884
3.31034375 229.26293650537988
3.32034375 229.99698856063515
3.33034375 228.85201199581184
3.34034375 225.89004436426458
3.35034375 223.16665701877523
3.3603437499999997 229.24524002863805
3.37034375 234.6664294653613
3.3803437499999998 235.86776001642232
3.39034375 237.77737145826237
3.4003437499999998 239.83687166337907
3.41034375 241.45292813809507
3.42034375 242.0434830998299
3.43034375 241.60602321548586
3.44034375 258.6746905818954
3.45034375 268.21375947165063
3.46034375 274.10773355423476
3.47034375 276.01980052454917
3.48034375 267.82768301038027
3.49034375 260.377036821551
3.50034375 259.45416393446766
3.51034375 --undefined--
3.52034375 --undefined--
3.53034375 --undefined--
3.54034375 --undefined--
3.55034375 --undefined--
3.56034375 --undefined--
3.57034375 249.53692813791974
3.58034375 235.58260144158308
3.59034375 223.42287025837246
3.60034375 206.09310744399906
3.6103437499999997 192.59801715085186
3.62034375 185.9688356792843
3.6303437499999998 181.49077454123514
3.64034375 177.2966796738353
3.6503437499999998 176.45995408374455
3.66034375 174.89926279350584
3.67034375 179.88510658186223
3.68034375 180.224629767318
3.69034375 180.4026573083416
3.70034375 182.56060058136484
3.71034375 183.16054028129741
3.72034375 181.01080923958108
3.73034375 179.83326701436744
3.74034375 179.27928407174403
3.75034375 176.89847997664117
3.76034375 176.28784240858513
3.77034375 177.34812306048835
3.78034375 178.22818608567079
3.79034375 181.02219390528631
3.80034375 183.25559070746786
3.81034375 186.81698066237087
3.82034375 193.37455303845428
3.83034375 198.5286830385472
3.84034375 201.66779148735532
3.85034375 207.76447944938226
3.8603437499999997 217.17242206191946
3.87034375 224.46170464819022
3.8803437499999998 227.42572355997044
3.89034375 231.65212240532463
3.9003437499999998 --undefined--
3.91034375 --undefined--
3.92034375 --undefined--
3.93034375 --undefined--
3.94034375 --undefined--
3.95034375 --undefined--
3.96034375 484.8619057114794
3.97034375 486.69641027250105
3.98034375 486.3177797113671
3.99034375 481.5869643473526
4.00034375 480.9946588010524
4.0103437500000005 479.0353187545453
4.02034375 --undefined--
4.03034375 --undefined--
4.040343750000001 --undefined--
4.050343750000001 --undefined--
4.06034375 --undefined--
4.07034375 --undefined--
4.080343750000001 --undefined--
4.090343750000001 --undefined--
4.10034375 --undefined--
4.11034375 --undefined--
4.12034375 --undefined--
4.130343750000001 188.8205093903103
4.14034375 189.46962254798396
4.15034375 187.04050091479323
4.16034375 186.6639369420301
4.170343750000001 186.6749241356868
4.1803437500000005 184.353993353483
4.19034375 175.67595290426445
4.20034375 176.6067114794482
4.210343750000001 182.80830107864531
4.2203437500000005 190.52880707284052
4.23034375 188.95392389761653
4.24034375 187.16987533776086
4.250343750000001 186.7070421383569
4.2603437500000005 186.83498224336714
4.27034375 186.82179405024596
4.28034375 185.94078836681226
4.290343750000001 185.17521140439013
4.300343750000001 186.03180452336588
4.31034375 186.92208623829612
4.32034375 187.89984618237085
4.330343750000001 188.8846100289598
4.340343750000001 189.71035642619844
4.35034375 190.89410129023292
4.36034375 191.6125930139501
4.370343750000001 192.1407767239149
4.380343750000001 191.69627992916932
4.39034375 191.84341098632905
4.40034375 193.63010760616478
4.41034375 193.32601859119265
4.420343750000001 192.65032907456603
4.4303437500000005 192.5074714029142
4.44034375 192.1042323836633
4.45034375 191.32031625410997
4.460343750000001 191.79345301218044
4.4703437500000005 192.51714830110825
4.48034375 189.16145761154792
4.49034375 178.74039443883845
4.500343750000001 175.33868289091834
4.5103437500000005 171.37141340597208
4.52034375 --undefined--
4.53034375 --undefined--
4.540343750000001 --undefined--
4.550343750000001 --undefined--
4.56034375 --undefined--
4.57034375 --undefined--
4.580343750000001 214.36374068879456
4.590343750000001 206.4182317760433
4.60034375 203.16769038693596
4.61034375 204.53387303629233
4.620343750000001 206.96952336022542
4.630343750000001 211.22387432497166
4.64034375 218.8984059151008
4.65034375 231.1243777860722
4.66034375 247.32205277611348
4.670343750000001 260.3920302074832
4.6803437500000005 266.67816163054744
4.69034375 266.4171562683515
4.70034375 255.28468743194466
4.710343750000001 255.7840882904283
4.7203437500000005 --undefined--
4.73034375 --undefined--
4.74034375 --undefined--
4.750343750000001 --undefined--
4.7603437500000005 --undefined--
4.77034375 --undefined--
4.78034375 --undefined--
4.790343750000001 --undefined--
4.800343750000001 --undefined--
4.81034375 --undefined--
4.82034375 --undefined--
4.830343750000001 --undefined--
4.840343750000001 --undefined--
4.85034375 486.32833900358054
4.86034375 --undefined--
4.870343750000001 --undefined--
4.880343750000001 --undefined--
4.89034375 --undefined--
4.90034375 --undefined--
4.91034375 --undefined--
4.920343750000001 --undefined--
4.9303437500000005 218.72400731699818
4.94034375 207.2931993306304
4.95034375 202.83337526743605
4.960343750000001 199.59389654730933
4.9703437500000005 196.91046864015826
4.98034375 195.4614675324191
4.99034375 196.2792608268519
5.000343750000001 195.64197546181134
5.0103437500000005 195.1329812142074
5.02034375 196.07609871487273
5.03034375 196.06140069369786
5.040343750000001 189.44397816399126
5.050343750000001 --undefined--
5.06034375 --undefined--
5.07034375 --undefined--
5.080343750000001 --undefined--
5.090343750000001 --undefined--
5.10034375 --undefined--
5.11034375 --undefined--
5.120343750000001 496.7334897980092
5.130343750000001 492.4725204165868
5.14034375 --undefined--
5.15034375 198.95322014313064
5.16034375 186.68859270522293
5.170343750000001 179.5187677143357
5.1803437500000005 176.90089284382552
5.19034375 175.41162276334902
5.20034375 175.14593158173528
5.210343750000001 177.18835729622907
5.2203437500000005 180.08053093390535
5.23034375 183.01385907282514
5.24034375 185.89106635820212
5.250343750000001 190.06335217151724
5.2603437500000005 --undefined--
5.27034375 --undefined--
5.28034375 --undefined--
5.290343750000001 --undefined--
5.300343750000001 --undefined--
5.31034375 --undefined--
5.32034375 --undefined--
5.330343750000001 --undefined--
5.340343750000001 --undefined--
5.35034375 --undefined--
5.36034375 --undefined--
5.370343750000001 --undefined--
5.380343750000001 --undefined--
5.39034375 --undefined--
5.40034375 --undefined--
5.41034375 --undefined--
5.420343750000001 --undefined--
5.4303437500000005 --undefined--
5.44034375 --undefined--
5.45034375 486.6801766534156
5.460343750000001 487.3645530841484
5.4703437500000005 485.22038817700394
5.48034375 --undefined--
5.49034375 --undefined--
5.500343750000001 --undefined--
5.5103437500000005 --undefined--
5.52034375 211.745437322644
5.53034375 208.80902622606848
5.540343750000001 200.0695868651834
5.550343750000001 190.34284162442006
5.56034375 182.23474326157336
5.57034375 181.90129187682436
5.580343750000001 187.36714193684466
5.590343750000001 188.76516379102105
5.60034375 187.21027092348857
5.61034375 185.04700921682755
5.620343750000001 183.3339672980322
5.630343750000001 182.57058482623722
5.64034375 183.8397276562522
5.65034375 186.73557070004028
5.66034375 188.60223873096385
5.670343750000001 189.17627632133477
5.6803437500000005 188.88675260984732
5.69034375 188.7723702589512
5.70034375 --undefined--
5.710343750000001 --undefined--
5.7203437500000005 --undefined--
5.73034375 --undefined--
5.74034375 --undefined--
5.750343750000001 --undefined--
5.7603437500000005 --undefined--
5.77034375 --undefined--
5.78034375 --undefined--
5.790343750000001 --undefined--
5.800343750000001 --undefined--
5.81034375 --undefined--
5.82034375 --undefined--
5.830343750000001 --undefined--
5.840343750000001 --undefined--
5.85034375 209.1692414333866
5.86034375 205.91264440737174
5.870343750000001 200.5355768065889
5.880343750000001 195.23147207613943
5.89034375 191.8336429055451
5.90034375 189.7015454383722
5.91034375 188.52683905380144
5.920343750000001 188.7300294932132
5.9303437500000005 190.5730468641281
5.94034375 191.7713745683085
5.95034375 191.9978302077215
5.960343750000001 191.63002920300048
5.9703437500000005 190.7041451597459
5.98034375 190.0979890178983
5.99034375 189.33677666551856
6.000343750000001 188.4890047461155
6.0103437500000005 187.46184420742134
6.02034375 187.36613193212452
6.03034375 187.67270422986064
6.040343750000001 188.60328493915867
6.050343750000001 190.1373824067891
6.06034375 197.0091106607463
6.07034375 203.17740584239368
6.080343750000001 210.89013514056768
6.090343750000001 217.11440782200472
6.10034375 218.08153444907083
6.11034375 214.34903170847429
6.120343750000001 246.56544204001491
6.130343750000001 --undefined--
6.14034375 --undefined--
6.15034375 --undefined--
6.160343750000001 --undefined--
6.170343750000001 --undefined--
6.1803437500000005 --undefined--
6.19034375 --undefined--
6.20034375 --undefined--
6.210343750000001 --undefined--
6.2203437500000005 --undefined--
6.23034375 --undefined--
6.24034375 --undefined--
6.250343750000001 --undefined--
6.2603437500000005 --undefined--
6.27034375 --undefined--
6.28034375 --undefined--
6.290343750000001 --undefined--
6.300343750000001 --undefined--
6.31034375 447.03808643100564
6.32034375 438.76159962576486
6.330343750000001 --undefined--
6.340343750000001 --undefined--
6.35034375 193.8085533160982
6.36034375 195.4591666942854
6.370343750000001 196.12102964113768
6.380343750000001 194.83833346489763
6.39034375 194.23074209176505
6.40034375 193.12745138947736
6.410343750000001 192.6246260345501
6.420343750000001 191.7705938440842
6.4303437500000005 191.28620276806842
6.44034375 189.97783875861163
6.45034375 188.65179999190963
6.460343750000001 187.3089154324975
6.4703437500000005 186.19854309200227
6.48034375 185.8815746035409
6.49034375 185.10210284560065
6.500343750000001 185.22805058119044
6.5103437500000005 188.25911353171873
6.52034375 186.59791735625433
6.53034375 186.80813685076922
6.540343750000001 186.98751950662677
6.550343750000001 185.20234449555934
6.56034375 180.38322979118567
6.57034375 --undefined--
6.580343750000001 --undefined--
6.590343750000001 --undefined--
6.60034375 --undefined--
6.61034375 --undefined--
6.620343750000001 --undefined--
6.630343750000001 --undefined--
6.64034375 --undefined--
6.65034375 194.0508696893702
6.660343750000001 195.26731723709798
6.670343750000001 183.49872890038165
6.6803437500000005 --undefined--
6.69034375 --undefined--
6.70034375 --undefined--
6.710343750000001 --undefined--
6.7203437500000005 --undefined--
6.73034375 --undefined--
6.74034375 --undefined--
6.750343750000001 --undefined--
6.7603437500000005 --undefined--
6.77034375 233.94648803293484
6.78034375 221.8821671902428
6.790343750000001 215.58574669247778
6.800343750000001 210.27161242334094
6.81034375 206.4242517775775
6.82034375 205.45196614427476
6.830343750000001 205.50176278283533
6.840343750000001 207.517657166485
6.85034375 208.15107841190522
6.86034375 205.07335928669033
6.870343750000001 202.00665683849252
6.880343750000001 --undefined--
6.89034375 --undefined--
6.90034375 --undefined--
6.910343750000001 --undefined--
6.920343750000001 --undefined--
6.9303437500000005 --undefined--
6.94034375 --undefined--
6.95034375 --undefined--
6.960343750000001 --undefined--
6.9703437500000005 215.09970201564101
6.98034375 189.19176223305666
6.99034375 176.85657534959694
7.000343750000001 172.19595543145095
7.0103437500000005 169.879391782613
7.02034375 170.20181090198733
7.03034375 --undefined--
7.040343750000001 --undefined--
7.050343750000001 --undefined--
7.06034375 --undefined--
7.07034375 --undefined--
7.080343750000001 --undefined--
7.090343750000001 --undefined--
7.10034375 --undefined--
7.11034375 --undefined--
7.120343750000001 --undefined--
7.130343750000001 --undefined--
7.14034375 --undefined--
7.15034375 --undefined--
7.160343750000001 --undefined--
7.170343750000001 --undefined--
7.1803437500000005 --undefined--
7.19034375 --undefined--
7.20034375 --undefined--
7.210343750000001 --undefined--
7.2203437500000005 --undefined--
7.23034375 --undefined--
7.24034375 --undefined--
7.250343750000001 471.2107570386103
7.2603437500000005 435.30406526628155
7.27034375 389.37828534571736
7.28034375 --undefined--
7.290343750000001 --undefined--
7.300343750000001 --undefined--
7.31034375 --undefined--
7.32034375 --undefined--
7.330343750000001 --undefined--
7.340343750000001 --undefined--
7.35034375 --undefined--
7.36034375 --undefined--
7.370343750000001 --undefined--
7.380343750000001 --undefined--
7.39034375 --undefined--
7.40034375 474.6333579988837
7.410343750000001 472.9098583770543
7.420343750000001 472.8151895352495
7.4303437500000005 --undefined--
