Time_s   Intensity_dB
0.068531   13.571803
0.084531   34.065935
0.100531   54.380735
0.116531   69.210087
0.132531   78.114641
0.148531   82.899973
0.164531   84.975499
0.180531   85.209279
0.196531   84.254057
0.212531   83.006635
0.228531   82.255757
0.244531   80.935230
0.260531   78.230221
0.276531   77.050051
0.292531   78.416682
0.308531   80.580362
0.324531   82.935194
0.340531   84.409381
0.356531   84.668819
0.372531   83.805815
0.388531   81.855714
0.404531   79.745487
0.420531   77.984000
0.436531   75.613409
0.452531   73.690526
0.468531   72.534216
0.484531   71.337115
0.500531   69.435819
0.516531   68.446258
0.532531   70.872715
0.548531   73.997459
0.564531   76.445338
0.580531   78.175087
0.596531   79.581556
0.612531   80.373633
0.628531   80.381773
0.644531   80.871306
0.660531   81.724829
0.676531   81.413067
0.692531   80.006250
0.708531   79.329045
0.724531   80.301280
0.740531   82.010630
0.756531   82.995633
0.772531   83.401199
0.788531   83.385198
0.804531   82.437199
0.820531   80.639864
0.836531   78.999749
0.852531   78.400326
0.868531   78.856601
0.884531   79.464914
0.900531   79.167290
0.916531   78.289665
0.932531   77.638510
0.948531   77.439178
0.964531   77.138799
0.980531   76.722152
0.996531   76.096354
1.012531   75.403841
1.028531   74.672375
1.044531   73.350562
1.060531   72.422604
1.076531   73.168792
1.092531   74.925021
1.108531   75.278593
1.124531   73.966111
1.140531   72.107589
1.156531   69.794474
1.172531   67.098703
1.188531   65.165286
1.204531   68.886372
1.220531   75.019324
1.236531   79.456151
1.252531   81.857648
1.268531   82.422727
1.284531   81.822139
1.300531   81.370401
1.316531   81.528111
1.332531   80.741063
1.348531   78.248022
1.364531   75.068068
1.380531   71.896648
1.396531   69.360565
1.412531   68.384689
1.428531   67.882990
1.444531   66.657744
1.460531   65.131826
1.476531   64.146364
1.492531   64.067852
1.508531   67.820832
1.524531   73.706478
1.540531   77.168028
1.556531   78.673817
1.572531   80.299025
1.588531   81.371382
1.604531   81.305595
1.620531   80.482805
1.636531   78.851769
1.652531   77.494048
1.668531   75.887715
1.684531   73.746709
1.700531   72.745567
1.716531   74.026979
1.732531   75.342926
1.748531   75.917019
1.764531   74.950753
1.780531   71.934319
1.796531   68.029651
1.812531   65.153115
1.828531   67.251017
1.844531   72.307485
1.860531   75.259765
1.876531   74.803592
1.892531   71.096032
1.908531   67.005141
1.924531   68.498954
1.940531   71.352554
1.956531   73.742426
1.972531   76.070865
1.988531   77.220922
2.004531   76.912989
2.020531   75.817465
2.036531   74.044415
2.052531   70.821812
2.068531   68.817693
2.084531   70.883696
2.100531   72.586364
2.116531   72.177530
2.132531   70.388382
2.148531   68.031987
2.164531   67.713373
2.180531   71.334579
2.196531   73.238072
2.212531   73.131332
2.228531   72.052809
2.244531   70.547433
2.260531   68.334308
2.276531   65.489043
2.292531   63.616361
2.308531   65.118300
2.324531   69.133325
2.340531   72.288429
2.356531   73.717475
2.372531   74.114864
2.388531   73.984252
2.404531   73.729211
2.420531   73.836333
2.436531   73.869228
2.452531   73.173022
2.468531   71.174625
2.484531   67.688787
2.500531   64.212134
2.516531   62.087119
2.532531   61.046591
2.548531   59.604970
2.564531   59.786392
2.580531   65.157311
2.596531   70.506357
2.612531   73.202974
2.628531   73.089235
2.644531   71.624975
2.660531   72.750215
2.676531   74.848831
2.692531   76.296910
2.708531   78.508380
2.724531   81.162897
2.740531   82.932336
2.756531   83.370919
2.772531   83.352879
2.788531   83.505563
2.804531   82.532941
2.820531   80.056433
2.836531   76.996473
2.852531   74.583870
2.868531   72.255738
2.884531   69.655500
2.900531   67.759657
2.916531   66.536682
2.932531   65.317711
2.948531   66.738104
2.964531   70.958824
2.980531   73.262022
2.996531   73.472528
3.012531   72.073780
3.028531   71.068982
3.044531   71.872440
3.060531   71.690799
3.076531   69.897649
3.092531   69.498002
3.108531   70.177620
3.124531   70.103814
3.140531   70.841859
3.156531   70.135087
3.172531   66.427030
3.188531   63.169734
3.204531   66.784945
3.220531   69.603877
3.236531   69.503605
3.252531   67.783434
3.268531   67.818396
3.284531   69.022749
3.300531   69.066640
3.316531   68.272467
3.332531   72.081313
3.348531   76.942207
3.364531   79.361719
3.380531   79.807662
3.396531   79.895104
3.412531   80.037849
3.428531   79.641442
3.444531   78.274782
3.460531   75.868693
3.476531   72.983598
3.492531   71.266773
3.508531   71.266525
3.524531   71.029205
3.540531   70.134250
3.556531   68.818147
3.572531   67.563585
3.588531   67.429158
3.604531   67.795216
3.620531   68.229149
3.636531   68.641090
3.652531   68.356656
3.668531   66.765729
3.684531   63.157723
3.700531   58.846784
3.716531   59.227355
3.732531   64.362825
3.748531   68.890725
3.764531   70.341370
3.780531   69.383997
3.796531   68.376660
3.812531   67.978974
3.828531   68.110275
3.844531   68.433055
3.860531   68.465973
3.876531   68.517851
3.892531   67.519804
3.908531   65.080311
3.924531   62.828610
3.940531   61.949366
3.956531   63.409376
3.972531   65.089761
3.988531   65.034148
4.004531   64.167936
4.020531   64.293929
4.036531   65.384863
4.052531   65.543923
4.068531   67.040538
4.084531   72.527683
4.100531   77.253413
4.116531   80.554881
4.132531   83.060576
4.148531   84.221138
4.164531   83.415152
4.180531   80.796486
4.196531   77.334975
4.212531   74.211699
4.228531   72.461070
4.244531   70.467797
4.260531   67.963961
4.276531   66.784396
4.292531   67.689022
4.308531   69.199071
4.324531   69.331158
4.340531   68.752400
4.356531   67.410664
4.372531   65.326522
4.388531   63.643446
4.404531   61.632454
4.420531   59.420951
4.436531   57.443103
4.452531   55.005304
4.468531   54.017236
4.484531   54.449432
4.500531   55.758987
4.516531   57.603602
4.532531   58.610502
4.548531   58.585752
4.564531   57.702668
4.580531   56.127649
4.596531   53.238396
4.612531   49.172138
4.628531   45.959971
4.644531   44.267715
4.660531   42.390049
4.676531   40.542684
4.692531   38.779636
4.708531   35.483483
4.724531   31.339063
4.740531   29.758476
4.756531   32.181878
4.772531   35.727927
4.788531   38.787735
4.804531   40.001256
4.820531   39.799989
4.836531   39.480413
4.852531   39.114873
4.868531   38.662906
4.884531   37.733555
4.900531   36.558718
4.916531   35.914465
4.932531   35.457567
4.948531   34.720397
4.964531   34.007120
4.980531   33.158562
4.996531   31.717023
5.012531   29.702442
5.028531   27.700779
5.044531   26.913952
5.060531   26.612294
5.076531   26.155990
5.092531   25.654322
5.108531   25.505910
5.124531   25.327239
5.140531   24.784218
5.156531   24.203211
5.172531   23.782297
5.188531   23.248004
5.204531   22.275927
5.220531   21.171588
5.236531   20.067768
5.252531   18.884107
5.268531   17.620878
5.284531   16.208977
5.300531   14.861574
5.316531   13.787184
5.332531   13.068484
5.348531   12.709410
5.364531   12.054355
5.380531   11.218448
5.396531   10.701236
5.412531   10.547096
5.428531   10.369457
5.444531   9.841356
5.460531   9.761810
5.476531   9.890935
5.492531   9.848691
5.508531   10.215786
5.524531   10.151141
5.540531   9.707870
5.556531   10.129207
5.572531   10.729745
5.588531   10.686286
5.604531   10.165226
5.620531   9.983668
5.636531   10.601611
5.652531   10.987301
5.668531   10.652191
5.684531   10.196835
5.700531   9.891242
5.716531   9.955234
5.732531   10.351786
5.748531   10.080838
5.764531   9.479191
5.780531   9.297695
5.796531   9.345025
5.812531   9.250577
5.828531   9.032352
5.844531   9.523092
5.860531   10.080892
5.876531   10.208181
5.892531   10.147011
5.908531   10.329996
5.924531   10.440980
5.940531   10.163030
5.956531   10.150893
5.972531   10.228480
5.988531   9.963635
6.004531   10.152364
6.020531   10.235728
6.036531   10.017936
6.052531   10.151481
6.068531   10.314844
6.084531   10.522166
6.100531   10.384915
6.116531   9.581353
6.132531   9.091415
6.148531   9.997144
6.164531   11.139824
6.180531   11.134055
6.196531   10.527431
6.212531   10.009815
6.228531   9.635531
6.244531   9.438197
6.260531   9.656148
6.276531   9.815171
6.292531   9.692433
6.308531   9.455728
6.324531   9.518037
6.340531   9.860872
6.356531   10.099508
6.372531   10.238302
6.388531   10.190572
6.404531   9.999249
6.420531   9.916659
6.436531   10.090924
6.452531   10.216451
6.468531   10.080558
6.484531   9.736717
6.500531   9.741821
6.516531   10.500789
6.532531   11.042844
6.548531   10.438197
6.564531   9.783738
6.580531   9.897207
6.596531   10.252411
6.612531   10.522998
6.628531   10.253733
6.644531   9.695464
6.660531   9.643193
6.676531   9.809394
6.692531   9.933665
6.708531   10.088386
6.724531   10.162952
6.740531   10.194767
6.756531   10.242293
6.772531   10.342196
6.788531   10.231361
6.804531   9.882646
6.820531   10.072399
6.836531   10.424698
6.852531   10.698401
6.868531   10.589926
6.884531   10.302542
6.900531   10.423340
6.916531   10.252140
6.932531   9.771463
6.948531   9.178726
6.964531   9.109175
6.980531   9.652906
6.996531   10.111344
7.012531   10.104732
7.028531   10.140019
7.044531   10.478550
7.060531   10.359669
7.076531   10.020590
7.092531   9.848253
7.108531   10.140891
7.124531   10.522493
7.140531   10.538704
7.156531   10.400135
7.172531   10.191589
7.188531   10.277273
7.204531   10.290422
7.220531   10.082876
7.236531   10.158853
7.252531   10.121473
7.268531   9.998946
7.284531   10.129221
7.300531   10.368699
7.316531   10.306833
7.332531   10.051244
7.348531   9.890279
7.364531   9.735161
7.380531   9.808304
7.396531   10.163015
7.412531   10.185129
7.428531   10.025250
7.444531   9.986376
7.460531   9.819566
7.476531   9.774359
7.492531   10.128804
7.508531   10.288454
7.524531   10.542574
