Time_s   F0_Hz
0.030594   --undefined--
0.045594   --undefined--
0.060594   --undefined--
0.075594   --undefined--
0.090594   --undefined--
0.105594   --undefined--
0.120594   222.726598
0.135594   222.631474
0.150594   220.022681
0.165594   220.452346
0.180594   219.463591
0.195594   215.505550
0.210594   211.776378
0.225594   207.884097
0.240594   203.503371
0.255594   198.320826
0.270594   193.706978
0.285594   189.291915
0.300594   185.252873
0.315594   182.176563
0.330594   181.767344
0.345594   184.352724
0.360594   185.455892
0.375594   187.817633
0.390594   185.596212
0.405594   179.368288
0.420594   --undefined--
0.435594   --undefined--
0.450594   --undefined--
0.465594   269.780475
0.480594   257.422499
0.495594   265.207847
0.510594   265.912383
0.525594   269.385201
0.540594   --undefined--
0.555594   --undefined--
0.570594   --undefined--
0.585594   --undefined--
0.600594   --undefined--
0.615594   --undefined--
0.630594   --undefined--
0.645594   --undefined--
0.660594   --undefined--
0.675594   --undefined--
0.690594   --undefined--
0.705594   --undefined--
0.720594   --undefined--
0.735594   --undefined--
0.750594   --undefined--
0.765594   --undefined--
0.780594   --undefined--
0.795594   --undefined--
0.810594   --undefined--
0.825594   --undefined--
0.840594   --undefined--
0.855594   --undefined--
0.870594   --undefined--
0.885594   --undefined--
0.900594   --undefined--
0.915594   --undefined--
0.930594   --undefined--
0.945594   --undefined--
0.960594   --undefined--
0.975594   --undefined--
0.990594   --undefined--
1.005594   --undefined--
1.020594   --undefined--
1.035594   --undefined--
1.050594   --undefined--
1.065594   --undefined--
1.080594   --undefined--
1.095594   --undefined--
1.110594   --undefined--
1.125594   --undefined--
1.140594   --undefined--
1.155594   --undefined--
1.170594   --undefined--
1.185594   --undefined--
1.200594   387.217589
1.215594   386.315774
1.230594   --undefined--
1.245594   --undefined--
1.260594   --undefined--
1.275594   --undefined--
1.290594   --undefined--
1.305594   380.683555
1.320594   355.828395
1.335594   358.296090
1.350594   371.583413
1.365594   376.075369
1.380594   371.732164
1.395594   359.413683
1.410594   351.055876
1.425594   342.726230
1.440594   334.082836
1.455594   329.463687
1.470594   330.825133
1.485594   359.479333
1.500594   364.268990
1.515594   350.135899
1.530594   315.896118
1.545594   334.401310
1.560594   356.657416
1.575594   355.340568
1.590594   363.003525
1.605594   366.600122
1.620594   354.260652
1.635594   335.763236
1.650594   320.258728
1.665594   318.445045
1.680594   317.942090
1.695594   325.413887
1.710594   321.946145
1.725594   307.806060
1.740594   283.209187
1.755594   263.765536
1.770594   251.564270
1.785594   238.663220
1.800594   221.714053
1.815594   250.636772
1.830594   --undefined--
1.845594   --undefined--
1.860594   --undefined--
1.875594   --undefined--
1.890594   --undefined--
1.905594   --undefined--
1.920594   228.209902
1.935594   219.233765
1.950594   --undefined--
1.965594   --undefined--
1.980594   --undefined--
1.995594   175.009192
2.010594   176.445625
2.025594   175.896999
2.040594   --undefined--
2.055594   --undefined--
2.070594   --undefined--
2.085594   --undefined--
2.100594   --undefined--
2.115594   --undefined--
2.130594   --undefined--
2.145594   --undefined--
2.160594   --undefined--
2.175594   --undefined--
2.190594   --undefined--
2.205594   --undefined--
2.220594   --undefined--
2.235594   --undefined--
2.250594   --undefined--
2.265594   --undefined--
2.280594   --undefined--
2.295594   --undefined--
2.310594   --undefined--
2.325594   --undefined--
2.340594   --undefined--
2.355594   --undefined--
2.370594   --undefined--
2.385594   --undefined--
2.400594   --undefined--
2.415594   --undefined--
2.430594   --undefined--
2.445594   --undefined--
2.460594   --undefined--
2.475594   --undefined--
2.490594   --undefined--
2.505594   --undefined--
2.520594   --undefined--
2.535594   --undefined--
2.550594   --undefined--
2.565594   --undefined--
2.580594   --undefined--
2.595594   --undefined--
2.610594   --undefined--
2.625594   --undefined--
2.640594   --undefined--
2.655594   --undefined--
2.670594   --undefined--
2.685594   --undefined--
2.700594   251.648729
2.715594   245.264148
2.730594   234.473636
2.745594   221.363961
2.760594   218.035977
2.775594   217.311586
2.790594   217.300859
2.805594   218.561214
2.820594   220.294322
2.835594   219.469275
2.850594   215.242900
2.865594   211.147743
2.880594   206.983229
2.895594   201.833276
2.910594   200.794078
2.925594   201.239329
2.940594   201.218143
2.955594   200.245241
2.970594   199.130754
2.985594   198.020996
3.000594   --undefined--
3.015594   --undefined--
3.030594   --undefined--
3.045594   --undefined--
3.060594   --undefined--
3.075594   --undefined--
3.090594   --undefined--
3.105594   --undefined--
3.120594   --undefined--
3.135594   --undefined--
3.150594   207.941559
3.165594   210.191525
3.180594   203.935245
3.195594   198.835345
3.210594   199.944309
3.225594   202.593839
3.240594   204.151714
3.255594   206.412894
3.270594   208.848686
3.285594   208.999647
3.300594   208.670016
3.315594   208.340127
3.330594   208.510886
3.345594   210.931521
3.360594   215.832715
3.375594   225.374049
3.390594   233.063208
3.405594   235.778878
3.420594   237.423422
3.435594   237.046184
3.450594   236.685132
3.465594   235.664782
3.480594   235.946391
3.495594   237.160610
3.510594   239.415958
3.525594   241.298665
3.540594   240.510298
3.555594   240.076647
3.570594   237.721907
3.585594   231.129607
3.600594   --undefined--
3.615594   --undefined--
3.630594   --undefined--
3.645594   --undefined--
3.660594   236.581318
3.675594   242.632874
3.690594   248.394052
3.705594   250.388587
3.720594   252.291586
3.735594   249.930037
3.750594   247.105963
3.765594   244.894341
3.780594   244.983700
3.795594   249.103783
3.810594   --undefined--
3.825594   --undefined--
3.840594   --undefined--
3.855594   --undefined--
3.870594   --undefined--
3.885594   --undefined--
3.900594   --undefined--
3.915594   --undefined--
3.930594   --undefined--
3.945594   --undefined--
3.960594   --undefined--
3.975594   364.810631
3.990594   366.453327
4.005594   --undefined--
4.020594   --undefined--
4.035594   --undefined--
4.050594   --undefined--
4.065594   --undefined--
4.080594   --undefined--
4.095594   --undefined--
4.110594   310.721657
4.125594   319.604770
4.140594   334.159412
4.155594   348.291081
4.170594   359.250470
4.185594   366.639968
4.200594   367.406260
4.215594   --undefined--
4.230594   --undefined--
4.245594   --undefined--
4.260594   --undefined--
4.275594   220.143304
4.290594   223.306978
4.305594   223.524420
4.320594   213.807061
4.335594   204.346525
4.350594   382.009874
4.365594   318.215422
4.380594   279.471139
4.395594   253.655461
4.410594   237.205202
4.425594   205.489474
4.440594   189.931429
4.455594   188.162991
4.470594   186.298095
4.485594   185.149526
4.500594   188.552415
4.515594   --undefined--
4.530594   --undefined--
4.545594   --undefined--
4.560594   --undefined--
4.575594   --undefined--
4.590594   --undefined--
4.605594   379.124134
4.620594   388.419378
4.635594   389.897194
4.650594   --undefined--
4.665594   338.985279
4.680594   339.076384
4.695594   --undefined--
4.710594   --undefined--
4.725594   --undefined--
4.740594   --undefined--
4.755594   --undefined--
4.770594   --undefined--
4.785594   --undefined--
4.800594   --undefined--
4.815594   --undefined--
4.830594   --undefined--
4.845594   --undefined--
