mean: 194.77350427221538 std: 87.8959440795574
0.022249999999999766 --undefined--
0.032249999999999765 --undefined--
0.04224999999999977 --undefined--
0.05224999999999977 --undefined--
0.062249999999999764 --undefined--
0.07224999999999977 --undefined--
0.08224999999999977 --undefined--
0.09224999999999978 --undefined--
0.10224999999999977 --undefined--
0.11224999999999977 --undefined--
0.12224999999999978 --undefined--
0.13224999999999976 --undefined--
0.14224999999999977 --undefined--
0.15224999999999977 --undefined--
0.16224999999999978 --undefined--
0.17224999999999976 --undefined--
0.18224999999999977 --undefined--
0.19224999999999978 --undefined--
0.20224999999999976 --undefined--
0.21224999999999977 --undefined--
0.22224999999999978 --undefined--
0.23224999999999976 --undefined--
0.24224999999999977 --undefined--
0.25224999999999975 --undefined--
0.26224999999999976 --undefined--
0.27224999999999977 --undefined--
0.2822499999999998 --undefined--
0.2922499999999998 --undefined--
0.3022499999999998 --undefined--
0.31224999999999975 --undefined--
0.32224999999999976 --undefined--
0.33224999999999977 --undefined--
0.3422499999999998 --undefined--
0.3522499999999998 --undefined--
0.3622499999999998 --undefined--
0.3722499999999998 --undefined--
0.38224999999999976 --undefined--
0.39224999999999977 --undefined--
0.4022499999999998 --undefined--
0.4122499999999998 --undefined--
0.4222499999999998 --undefined--
0.4322499999999998 --undefined--
0.44224999999999975 276.04281317518513
0.45224999999999976 274.4570835692843
0.46224999999999977 283.14281659211184
0.4722499999999998 283.0590374660718
0.4822499999999998 280.1795190214256
0.4922499999999998 275.9652188537778
0.5022499999999998 270.86490126600677
0.5122499999999998 267.7924541257709
0.5222499999999998 265.3295494133431
0.5322499999999998 261.81309674875365
0.5422499999999998 259.33681367488964
0.5522499999999998 257.67428522542406
0.5622499999999998 257.15390933695045
0.5722499999999998 257.1817233810771
0.5822499999999998 256.6300856891487
0.5922499999999998 256.2715214790883
0.6022499999999997 257.10191296011163
0.6122499999999997 258.36328649909046
0.6222499999999997 259.2295625392548
0.6322499999999998 259.9162956156184
0.6422499999999998 259.8530770815684
0.6522499999999998 259.4847363733423
0.6622499999999998 258.68334197526104
0.6722499999999998 256.3343204793745
0.6822499999999998 253.57404586921882
0.6922499999999998 251.8774987572569
0.7022499999999998 250.4320469347142
0.7122499999999998 --undefined--
0.7222499999999998 125.26614534641331
0.7322499999999997 125.4082787275328
0.7422499999999997 128.47694190692266
0.7522499999999998 128.8211018894239
0.7622499999999998 125.58922866046156
0.7722499999999998 125.62511674106146
0.7822499999999998 124.40261964037994
0.7922499999999998 115.59033548909379
0.8022499999999998 115.85439857610191
0.8122499999999998 121.94496702786702
0.8222499999999998 246.85242991045243
0.8322499999999998 252.38892430703999
0.8422499999999998 259.24011013602416
0.8522499999999998 267.2547616221669
0.8622499999999997 273.6567618258409
0.8722499999999997 283.74021048029
0.8822499999999998 287.6419768854921
0.8922499999999998 302.2673008596733
0.9022499999999998 317.0577377598337
0.9122499999999998 326.9856506421163
0.9222499999999998 324.3478451230878
0.9322499999999998 321.0537048460458
0.9422499999999998 321.7607410937582
0.9522499999999998 --undefined--
0.9622499999999998 --undefined--
0.9722499999999998 --undefined--
0.9822499999999997 --undefined--
0.9922499999999997 --undefined--
1.0022499999999996 --undefined--
1.0122499999999997 --undefined--
1.0222499999999997 425.4959719568558
1.0322499999999997 427.0918175718594
1.0422499999999997 425.45650215463786
1.0522499999999997 420.7865431002339
1.0622499999999997 417.38209592740935
1.0722499999999997 414.33746064081254
1.0822499999999997 408.17298748191956
1.0922499999999997 409.25605981438
1.1022499999999997 415.4814572451402
1.1122499999999997 417.57809476621867
1.1222499999999997 414.7570903878486
1.1322499999999998 418.37119796519977
1.1422499999999998 --undefined--
1.1522499999999998 --undefined--
1.1622499999999998 --undefined--
1.1722499999999998 294.52788654224594
1.1822499999999996 291.4266522147483
1.1922499999999996 286.28197939288214
1.2022499999999996 286.39940342152306
1.2122499999999996 --undefined--
1.2222499999999996 --undefined--
1.2322499999999996 --undefined--
1.2422499999999996 --undefined--
1.2522499999999996 --undefined--
1.2622499999999997 --undefined--
1.2722499999999997 --undefined--
1.2822499999999997 --undefined--
1.2922499999999997 --undefined--
1.3022499999999997 --undefined--
1.3122499999999997 --undefined--
1.3222499999999997 --undefined--
1.3322499999999997 --undefined--
1.3422499999999997 --undefined--
1.3522499999999997 228.629412623238
1.3622499999999997 225.51422687057686
1.3722499999999997 222.5620076538065
1.3822499999999998 218.595391308834
1.3922499999999998 213.12947080812683
1.4022499999999998 210.6627623080424
1.4122499999999998 208.416108420718
1.4222499999999998 206.35667168961243
1.4322499999999996 206.34297807698616
1.4422499999999996 205.37836653739888
1.4522499999999996 213.4996594107416
1.4622499999999996 210.97019370652708
1.4722499999999996 209.28864949441393
1.4822499999999996 210.6359518539236
1.4922499999999996 203.3369631721157
1.5022499999999996 196.00574979289487
1.5122499999999997 197.19153382789764
1.5222499999999997 197.6717919903761
1.5322499999999997 197.57794075749032
1.5422499999999997 196.69487103571143
1.5522499999999997 195.52131302681354
1.5622499999999997 194.42680333485464
1.5722499999999997 193.75532560385756
1.5822499999999997 193.74155536336522
1.5922499999999997 192.4327517756468
1.6022499999999997 190.66729607974065
1.6122499999999997 190.59286454824777
1.6222499999999997 189.80427463033178
1.6322499999999998 188.81631828156225
1.6422499999999998 187.97724899270094
1.6522499999999998 186.82368209298556
1.6622499999999998 185.50988194930213
1.6722499999999998 184.92620631244645
1.6822499999999998 184.97031916073973
1.6922499999999996 185.50583694678485
1.7022499999999996 186.0095870776933
1.7122499999999996 186.51554131112462
1.7222499999999996 125.81471670724378
1.7322499999999996 125.39384403556723
1.7422499999999996 124.84092280554322
1.7522499999999996 124.75839238490919
1.7622499999999997 128.66517362718577
1.7722499999999997 129.00182257996738
1.7822499999999997 125.15813852609918
1.7922499999999997 123.2908635100661
1.8022499999999997 122.70217229953026
1.8122499999999997 122.86199140463559
1.8222499999999997 123.96227598695621
1.8322499999999997 125.29252207720737
1.8422499999999997 124.7991590366704
1.8522499999999997 --undefined--
1.8622499999999997 --undefined--
1.8722499999999997 --undefined--
1.8822499999999998 --undefined--
1.8922499999999998 --undefined--
1.9022499999999998 --undefined--
1.9122499999999998 --undefined--
1.9222499999999998 --undefined--
1.9322499999999998 --undefined--
1.9422499999999996 --undefined--
1.9522499999999996 --undefined--
1.9622499999999996 217.90255156322152
1.9722499999999996 216.38735302344273
1.9822499999999996 210.00768555302085
1.9922499999999996 207.81761014826537
2.0022499999999996 196.0742578080476
2.01225 195.7492899727696
2.0222499999999997 193.8105097901134
2.03225 191.32487977174375
2.0422499999999997 190.66519590244025
2.05225 190.72785327460343
2.0622499999999997 189.2214978584979
2.0722499999999995 187.18479234548914
2.0822499999999997 185.70161856817958
2.0922499999999995 184.21032407859286
2.1022499999999997 183.44546334802234
2.1122499999999995 183.534652668672
2.1222499999999997 183.40139650513888
2.1322499999999995 183.33480417247378
2.1422499999999998 183.42472086335405
2.1522499999999996 183.04188663770339
2.16225 183.02830821531597
2.1722499999999996 184.04564509041415
2.18225 184.92778508920276
2.1922499999999996 185.61718002008666
2.20225 186.65613315657694
2.2122499999999996 186.18827348630754
2.22225 183.95076935214053
2.2322499999999996 183.2921184874009
2.24225 177.09944696384386
2.2522499999999996 --undefined--
2.26225 376.7437314130336
2.2722499999999997 376.28066705093994
2.28225 372.7908229140266
2.2922499999999997 --undefined--
2.30225 --undefined--
2.3122499999999997 --undefined--
2.32225 --undefined--
2.3322499999999997 --undefined--
2.3422499999999995 --undefined--
2.3522499999999997 --undefined--
2.3622499999999995 --undefined--
2.3722499999999997 224.79687807708925
2.3822499999999995 224.13704109654458
2.3922499999999998 219.83443911111212
2.4022499999999996 218.63808300977237
2.41225 216.7293128744603
2.4222499999999996 112.98444531227211
2.43225 112.33789795647533
2.4422499999999996 --undefined--
2.45225 158.61506949397776
2.4622499999999996 154.07742917468607
2.47225 187.23986210553196
2.4822499999999996 240.9426869843802
2.49225 240.74208966402026
2.5022499999999996 240.04928990709507
2.51225 239.71552852246856
2.5222499999999997 240.86869331779653
2.53225 242.32186715687462
2.5422499999999997 245.77403334713702
2.55225 247.97622442699836
2.5622499999999997 248.42240504038784
2.57225 248.4235918198071
2.5822499999999997 248.36679771472902
2.5922499999999995 248.4739659752698
2.6022499999999997 249.17711740640965
2.6122499999999995 249.48921182408364
2.6222499999999997 249.22422768789423
2.6322499999999995 248.6157150036714
2.6422499999999998 246.62530636634096
2.6522499999999996 246.261821189338
2.66225 247.64952308393993
2.6722499999999996 247.47830997478874
2.68225 248.4779629567494
2.6922499999999996 247.7482886104767
2.70225 246.4397680139638
2.7122499999999996 248.9656494344968
2.72225 247.18584355511794
2.7322499999999996 241.77866865822358
2.74225 233.69642336704885
2.7522499999999996 228.14675288419437
2.76225 227.60602574229836
2.7722499999999997 225.9186338291554
2.78225 227.10279348316246
2.7922499999999997 215.9291596787591
2.80225 215.47584227004086
2.8122499999999997 215.16861128341216
2.82225 214.5097616004228
2.8322499999999997 214.48175153510513
2.8422499999999995 215.49993415440878
2.8522499999999997 217.33953976531467
2.8622499999999995 218.3389228046403
2.8722499999999997 220.5510596584303
2.8822499999999995 222.19471136731994
2.8922499999999998 222.92616582415798
2.9022499999999996 223.93856926673723
2.91225 223.28764327032883
2.9222499999999996 219.12947259825188
2.93225 217.5803943333411
2.9422499999999996 237.19787001999978
2.95225 241.96572876816538
2.9622499999999996 243.87944539180566
2.97225 244.93540309048154
2.9822499999999996 245.15388096940276
2.99225 245.19730471030306
3.0022499999999996 245.07893499593152
3.01225 246.3875336948435
3.0222499999999997 248.9946100631154
3.03225 249.82963761916466
3.0422499999999997 248.79624421410134
3.05225 247.5268873896981
3.0622499999999997 123.55583010615017
3.07225 123.70715927512694
3.0822499999999997 123.64653832903146
3.09225 123.51603750623937
3.1022499999999997 123.56773459098966
3.1122499999999995 123.51260095023882
3.1222499999999997 123.59343059260101
3.1322499999999995 122.53567034709823
3.1422499999999998 122.67701748159624
3.1522499999999996 114.66236750606329
3.16225 115.13103174225219
3.1722499999999996 128.73860934863401
3.18225 136.46396873885863
3.1922499999999996 133.9571819829017
3.20225 132.07939406701294
3.2122499999999996 130.9457433308153
3.22225 132.23880952803367
3.2322499999999996 131.63924355524367
3.24225 127.8011310767132
3.2522499999999996 125.11734559055043
3.26225 125.48259139235225
3.2722499999999997 129.52084879920463
3.28225 --undefined--
3.2922499999999997 --undefined--
3.30225 --undefined--
3.3122499999999997 121.02823544904678
3.32225 116.9262833279811
3.3322499999999997 115.32094733520108
3.34225 115.52797930043066
3.3522499999999997 115.73471751253861
3.3622499999999995 115.51520927063439
3.3722499999999997 117.53471189840752
3.3822499999999995 118.999234821293
3.3922499999999998 119.66250880932765
3.4022499999999996 --undefined--
3.41225 --undefined--
3.4222499999999996 --undefined--
3.43225 --undefined--
3.4422499999999996 --undefined--
3.45225 --undefined--
3.4622499999999996 --undefined--
3.47225 127.22827766664388
3.4822499999999996 126.7298326243048
3.49225 121.31077625949347
3.5022499999999996 120.73110584648757
3.51225 117.89080948388631
3.5222499999999997 118.21436804730698
3.53225 117.21046208000828
3.5422499999999997 117.02410732300851
3.55225 117.03435626953791
3.5622499999999997 116.04670760312649
3.57225 116.77619414459076
3.5822499999999997 --undefined--
3.59225 --undefined--
3.6022499999999997 248.8452032354727
3.6122499999999995 233.91895955437536
3.6222499999999997 232.55280416224997
3.6322499999999995 231.3696397872994
3.6422499999999998 224.01063688636376
3.6522499999999996 219.71041258805647
3.66225 216.36516451622293
3.6722499999999996 214.98924236335196
3.68225 212.77699631234137
3.6922499999999996 211.63429865135274
3.70225 211.4984804917345
3.7122499999999996 211.77227316760354
3.72225 211.40824196022288
3.7322499999999996 210.4415841555629
3.74225 104.92887913908518
3.7522499999999996 104.8826793518024
3.76225 104.53709064488702
3.7722499999999997 122.13530611119222
3.78225 110.93174192124143
3.7922499999999997 110.05033884133225
3.80225 111.5480092830326
3.8122499999999997 111.72440730994963
3.82225 112.13071337337544
3.8322499999999997 114.29583943364933
3.84225 110.54514321906159
3.8522499999999997 113.93067969256735
3.8622499999999995 113.38175255676907
3.8722499999999997 111.18761328632964
3.8822499999999995 110.01666742992523
3.8922499999999998 111.05448238400623
3.9022499999999996 111.7385424782413
3.91225 112.65649822768763
3.9222499999999996 113.63192638124498
3.93225 112.99719999958872
3.9422499999999996 114.09716897973692
3.95225 111.4033673224519
3.9622499999999996 107.35207974754609
3.97225 107.27937381738779
3.9822499999999996 106.76247017920494
3.99225 106.30888412613508
4.00225 105.9156618720377
4.01225 105.50019730223124
4.02225 104.9602573609015
4.0322499999999994 101.32608877331866
4.04225 99.729173963683
4.05225 99.32191981388955
4.06225 100.3013463449859
4.0722499999999995 97.76249867194421
4.08225 98.0458223107306
4.09225 98.12852195626071
4.10225 97.90404549943423
4.1122499999999995 98.0152493564953
4.122249999999999 98.03433907357655
4.13225 98.38643942569695
4.14225 128.77293481426798
4.1522499999999996 126.33052152222255
4.162249999999999 126.18246764663346
4.17225 125.96946693890824
4.18225 123.76496148016223
4.19225 118.4162945666866
4.202249999999999 114.60050235738638
4.21225 113.55005855185063
4.22225 113.50752954522906
4.23225 116.85290686549718
4.242249999999999 111.89287425994381
4.25225 111.85020929401948
4.26225 111.67986711742442
4.27225 115.76163138373037
4.2822499999999994 115.67923924395559
4.29225 116.36003942125865
4.30225 116.23799818728088
4.31225 115.91863684378104
4.3222499999999995 116.05550157947198
4.33225 119.62976123885618
4.34225 125.00305158643175
4.35225 125.12304025497427
4.3622499999999995 126.22307032488294
4.37225 125.94110364019981
4.38225 122.42286537487982
4.39225 111.08895949262684
4.4022499999999996 118.34172812380362
4.412249999999999 123.32957431494975
4.42225 122.06499791280896
4.43225 107.27367436815709
4.44225 106.96038663114432
4.452249999999999 106.39351955099437
4.46225 105.75877605492033
4.47225 105.22732957240085
4.48225 104.6663126337434
4.492249999999999 104.20288636231851
4.50225 103.73759288432451
4.51225 102.63208655382776
4.52225 101.82761003189455
4.5322499999999994 203.59853868925148
4.54225 199.69121794823792
4.55225 194.32912713661665
4.56225 191.4549832145868
4.5722499999999995 190.40542057974378
4.58225 190.87932388510578
4.59225 190.7948497833355
4.60225 192.0687847753754
4.6122499999999995 193.92092332274296
4.62225 194.2936722300595
4.63225 194.82077361044009
4.64225 194.67030681302
4.6522499999999996 195.01886401979408
4.662249999999999 193.19146828853613
4.67225 192.73185793340616
4.68225 193.7034847135311
4.69225 --undefined--
4.702249999999999 --undefined--
4.71225 --undefined--
4.72225 --undefined--
4.73225 --undefined--
4.742249999999999 --undefined--
4.75225 --undefined--
4.76225 --undefined--
4.77225 --undefined--
4.7822499999999994 --undefined--
4.79225 379.91532925732724
4.80225 382.1323570999647
4.81225 383.84558714594925
4.8222499999999995 389.0505243293824
4.83225 394.9180876025283
4.84225 400.5253449767143
4.85225 405.86627144627255
4.8622499999999995 402.59940164231546
4.87225 393.45976705391774
4.88225 388.9295645094565
4.89225 387.510478157884
4.9022499999999996 382.0167711135374
4.912249999999999 373.3191156469619
4.92225 362.1715011316468
4.93225 362.5202021108361
4.94225 377.980577592683
4.952249999999999 379.3386042399767
4.96225 358.96061956322484
4.97225 --undefined--
4.98225 --undefined--
4.992249999999999 --undefined--
5.00225 --undefined--
5.01225 --undefined--
5.02225 --undefined--
5.0322499999999994 --undefined--
5.04225 --undefined--
5.05225 371.6853088914727
5.06225 364.26493639085925
5.0722499999999995 355.13972420016165
5.08225 352.09626813481435
5.09225 351.09294703664415
5.10225 350.550069984685
5.1122499999999995 350.2369750620213
5.12225 350.07549100205154
5.13225 349.7405638579167
5.14225 349.3452883918853
5.1522499999999996 348.54598946121916
5.162249999999999 348.261063622738
5.17225 348.03712500811633
5.18225 347.43230488913883
5.19225 347.0130185592488
5.202249999999999 346.7883411433107
5.21225 346.7921984564901
5.22225 347.1381839857499
5.23225 348.0641610728731
5.242249999999999 349.28200809604635
5.25225 350.5473235750468
5.26225 350.5897385236456
5.27225 349.9504395068538
5.2822499999999994 348.7645584966797
5.29225 347.81569069343965
5.30225 346.33688135204915
5.31225 344.07424196158684
5.3222499999999995 342.7321481180266
5.33225 340.76033404771806
5.34225 330.19862925184077
5.35225 331.1508161690677
5.3622499999999995 327.29252105459085
5.37225 328.42080189939816
5.38225 327.2614651250455
5.39225 340.8890752120702
5.4022499999999996 341.4314444664839
5.412249999999999 347.96333294336023
5.42225 348.37154002315174
5.43225 348.3435219140409
5.44225 345.0526480796375
5.452249999999999 342.0112974615567
5.46225 353.24937562062166
5.47225 349.49762069399173
5.48225 348.6385839633722
5.492249999999999 347.2941036502916
5.50225 344.49998612931984
5.51225 309.17157633218596
5.52225 282.7775852103101
5.5322499999999994 275.6531841989705
5.54225 272.3820879518865
5.55225 270.21880283848856
5.56225 265.2358763587829
5.5722499999999995 262.74709301867415
5.58225 260.8897006047015
5.59225 260.1889187952976
5.60225 259.6929068123925
5.6122499999999995 258.8801072049311
5.62225 257.6311200156333
5.63225 256.8688125149279
5.64225 256.1787900928113
5.6522499999999996 255.06796785071515
5.662249999999999 253.61699352618444
5.67225 251.5641495314715
5.68225 250.4828339315659
5.69225 249.03732104202533
5.702249999999999 245.51205840595432
5.71225 --undefined--
5.72225 123.93667117946023
5.73225 118.6771913615681
5.742249999999999 118.76817186477334
5.75225 125.88744483179686
5.76225 126.96216719865701
5.77225 126.49227513153406
5.7822499999999994 119.96837811037359
5.79225 125.12967626311651
5.80225 125.69442653010283
5.81225 111.80023938753808
5.8222499999999995 --undefined--
5.83225 --undefined--
5.84225 --undefined--
5.85225 --undefined--
5.8622499999999995 --undefined--
5.87225 214.87885849475762
5.88225 215.54614395961977
5.89225 216.45059304396622
5.9022499999999996 214.92143045743595
5.912249999999999 213.3229653857042
5.92225 211.78841641907368
5.93225 209.69701209479737
5.94225 205.3833128865402
5.952249999999999 202.018100844541
5.96225 201.07743910211818
5.97225 198.88570972329728
5.98225 197.24565557535993
5.992249999999999 198.02491185102997
6.00225 198.72019986681505
6.01225 199.38932104393044
6.02225 198.3249354905775
6.0322499999999994 200.6059701091064
6.04225 202.49914540293273
6.05225 203.162371756747
6.06225 206.09491821672808
6.0722499999999995 --undefined--
6.08225 --undefined--
6.09225 108.56234697155432
6.10225 106.40308130013861
6.1122499999999995 105.06629757350902
6.12225 105.02691723736557
6.13225 107.41556836375781
6.14225 109.05542721810784
6.1522499999999996 108.75158456784902
6.16225 105.91299452559299
6.17225 102.72948577027873
6.18225 101.11936770169578
6.19225 100.55041693860723
6.202249999999999 --undefined--
6.21225 --undefined--
6.22225 --undefined--
6.23225 --undefined--
6.242249999999999 --undefined--
6.25225 --undefined--
6.26225 --undefined--
6.27225 --undefined--
6.2822499999999994 --undefined--
6.29225 --undefined--
6.30225 --undefined--
6.31225 --undefined--
6.3222499999999995 --undefined--
6.33225 --undefined--
6.34225 --undefined--
6.35225 124.47183103755887
6.3622499999999995 117.94718605246088
6.37225 117.69656514171133
6.38225 118.39134913088563
6.39225 119.06957887735327
6.4022499999999996 110.84777847624721
6.41225 110.52762046138399
6.42225 113.21415464293068
6.43225 112.90736240294497
6.44225 114.66737767446135
6.452249999999999 115.26697369205169
6.46225 107.14557276321814
6.47225 107.78015030548163
6.48225 117.64144355899094
6.492249999999999 116.78711159636815
6.50225 113.53708772686464
6.51225 113.29327587840815
6.52225 112.73763666649886
6.5322499999999994 111.9684045983039
6.54225 113.84885431402996
6.55225 115.95888674067618
6.56225 117.395921124666
6.5722499999999995 108.54868526434021
6.58225 108.35465596929228
6.59225 112.43258095016793
6.60225 116.31200009553358
6.6122499999999995 116.03315683860905
6.62225 115.41544328477792
6.63225 115.573753561455
6.64225 116.09212164578939
6.6522499999999996 114.68916652955657
6.66225 112.39726073627195
6.67225 114.13609775877741
6.68225 115.54316240550648
6.69225 116.25274908436285
6.702249999999999 115.42648475256418
6.71225 115.4939977587352
6.72225 115.2128229288118
6.73225 111.89428337867339
6.742249999999999 109.33300563786193
6.75225 111.01528316928758
6.76225 114.32052794853455
6.77225 114.55206177147318
6.7822499999999994 112.86757013309494
6.79225 --undefined--
6.80225 --undefined--
6.81225 212.50965255922392
6.8222499999999995 211.93566913813027
6.83225 167.90559412755155
6.84225 165.60184138594454
6.85225 164.39003196669543
6.8622499999999995 162.4180549863997
6.87225 159.9876507629778
6.88225 161.4551319642149
6.89225 149.67732112093165
6.9022499999999996 148.7002406703206
6.91225 --undefined--
6.92225 --undefined--
6.93225 --undefined--
6.94225 --undefined--
6.952249999999999 --undefined--
6.96225 --undefined--
6.97225 --undefined--
6.98225 --undefined--
6.992249999999999 --undefined--
7.00225 --undefined--
7.01225 --undefined--
7.02225 --undefined--
7.0322499999999994 120.90886733484207
7.04225 117.73758837944044
7.05225 109.28821907466629
7.06225 108.26946959673423
7.0722499999999995 108.97897497686222
7.08225 114.76772238484368
7.09225 111.7542825772907
7.10225 116.50577889311268
7.1122499999999995 115.64431037772422
7.12225 115.37489060807803
7.13225 113.59804089363779
7.14225 114.77562632021073
7.1522499999999996 115.57452253984809
7.16225 114.00656147899109
7.17225 113.28603804718175
7.18225 115.58834886719545
7.19225 115.2256683655562
7.202249999999999 114.14380134893935
7.21225 113.93327356809665
7.22225 111.62345915306226
7.23225 111.66842828271116
7.242249999999999 111.67348978635609
7.25225 107.0301588602597
7.26225 109.45480197646806
7.27225 116.5816556273169
7.2822499999999994 116.5519956840396
7.29225 114.72122396651773
7.30225 115.21808144756743
7.31225 113.51790197008701
7.3222499999999995 114.07503442795193
7.33225 114.36838941101131
7.34225 112.50210111600673
7.35225 115.02369239916402
7.3622499999999995 113.07731650441053
7.37225 113.8980600568079
7.38225 112.66298110296833
7.39225 113.67047485909166
7.4022499999999996 114.31592452390858
7.41225 114.55752262495585
7.42225 114.697380726946
7.43225 116.47217502542516
7.44225 116.41543203136445
7.452249999999999 112.2459636710214
7.46225 114.05794890289029
7.47225 114.3427550194493
7.48225 --undefined--
7.492249999999999 --undefined--
7.50225 --undefined--
7.51225 --undefined--
7.52225 --undefined--
7.5322499999999994 --undefined--
7.54225 --undefined--
7.55225 --undefined--
7.56225 --undefined--
7.5722499999999995 --undefined--
7.58225 --undefined--
7.59225 --undefined--
7.60225 --undefined--
7.6122499999999995 --undefined--
7.62225 --undefined--
7.63225 --undefined--
7.64225 --undefined--
7.6522499999999996 --undefined--
7.66225 --undefined--
7.67225 137.0157265635692
7.68225 114.30913431299764
7.69225 115.58036605218132
7.702249999999999 113.57474896602196
7.71225 111.88171470916882
7.72225 114.37236738995372
7.73225 113.44915151238843
7.742249999999999 113.8637863760823
7.75225 114.2190144015301
7.76225 114.82821009598555
7.77225 114.0932340866304
7.7822499999999994 114.72067650081603
7.79225 114.20441295740662
7.80225 --undefined--
7.81225 --undefined--
7.8222499999999995 --undefined--
7.83225 --undefined--
7.84225 --undefined--
7.85225 --undefined--
7.8622499999999995 --undefined--
7.87225 --undefined--
7.88225 --undefined--
7.89225 --undefined--
7.9022499999999996 --undefined--
7.91225 --undefined--
7.92225 --undefined--
7.93225 --undefined--
7.94225 --undefined--
7.95225 --undefined--
7.96225 --undefined--
7.97225 --undefined--
7.98225 --undefined--
7.992249999999999 --undefined--
8.00225 --undefined--
8.01225 --undefined--
8.02225 --undefined--
8.03225 --undefined--
8.04225 --undefined--
8.052249999999999 --undefined--
8.06225 --undefined--
8.07225 --undefined--
8.08225 --undefined--
8.09225 --undefined--
8.10225 --undefined--
8.11225 --undefined--
8.12225 --undefined--
8.132249999999999 --undefined--
8.14225 --undefined--
8.15225 --undefined--
8.16225 --undefined--
8.17225 --undefined--
8.18225 --undefined--
8.19225 --undefined--
8.20225 --undefined--
8.21225 --undefined--
8.222249999999999 --undefined--
8.23225 --undefined--
8.24225 --undefined--
8.25225 --undefined--
8.26225 --undefined--
8.27225 --undefined--
8.28225 --undefined--
8.29225 --undefined--
8.302249999999999 --undefined--
8.31225 --undefined--
8.32225 --undefined--
8.33225 --undefined--
8.34225 --undefined--
8.35225 --undefined--
8.36225 --undefined--
8.37225 --undefined--
8.382249999999999 --undefined--
8.39225 --undefined--
8.40225 --undefined--
