Time_s   F0_Hz
0.031688   50.852211
0.046688   50.891988
0.061688   --undefined--
0.076688   --undefined--
0.091688   276.415650
0.106688   275.804251
0.121688   260.808579
0.136688   245.702616
0.151688   245.773267
0.166688   244.308496
0.181688   248.496781
0.196688   249.000384
0.211688   249.905634
0.226688   273.043155
0.241688   277.146594
0.256688   288.121663
0.271688   293.414379
0.286688   289.925619
0.301688   283.695091
0.316688   280.725445
0.331688   265.952808
0.346688   250.550557
0.361688   266.444369
0.376688   265.246534
0.391688   256.108693
0.406688   256.162582
0.421688   273.040102
0.436688   316.856128
0.451688   318.882239
0.466688   --undefined--
0.481688   --undefined--
0.496688   --undefined--
0.511688   --undefined--
0.526688   398.215242
0.541688   396.546752
0.556688   395.469635
0.571688   381.233926
0.586688   377.190071
0.601688   389.863534
0.616688   376.145836
0.631688   372.958965
0.646688   377.555173
0.661688   397.253654
0.676688   391.903405
0.691688   380.668694
0.706688   380.388295
0.721688   376.548443
0.736688   --undefined--
0.751688   --undefined--
0.766688   --undefined--
0.781688   --undefined--
0.796688   --undefined--
0.811688   --undefined--
0.826688   --undefined--
0.841688   --undefined--
0.856688   --undefined--
0.871688   --undefined--
0.886688   --undefined--
0.901688   --undefined--
0.916688   --undefined--
0.931688   --undefined--
0.946688   --undefined--
0.961688   250.299319
0.976688   247.768713
0.991688   243.306579
1.006688   241.585595
1.021688   242.124279
1.036688   241.165219
1.051688   239.906244
1.066688   238.752955
1.081688   237.011531
1.096688   234.177410
1.111688   230.210036
1.126688   226.028157
1.141688   224.479685
1.156688   223.676399
1.171688   221.089337
1.186688   217.383329
1.201688   217.582775
1.216688   216.304292
1.231688   213.854431
1.246688   211.071030
1.261688   208.444655
1.276688   205.470947
1.291688   202.156125
1.306688   200.525282
1.321688   199.181771
1.336688   196.839065
1.351688   191.599004
1.366688   188.556435
1.381688   190.015561
1.396688   225.008733
1.411688   248.012203
1.426688   256.744720
1.441688   258.812111
1.456688   290.981703
1.471688   --undefined--
1.486688   --undefined--
1.501688   --undefined--
1.516688   --undefined--
1.531688   --undefined--
1.546688   --undefined--
1.561688   --undefined--
1.576688   --undefined--
1.591688   --undefined--
1.606688   --undefined--
1.621688   --undefined--
1.636688   --undefined--
1.651688   --undefined--
1.666688   --undefined--
1.681688   --undefined--
1.696688   --undefined--
1.711688   55.911238
1.726688   51.127349
1.741688   57.150241
1.756688   --undefined--
1.771688   --undefined--
1.786688   --undefined--
1.801688   301.391520
1.816688   301.295991
1.831688   290.346265
1.846688   278.808991
1.861688   273.761025
1.876688   280.506162
1.891688   288.245790
1.906688   290.367689
1.921688   292.039983
1.936688   293.624469
1.951688   294.567513
1.966688   297.650492
1.981688   307.881427
1.996688   318.716976
2.011688   322.880507
2.026688   285.398214
2.041688   256.436568
2.056688   --undefined--
2.071688   --undefined--
2.086688   --undefined--
2.101688   --undefined--
2.116688   --undefined--
2.131688   --undefined--
2.146688   309.199852
2.161688   310.326002
2.176688   302.832092
2.191688   287.067432
2.206688   265.439721
2.221688   240.924616
2.236688   234.173960
2.251688   250.115686
2.266688   271.933325
2.281688   272.808553
2.296688   272.522230
2.311688   271.573102
2.326688   270.852512
2.341688   270.283208
2.356688   262.948594
2.371688   249.131400
2.386688   273.104304
2.401688   --undefined--
2.416688   --undefined--
2.431688   --undefined--
2.446688   224.077878
2.461688   220.456496
2.476688   217.214377
2.491688   212.363836
2.506688   204.241472
2.521688   191.797214
2.536688   --undefined--
2.551688   --undefined--
2.566688   225.342676
2.581688   227.116270
2.596688   236.902837
2.611688   240.686399
2.626688   243.549521
2.641688   247.417525
2.656688   251.783186
2.671688   254.678147
2.686688   284.884509
2.701688   285.791928
2.716688   283.100476
2.731688   280.358881
2.746688   286.489867
2.761688   262.850772
2.776688   226.334250
2.791688   221.763742
2.806688   --undefined--
2.821688   --undefined--
2.836688   211.842366
2.851688   212.638427
2.866688   210.361692
2.881688   204.205294
2.896688   201.048660
2.911688   197.094141
2.926688   192.791612
2.941688   189.033770
2.956688   184.960054
2.971688   185.067763
2.986688   186.842707
3.001688   187.604718
3.016688   187.241321
3.031688   186.561753
3.046688   186.373075
3.061688   187.618341
3.076688   187.979568
3.091688   185.647542
3.106688   --undefined--
3.121688   --undefined--
3.136688   --undefined--
3.151688   --undefined--
3.166688   215.496942
3.181688   215.286920
3.196688   197.665686
3.211688   184.979285
3.226688   203.749543
3.241688   205.056094
3.256688   196.255673
3.271688   190.513131
3.286688   188.736648
3.301688   188.096525
3.316688   188.708558
3.331688   189.733015
3.346688   191.868320
3.361688   193.764632
3.376688   --undefined--
3.391688   --undefined--
3.406688   --undefined--
3.421688   --undefined--
3.436688   --undefined--
3.451688   224.635861
3.466688   214.918226
3.481688   206.435509
3.496688   193.816459
3.511688   --undefined--
3.526688   --undefined--
3.541688   --undefined--
3.556688   --undefined--
3.571688   --undefined--
3.586688   --undefined--
3.601688   --undefined--
3.616688   --undefined--
3.631688   --undefined--
3.646688   --undefined--
3.661688   --undefined--
3.676688   79.823028
3.691688   81.352690
3.706688   --undefined--
3.721688   --undefined--
3.736688   --undefined--
3.751688   --undefined--
3.766688   --undefined--
3.781688   --undefined--
3.796688   --undefined--
3.811688   --undefined--
3.826688   --undefined--
3.841688   --undefined--
3.856688   --undefined--
3.871688   --undefined--
3.886688   --undefined--
3.901688   --undefined--
3.916688   --undefined--
3.931688   --undefined--
3.946688   384.116615
3.961688   --undefined--
3.976688   --undefined--
3.991688   --undefined--
4.006688   --undefined--
4.021688   --undefined--
4.036688   --undefined--
4.051688   --undefined--
4.066688   --undefined--
4.081688   204.424593
4.096688   200.526671
4.111688   192.150200
4.126688   186.688029
4.141688   182.992579
4.156688   180.196768
4.171688   177.684608
4.186688   177.363312
4.201688   180.176466
4.216688   181.553642
4.231688   181.536834
4.246688   179.207564
4.261688   --undefined--
4.276688   --undefined--
4.291688   --undefined--
4.306688   --undefined--
4.321688   --undefined--
4.336688   --undefined--
4.351688   --undefined--
4.366688   --undefined--
4.381688   193.761609
4.396688   192.329645
4.411688   189.922673
4.426688   188.497643
4.441688   187.247909
4.456688   185.285254
4.471688   182.493324
4.486688   184.391151
4.501688   189.748997
4.516688   192.091616
4.531688   191.579358
4.546688   190.129104
4.561688   187.852726
4.576688   186.609600
4.591688   186.255826
4.606688   185.290684
4.621688   183.691982
4.636688   182.217585
4.651688   181.485587
4.666688   181.335392
4.681688   180.205363
4.696688   179.061103
4.711688   178.781596
4.726688   179.181136
4.741688   180.728266
4.756688   183.643111
4.771688   186.538154
4.786688   --undefined--
4.801688   --undefined--
4.816688   --undefined--
4.831688   --undefined--
4.846688   --undefined--
4.861688   --undefined--
4.876688   --undefined--
4.891688   --undefined--
4.906688   357.837777
4.921688   238.626909
4.936688   237.529853
4.951688   238.961290
4.966688   --undefined--
4.981688   388.381534
4.996688   389.836958
5.011688   315.545831
5.026688   --undefined--
5.041688   --undefined--
5.056688   --undefined--
5.071688   59.065596
5.086688   --undefined--
5.101688   --undefined--
5.116688   --undefined--
5.131688   --undefined--
5.146688   --undefined--
5.161688   --undefined--
5.176688   --undefined--
5.191688   --undefined--
5.206688   --undefined--
5.221688   --undefined--
5.236688   --undefined--
5.251688   --undefined--
5.266688   --undefined--
5.281688   --undefined--
5.296688   --undefined--
5.311688   --undefined--
5.326688   --undefined--
5.341688   --undefined--
5.356688   --undefined--
5.371688   --undefined--
5.386688   --undefined--
5.401688   --undefined--
5.416688   228.102161
5.431688   239.104575
5.446688   233.646473
5.461688   230.675127
5.476688   228.360298
5.491688   227.408733
5.506688   227.521069
5.521688   227.609224
5.536688   228.021991
5.551688   226.944709
5.566688   216.604825
5.581688   207.640445
5.596688   203.793887
5.611688   203.123117
5.626688   203.465137
5.641688   204.163094
5.656688   204.621742
5.671688   207.255162
5.686688   211.162960
5.701688   214.721602
5.716688   220.869473
5.731688   235.063070
5.746688   250.805365
5.761688   262.640558
5.776688   274.458204
5.791688   287.157261
5.806688   290.138565
5.821688   283.718095
5.836688   268.639034
5.851688   255.186588
5.866688   256.584276
5.881688   --undefined--
5.896688   --undefined--
5.911688   --undefined--
5.926688   --undefined--
5.941688   --undefined--
5.956688   --undefined--
5.971688   --undefined--
5.986688   --undefined--
6.001688   --undefined--
6.016688   --undefined--
6.031688   --undefined--
6.046688   --undefined--
6.061688   --undefined--
6.076688   216.183862
6.091688   212.193799
6.106688   204.398743
6.121688   188.822762
6.136688   179.174412
6.151688   175.459510
6.166688   174.386853
6.181688   173.524030
6.196688   172.420135
6.211688   172.659567
6.226688   173.826531
6.241688   175.128810
6.256688   175.322035
6.271688   175.236212
6.286688   179.450602
6.301688   186.710882
6.316688   196.500685
6.331688   210.367398
6.346688   --undefined--
6.361688   --undefined--
6.376688   --undefined--
6.391688   --undefined--
6.406688   --undefined--
6.421688   --undefined--
6.436688   --undefined--
6.451688   --undefined--
6.466688   --undefined--
6.481688   --undefined--
6.496688   --undefined--
6.511688   213.641461
6.526688   221.007651
6.541688   208.543806
6.556688   193.851612
6.571688   187.201922
6.586688   186.484780
6.601688   185.331419
6.616688   184.315926
6.631688   --undefined--
6.646688   --undefined--
6.661688   --undefined--
6.676688   --undefined--
6.691688   --undefined--
6.706688   --undefined--
6.721688   --undefined--
6.736688   --undefined--
6.751688   --undefined--
6.766688   --undefined--
6.781688   --undefined--
6.796688   --undefined--
6.811688   --undefined--
6.826688   --undefined--
6.841688   --undefined--
6.856688   --undefined--
6.871688   --undefined--
6.886688   --undefined--
6.901688   --undefined--
6.916688   250.971030
6.931688   206.033959
6.946688   198.247117
6.961688   190.489844
6.976688   186.184656
6.991688   184.928518
7.006688   184.396894
7.021688   185.635407
7.036688   185.319148
7.051688   184.166917
7.066688   183.155921
7.081688   182.309105
7.096688   181.760505
7.111688   181.855475
7.126688   185.300490
7.141688   189.470772
7.156688   193.244670
7.171688   194.820408
7.186688   192.241387
7.201688   185.790009
7.216688   --undefined--
7.231688   --undefined--
7.246688   --undefined--
7.261688   --undefined--
7.276688   --undefined--
7.291688   --undefined--
7.306688   241.014468
7.321688   246.445554
7.336688   251.950372
7.351688   254.321647
7.366688   252.853218
7.381688   249.556539
7.396688   284.921071
7.411688   286.865805
7.426688   282.727111
7.441688   276.217825
7.456688   270.074900
7.471688   263.496197
7.486688   253.725650
7.501688   --undefined--
7.516688   --undefined--
7.531688   --undefined--
7.546688   --undefined--
7.561688   --undefined--
7.576688   --undefined--
7.591688   --undefined--
7.606688   --undefined--
7.621688   --undefined--
7.636688   --undefined--
7.651688   --undefined--
7.666688   204.403991
7.681688   188.812935
7.696688   --undefined--
7.711688   --undefined--
7.726688   --undefined--
7.741688   --undefined--
7.756688   --undefined--
7.771688   66.937542
7.786688   66.585803
7.801688   73.650678
7.816688   59.978136
7.831688   --undefined--
7.846688   --undefined--
7.861688   --undefined--
7.876688   110.956275
7.891688   110.224295
7.906688   --undefined--
7.921688   --undefined--
7.936688   --undefined--
7.951688   --undefined--
7.966688   --undefined--
7.981688   --undefined--
7.996688   --undefined--
8.011688   --undefined--
8.026688   --undefined--
8.041688   --undefined--
8.056688   --undefined--
8.071687   --undefined--
8.086688   393.999063
8.101688   392.608947
8.116687   397.894003
8.131688   314.228487
8.146688   313.842681
8.161687   --undefined--
8.176687   --undefined--
8.191688   --undefined--
8.206687   --undefined--
8.221687   --undefined--
8.236688   --undefined--
8.251687   --undefined--
8.266687   --undefined--
8.281688   --undefined--
8.296688   --undefined--
8.311687   --undefined--
8.326688   --undefined--
8.341688   --undefined--
8.356687   --undefined--
8.371688   --undefined--
8.386688   --undefined--
8.401687   --undefined--
8.416688   --undefined--
8.431688   --undefined--
8.446687   --undefined--
8.461688   --undefined--
8.476688   --undefined--
8.491687   --undefined--
8.506688   244.248040
8.521688   238.781364
8.536687   233.383087
8.551687   231.085220
8.566688   235.884635
8.581687   241.310620
8.596687   243.439184
8.611688   241.587269
8.626687   237.890811
8.641687   233.818881
8.656688   230.524529
8.671688   229.109495
8.686687   227.634239
8.701688   225.382800
8.716688   222.268421
8.731687   219.786010
8.746688   217.514322
8.761688   215.742545
8.776687   215.026493
8.791688   214.897851
8.806688   214.399482
8.821687   213.449509
8.836688   211.820143
8.851688   210.048186
8.866687   207.233481
8.881688   203.518888
8.896688   199.186042
8.911687   197.093266
8.926687   197.909800
8.941688   197.729289
8.956687   195.240080
8.971687   192.977420
8.986688   191.077138
9.001687   190.364746
9.016687   190.365347
9.031688   --undefined--
9.046687   --undefined--
9.061687   --undefined--
9.076688   --undefined--
9.091688   82.583102
9.106687   --undefined--
9.121688   --undefined--
9.136688   --undefined--
9.151687   --undefined--
9.166688   --undefined--
9.181688   --undefined--
9.196687   --undefined--
9.211688   --undefined--
9.226688   --undefined--
9.241687   --undefined--
9.256688   --undefined--
9.271688   --undefined--
9.286687   --undefined--
9.301687   --undefined--
9.316688   --undefined--
9.331687   --undefined--
9.346687   --undefined--
9.361688   --undefined--
9.376687   224.342261
9.391687   220.536099
9.406688   217.188854
9.421687   215.987277
9.436687   214.530513
9.451688   214.813457
9.466688   216.588734
9.481687   215.265848
9.496688   214.405042
9.511688   215.793759
9.526687   216.885241
9.541688   216.491684
9.556688   217.137597
9.571687   217.693437
9.586688   214.930476
9.601688   209.117376
9.616687   --undefined--
9.631688   --undefined--
9.646688   396.037414
9.661687   379.315187
9.676687   382.466752
9.691688   363.648944
9.706687   267.029402
9.721687   266.691913
9.736688   267.062087
9.751687   264.412121
9.766687   261.067794
9.781688   257.676426
9.796687   249.103660
9.811687   247.358911
9.826688   --undefined--
9.841688   --undefined--
9.856687   --undefined--
9.871688   --undefined--
9.886688   --undefined--
9.901687   --undefined--
9.916688   259.046485
9.931688   257.545054
9.946687   241.893090
9.961688   230.748064
9.976688   221.412770
9.991687   214.056942
10.006688   208.800181
10.021688   202.891012
10.036687   194.767020
10.051688   186.163259
10.066688   188.666736
10.081687   201.558681
10.096688   205.781896
10.111688   205.894671
10.126687   206.685815
10.141688   210.962649
10.156688   218.358848
10.171687   --undefined--
10.186688   --undefined--
10.201688   --undefined--
10.216688   --undefined--
10.231688   --undefined--
10.246688   --undefined--
10.261688   --undefined--
10.276688   --undefined--
10.291688   --undefined--
10.306688   --undefined--
10.321687   --undefined--
10.336688   --undefined--
10.351688   --undefined--
10.366687   --undefined--
10.381688   --undefined--
10.396688   --undefined--
10.411687   --undefined--
10.426688   --undefined--
10.441688   --undefined--
10.456687   --undefined--
10.471688   --undefined--
10.486688   --undefined--
10.501687   --undefined--
10.516688   --undefined--
10.531688   --undefined--
10.546687   --undefined--
10.561688   --undefined--
10.576688   --undefined--
10.591687   --undefined--
10.606688   --undefined--
10.621688   --undefined--
10.636688   --undefined--
10.651688   237.442394
10.666688   229.364947
10.681688   224.857284
10.696687   219.559999
10.711688   216.156635
10.726688   212.137242
10.741687   208.143927
10.756688   205.179251
10.771688   203.303668
10.786687   200.856809
10.801688   194.239210
10.816688   --undefined--
10.831687   --undefined--
10.846688   --undefined--
10.861688   212.377160
10.876687   206.684133
10.891688   200.943862
10.906688   194.516420
10.921687   191.013704
10.936688   188.833662
10.951688   187.631143
10.966687   185.329905
10.981688   182.858768
10.996688   184.343708
11.011688   182.042883
11.026688   --undefined--
11.041688   --undefined--
11.056688   --undefined--
11.071687   --undefined--
11.086688   --undefined--
11.101688   --undefined--
11.116687   --undefined--
11.131688   --undefined--
11.146688   --undefined--
11.161687   --undefined--
11.176688   --undefined--
11.191688   --undefined--
11.206687   --undefined--
11.221688   --undefined--
11.236688   --undefined--
11.251687   160.658304
11.266688   161.987167
11.281688   167.883807
11.296687   --undefined--
11.311688   --undefined--
11.326688   --undefined--
11.341687   --undefined--
11.356688   --undefined--
11.371688   --undefined--
11.386688   --undefined--
11.401688   213.773757
11.416688   222.081881
11.431688   243.297199
11.446687   257.402091
11.461688   268.612131
11.476688   282.936688
11.491687   296.681003
11.506688   307.071467
11.521688   318.629341
11.536687   321.145017
11.551688   308.678487
11.566688   304.256338
