mean: 226.1279368439424 std: 40.677009630694386
0.02262499999999978 --undefined--
0.03262499999999978 --undefined--
0.04262499999999978 --undefined--
0.05262499999999978 --undefined--
0.06262499999999978 --undefined--
0.07262499999999979 --undefined--
0.08262499999999978 --undefined--
0.09262499999999979 --undefined--
0.10262499999999979 --undefined--
0.11262499999999978 --undefined--
0.12262499999999979 --undefined--
0.13262499999999977 --undefined--
0.14262499999999978 --undefined--
0.1526249999999998 --undefined--
0.1626249999999998 --undefined--
0.17262499999999978 --undefined--
0.1826249999999998 --undefined--
0.1926249999999998 --undefined--
0.20262499999999978 --undefined--
0.2126249999999998 --undefined--
0.2226249999999998 --undefined--
0.23262499999999978 --undefined--
0.24262499999999979 259.9955367240168
0.25262499999999977 260.40871140270457
0.2626249999999998 262.0415587704696
0.2726249999999998 263.1655735598875
0.2826249999999998 262.93233586206
0.2926249999999998 263.14526465051534
0.3026249999999998 263.5179967791956
0.31262499999999976 263.22701871398726
0.3226249999999998 261.6668261364797
0.3326249999999998 263.00784287494264
0.3426249999999998 267.88892504940844
0.3526249999999998 277.2081588564918
0.3626249999999998 289.7178546834584
0.3726249999999998 289.8887359637688
0.38262499999999977 281.09947979614657
0.3926249999999998 276.0475436121548
0.4026249999999998 282.759428449997
0.4126249999999998 300.1402293003312
0.4226249999999998 307.1217142510211
0.4326249999999998 306.8878048697612
0.44262499999999977 305.4395712683444
0.4526249999999998 304.46213172731495
0.4626249999999998 303.56991970366624
0.4726249999999998 302.8502610581949
0.4826249999999998 302.561468700285
0.4926249999999998 301.9839290138861
0.5026249999999998 301.34088573070267
0.5126249999999998 300.6520838161653
0.5226249999999998 300.5427548212348
0.5326249999999998 299.81678606249517
0.5426249999999998 298.748749939069
0.5526249999999998 296.3547412070466
0.5626249999999998 294.0215852806133
0.5726249999999998 293.992676418618
0.5826249999999998 294.75541956265545
0.5926249999999998 295.2913638429647
0.6026249999999997 295.79145792500236
0.6126249999999998 296.2830292521702
0.6226249999999998 295.8989800548136
0.6326249999999998 295.273395640841
0.6426249999999998 295.20601729284795
0.6526249999999998 295.2953988979602
0.6626249999999998 295.3606218640255
0.6726249999999998 295.2322466620334
0.6826249999999998 296.1531704505127
0.6926249999999998 295.49483890129426
0.7026249999999998 295.284452818773
0.7126249999999998 296.0455077910972
0.7226249999999999 296.4730418366182
0.7326249999999997 296.54649049884534
0.7426249999999998 295.21946007791365
0.7526249999999998 296.3459432395579
0.7626249999999998 299.14986653585555
0.7726249999999998 297.5335082426955
0.7826249999999998 296.82223808816946
0.7926249999999998 296.47761636265017
0.8026249999999998 296.2242656654194
0.8126249999999998 295.7520610648224
0.8226249999999998 294.2887572535927
0.8326249999999998 382.9802720579478
0.8426249999999998 384.2102708230901
0.8526249999999999 377.48212735517257
0.8626249999999998 295.2070479573478
0.8726249999999998 296.65811385360064
0.8826249999999998 295.231833262574
0.8926249999999998 295.00453833656144
0.9026249999999998 291.4240249132018
0.9126249999999998 287.07686225515306
0.9226249999999998 280.6352383248017
0.9326249999999998 275.654262017324
0.9426249999999998 274.44086806500906
0.9526249999999998 274.1197017436906
0.9626249999999998 276.2018794555345
0.9726249999999999 272.1627607885669
0.9826249999999997 276.39085661175363
0.9926249999999998 254.04186790849326
1.0026249999999997 251.99503255586512
1.0126249999999997 250.91181374877146
1.0226249999999997 249.75522379738996
1.0326249999999997 248.025356942501
1.0426249999999997 246.35720997300317
1.0526249999999997 256.4227379222573
1.0626249999999997 244.0493027637332
1.0726249999999997 244.0939110994417
1.0826249999999997 243.55767159821212
1.0926249999999997 240.8588316882558
1.1026249999999997 --undefined--
1.1126249999999998 --undefined--
1.1226249999999998 --undefined--
1.1326249999999998 254.73965669033166
1.1426249999999998 253.96485908218648
1.1526249999999998 254.16514283465187
1.1626249999999998 247.85268713883517
1.1726249999999998 242.4479560250845
1.1826249999999996 239.12334065314624
1.1926249999999996 228.70427364399103
1.2026249999999996 223.82438852749377
1.2126249999999996 --undefined--
1.2226249999999996 --undefined--
1.2326249999999996 --undefined--
1.2426249999999996 --undefined--
1.2526249999999997 --undefined--
1.2626249999999997 --undefined--
1.2726249999999997 --undefined--
1.2826249999999997 --undefined--
1.2926249999999997 --undefined--
1.3026249999999997 --undefined--
1.3126249999999997 --undefined--
1.3226249999999997 --undefined--
1.3326249999999997 --undefined--
1.3426249999999997 --undefined--
1.3526249999999997 --undefined--
1.3626249999999998 --undefined--
1.3726249999999998 201.483415204655
1.3826249999999998 199.75420104601375
1.3926249999999998 196.2185875304763
1.4026249999999998 192.26627002219718
1.4126249999999998 189.93917641761834
1.4226249999999998 185.63553986267655
1.4326249999999996 182.57278285875827
1.4426249999999996 180.20209490274058
1.4526249999999996 178.69062097217756
1.4626249999999996 177.41954018498248
1.4726249999999996 176.1917766970297
1.4826249999999996 175.0015946837922
1.4926249999999996 172.26613839735012
1.5026249999999997 171.41985229689118
1.5126249999999997 170.00232193110762
1.5226249999999997 168.5820383529081
1.5326249999999997 167.15983922130843
1.5426249999999997 176.14600481660526
1.5526249999999997 179.55405596885942
1.5626249999999997 177.35524821145555
1.5726249999999997 176.40048611679933
1.5826249999999997 --undefined--
1.5926249999999997 --undefined--
1.6026249999999997 --undefined--
1.6126249999999998 --undefined--
1.6226249999999998 --undefined--
1.6326249999999998 --undefined--
1.6426249999999998 --undefined--
1.6526249999999998 --undefined--
1.6626249999999998 --undefined--
1.6726249999999998 --undefined--
1.6826249999999998 232.86528851209204
1.6926249999999996 231.278785026881
1.7026249999999996 232.72332376652656
1.7126249999999996 237.56020189338187
1.7226249999999996 238.97514870256884
1.7326249999999996 236.55178487032558
1.7426249999999996 232.28081792241142
1.7526249999999997 234.7575400496285
1.7626249999999997 237.37312846331722
1.7726249999999997 235.80318168416306
1.7826249999999997 232.8128241124913
1.7926249999999997 232.88877955047323
1.8026249999999997 235.38946007411712
1.8126249999999997 235.1484601504794
1.8226249999999997 239.01153521808456
1.8326249999999997 243.52304193092888
1.8426249999999997 241.6494490345959
1.8526249999999997 239.91526049352004
1.8626249999999998 240.20679166508322
1.8726249999999998 241.47317012830766
1.8826249999999998 --undefined--
1.8926249999999998 --undefined--
1.9026249999999998 --undefined--
1.9126249999999998 --undefined--
1.9226249999999998 --undefined--
1.9326249999999998 --undefined--
1.9426249999999996 --undefined--
1.9526249999999996 --undefined--
1.9626249999999996 --undefined--
1.9726249999999996 --undefined--
1.9826249999999996 --undefined--
1.9926249999999996 229.16579620466194
2.0026249999999997 227.50792980046322
2.012625 225.33568142421703
2.0226249999999997 223.65243636690226
2.032625 222.6889819714641
2.0426249999999997 222.18578496229767
2.052625 221.549344086971
2.0626249999999997 220.3308492060937
2.0726249999999995 219.34240834861674
2.0826249999999997 219.03187139678238
2.0926249999999995 219.01517005025588
2.1026249999999997 218.81989229806405
2.1126249999999995 218.9640204727861
2.1226249999999998 218.17757079504008
2.1326249999999995 214.3025168846456
2.142625 213.19960812993696
2.1526249999999996 210.43090494315732
2.162625 211.46359813622396
2.1726249999999996 213.63618087468936
2.182625 214.94382290366252
2.1926249999999996 215.09722914256153
2.202625 214.27420124356655
2.2126249999999996 213.42455347870472
2.222625 211.5754437203315
2.2326249999999996 208.68284561621658
2.242625 207.772428704469
2.2526249999999997 211.8509706610671
2.262625 210.3771353534707
2.2726249999999997 210.4817981279812
2.282625 210.84098250072847
2.2926249999999997 212.3299514325176
2.302625 212.40711671244193
2.3126249999999997 204.97027449687792
2.322625 204.2913409120035
2.3326249999999997 203.87187627025233
2.3426249999999995 201.38471555845234
2.3526249999999997 198.77962226913263
2.3626249999999995 198.4610108282299
2.3726249999999998 198.28496426508573
2.3826249999999995 197.06194886824431
2.392625 195.33455414308497
2.4026249999999996 193.76155745360975
2.412625 192.74797122895538
2.4226249999999996 191.58020709664623
2.432625 190.4227628730652
2.4426249999999996 189.78466477622067
2.452625 189.41305796417376
2.4626249999999996 189.08666935456128
2.472625 187.86686934903696
2.4826249999999996 188.32883855925567
2.492625 188.66000948553892
2.5026249999999997 188.6555505262591
2.512625 188.87083899162326
2.5226249999999997 189.3409818601263
2.532625 189.86377990050426
2.5426249999999997 189.40564239176416
2.552625 189.82414892101548
2.5626249999999997 190.26361553675036
2.572625 190.35666077302466
2.5826249999999997 190.4333305263834
2.5926249999999995 --undefined--
2.6026249999999997 210.9743769208086
2.6126249999999995 206.99613706014014
2.6226249999999998 204.2270290489675
2.6326249999999995 201.17362876680346
2.642625 196.85300149073404
2.6526249999999996 192.7443354531359
2.662625 190.03246560005422
2.6726249999999996 188.46069240433823
2.682625 187.68131621365083
2.6926249999999996 187.5612687263822
2.702625 187.4673289325632
2.7126249999999996 187.1416325060341
2.722625 186.9816167542927
2.7326249999999996 187.127905535026
2.742625 187.506416558698
2.7526249999999997 187.7874554580308
2.762625 187.97731379202784
2.7726249999999997 187.93940766735855
2.782625 187.8415648453093
2.7926249999999997 188.0532048928669
2.802625 188.15544504604952
2.8126249999999997 187.8983801509029
2.822625 187.8555333445086
2.8326249999999997 187.81240240639167
2.8426249999999995 187.62150924302037
2.8526249999999997 186.77327027490364
2.8626249999999995 --undefined--
2.8726249999999998 --undefined--
2.8826249999999995 --undefined--
2.892625 --undefined--
2.9026249999999996 --undefined--
2.912625 --undefined--
2.9226249999999996 --undefined--
2.932625 --undefined--
2.9426249999999996 --undefined--
2.952625 --undefined--
2.9626249999999996 --undefined--
2.972625 --undefined--
2.9826249999999996 --undefined--
2.992625 --undefined--
3.0026249999999997 --undefined--
3.012625 --undefined--
3.0226249999999997 --undefined--
3.032625 --undefined--
3.0426249999999997 --undefined--
3.052625 --undefined--
3.0626249999999997 --undefined--
3.072625 --undefined--
3.0826249999999997 --undefined--
3.092625 220.59203997107485
3.1026249999999997 222.04917779982705
3.1126249999999995 221.28146018704032
3.1226249999999998 219.7477262087157
3.1326249999999995 219.4656878558381
3.142625 219.71730353671305
3.1526249999999996 219.76054523579353
3.162625 219.49483661360512
3.1726249999999996 218.87758760151635
3.182625 219.00157784314982
3.1926249999999996 219.534774824695
3.202625 218.57547207380614
3.2126249999999996 216.73070299277407
3.222625 215.40786820689252
3.2326249999999996 214.06454811419374
3.242625 213.76289114927675
3.2526249999999997 214.15956168328705
3.262625 214.38827558574607
3.2726249999999997 214.58057979405444
3.282625 215.26275268219132
3.2926249999999997 216.16350207962572
3.302625 215.16273656637733
3.3126249999999997 215.85161842046887
3.322625 215.04250734782846
3.3326249999999997 214.058884420972
3.342625 214.18301759913788
3.3526249999999997 214.47945374641765
3.3626249999999995 214.832110904286
3.3726249999999998 215.21087255549827
3.3826249999999995 215.71461266225919
3.392625 215.15295482038047
3.4026249999999996 214.46832217568
3.412625 214.5970973881387
3.4226249999999996 218.185262434263
3.432625 214.63857329980462
3.4426249999999996 209.71367124800494
3.452625 206.30546863869895
3.4626249999999996 204.30773400868864
3.472625 202.2947699389084
3.4826249999999996 199.94442796299296
3.492625 198.35947750068183
3.5026249999999997 199.38304346687707
3.512625 198.89681076988808
3.5226249999999997 198.63517863355898
3.532625 199.43002139226834
3.5426249999999997 200.8262879300003
3.552625 201.29688117716074
3.5626249999999997 200.2332209899826
3.572625 201.81337883723685
3.5826249999999997 201.3940599428104
3.592625 203.1979048616155
3.6026249999999997 206.37784785523158
3.6126249999999995 204.54689082913418
3.6226249999999998 201.61926486437505
3.6326249999999995 199.14471024646252
3.642625 196.4162516835767
3.6526249999999996 193.0161491698187
3.662625 188.43281261603644
3.6726249999999996 184.87068316376647
3.682625 182.6370450186419
3.6926249999999996 180.47866290242078
3.702625 180.3016079235377
3.7126249999999996 180.17495706944328
3.722625 179.82027282554807
3.7326249999999996 179.95580291570883
3.742625 181.19436053290673
3.7526249999999997 179.6356272562596
3.762625 177.74419885362542
3.7726249999999997 177.3699295306074
3.782625 176.93898890637155
3.7926249999999997 177.90022022573442
3.802625 177.7286473444296
3.8126249999999997 177.8065494811996
3.822625 179.29941675562745
3.8326249999999997 179.6824747960098
3.842625 178.97924639097516
3.8526249999999997 177.9500762699632
3.8626249999999995 --undefined--
3.8726249999999998 --undefined--
3.8826249999999995 --undefined--
3.892625 --undefined--
3.9026249999999996 --undefined--
3.912625 --undefined--
3.9226249999999996 --undefined--
3.932625 --undefined--
3.9426249999999996 364.60445849825373
3.952625 364.65284218033463
3.9626249999999996 --undefined--
3.972625 --undefined--
3.9826249999999996 --undefined--
3.992625 --undefined--
4.002625 --undefined--
4.012625 --undefined--
4.022625 --undefined--
4.0326249999999995 --undefined--
4.042625 --undefined--
4.052625 --undefined--
4.062625 --undefined--
4.0726249999999995 --undefined--
4.082625 --undefined--
4.092625 --undefined--
4.102625 --undefined--
4.1126249999999995 --undefined--
4.122624999999999 --undefined--
4.132625 --undefined--
4.142625 --undefined--
4.152625 --undefined--
4.162624999999999 --undefined--
4.172625 --undefined--
4.182625 --undefined--
4.192625 --undefined--
4.202624999999999 --undefined--
4.212625 --undefined--
4.222625 --undefined--
4.232625 --undefined--
4.242624999999999 --undefined--
4.252625 --undefined--
4.262625 --undefined--
4.272625 --undefined--
4.2826249999999995 --undefined--
4.292625 --undefined--
4.302625 --undefined--
4.312625 --undefined--
4.3226249999999995 --undefined--
4.332625 --undefined--
4.342625 --undefined--
4.352625 --undefined--
4.3626249999999995 --undefined--
4.372625 --undefined--
4.382625 --undefined--
4.392625 --undefined--
4.402625 --undefined--
4.412624999999999 --undefined--
4.422625 --undefined--
4.432625 --undefined--
4.442625 --undefined--
4.452624999999999 269.4444260409343
4.462625 265.00975708434436
4.472625 266.3080224779686
4.482625 264.99723281949446
4.492624999999999 262.8934387393616
4.502625 261.45390154795973
4.512625 261.4610450341607
4.522625 263.31090276598934
4.5326249999999995 263.2244123449263
4.542625 261.37115255703145
4.552625 262.49627850055185
4.562625 261.67300353386906
4.5726249999999995 263.04726564686695
4.582625 264.58391036859445
4.592625 254.08756725919827
4.602625 252.9005634694799
4.6126249999999995 250.740649759574
4.622625 248.17274515353836
4.632625 244.64664117018026
4.642625 242.37494178984056
4.652625 241.53780415526768
4.662624999999999 243.50365069320023
4.672625 245.0840425892675
4.682625 242.19858225111165
4.692625 241.1001291968247
4.702624999999999 242.71848860308745
4.712625 242.9677159866906
4.722625 244.55150276163863
4.732625 --undefined--
4.742624999999999 --undefined--
4.752625 --undefined--
4.762625 --undefined--
4.772625 --undefined--
4.7826249999999995 --undefined--
4.792625 --undefined--
4.802625 240.9438989682828
4.812625 264.95426099250284
4.8226249999999995 267.5879423071465
4.832625 267.74389374489834
4.842625 267.1210099442441
4.852625 263.6663280289083
4.8626249999999995 259.49198184122247
4.872625 258.76246905389104
4.882625 254.2011493096562
4.892625 250.1391843075703
4.902625 251.08624968654658
4.912624999999999 242.98626866927052
4.922625 243.06655217038568
4.932625 246.3071737697983
4.942625 246.29507472960918
4.952624999999999 246.5169028759544
4.962625 236.18126029175198
4.972625 239.51521503067744
4.982625 240.42465949678194
4.992624999999999 238.3918052086779
5.002625 233.95706736264793
5.012625 233.7728071785963
5.022625 236.56286281855824
5.0326249999999995 232.6149784937035
5.042625 236.40672996352424
5.052625 234.72569596526884
5.062625 231.66602495314257
5.0726249999999995 217.04575911679515
5.082625 220.23466624253794
5.092625 224.7386772278247
5.102625 225.75030478385565
5.1126249999999995 225.79710236689158
5.122625 215.97682021960688
5.132625 214.00765874578042
5.142625 214.85355829705978
5.152625 215.81201803146303
5.162624999999999 214.8491766000468
5.172625 213.50837322423757
5.182625 210.0399359364924
5.192625 207.45423871729946
5.202624999999999 209.97503289567484
5.212625 212.92646139781635
5.222625 213.01658048024265
5.232625 --undefined--
5.242624999999999 --undefined--
5.252625 449.958639358918
5.262625 449.4202160834475
5.272625 --undefined--
5.2826249999999995 --undefined--
5.292625 --undefined--
5.302625 --undefined--
5.312625 212.08117162289943
5.3226249999999995 209.90672093041616
5.332625 207.75391114971615
5.342625 205.59235414501816
5.352625 204.26825587017024
5.3626249999999995 201.43173093363765
5.372625 196.90243265225033
5.382625 195.6487918820365
5.392625 192.2701609619892
5.402625 191.5602905601666
5.412624999999999 191.48187006277655
5.422625 188.45224286797378
5.432625 186.9700423878452
5.442625 185.41191996229628
5.452624999999999 185.3963348008068
5.462625 185.022232016888
5.472625 184.61733546617018
5.482625 182.01301686806121
5.492624999999999 180.58354103178996
5.502625 190.07951388077043
5.512625 174.91633002122447
5.522625 174.9016063391471
5.5326249999999995 175.35554126041976
5.542625 176.3751492437435
5.552625 177.4254379764838
5.562625 177.128295344983
5.5726249999999995 176.89814124142063
5.582625 177.4946744029041
5.592625 177.55768199628176
5.602625 177.12441584264653
5.6126249999999995 176.8474194634952
5.622625 175.9696286254629
5.632625 --undefined--
5.642625 --undefined--
5.652625 --undefined--
5.662624999999999 --undefined--
5.672625 --undefined--
5.682625 --undefined--
5.692625 --undefined--
5.702624999999999 --undefined--
5.712625 --undefined--
5.722625 --undefined--
5.732625 --undefined--
5.742624999999999 --undefined--
5.752625 232.77844087254786
5.762625 233.05965673164698
5.772625 231.8795086578747
5.7826249999999995 230.24144607640753
5.792625 229.8010092511687
5.802625 228.87912364831348
5.812625 226.2265030737696
5.8226249999999995 226.4194146837796
5.832625 225.79623909385657
5.842625 223.8185749100154
5.852625 --undefined--
5.8626249999999995 265.4808546170389
5.872625 274.73117334062505
5.882625 279.8567406609687
5.892625 286.4526531007608
5.902625 291.1248125860642
5.912624999999999 292.21988620264494
5.922625 292.9610686420017
5.932625 293.3273387806224
5.942625 292.8145640751301
5.952624999999999 291.437944909488
5.962625 293.1051575591518
5.972625 293.6078065943613
5.982625 293.2120049934736
5.992624999999999 292.78826584309337
6.002625 293.83243270990454
6.012625 294.1494163932162
6.022625 293.51401147677905
6.0326249999999995 295.3233652730772
6.042625 300.30623990060525
6.052625 297.3391859087522
6.062625 290.9017077371949
6.0726249999999995 292.4444131881805
6.082625 294.55213769894857
6.092625 294.9145791627723
6.102625 293.6947768921705
6.1126249999999995 291.6306379802059
6.122625 273.68013767777813
6.132625 270.3467739116588
6.142625 267.2073518395465
6.152625 265.09552932282253
6.162625 261.7916155558852
6.172625 258.0470375679481
6.182625 255.08735094966167
6.192625 247.40912153439106
6.202624999999999 243.86704904270513
6.212625 --undefined--
6.222625 --undefined--
6.232625 --undefined--
6.242624999999999 235.6782810476546
6.252625 233.2868195157137
6.262625 226.53960302884923
6.272625 226.58891445889773
6.2826249999999995 228.44267891578508
6.292625 235.1042987977475
6.302625 238.60808826338643
6.312625 219.11716622457868
6.3226249999999995 219.23257405823253
6.332625 216.2331481067733
6.342625 213.11008505212865
6.352625 211.26471604565435
6.3626249999999995 209.0043942308782
6.372625 204.56983947286423
6.382625 201.90764891474115
6.392625 200.23013585246923
6.402625 199.6211028595318
6.412625 199.05097415411498
6.422625 198.50539143151906
6.432625 199.47516145073826
6.442625 199.84771323428856
6.452624999999999 200.67369398669874
6.462625 201.80106185753763
6.472625 --undefined--
6.482625 --undefined--
6.492624999999999 --undefined--
6.502625 --undefined--
6.512625 --undefined--
6.522625 --undefined--
6.5326249999999995 --undefined--
6.542625 --undefined--
6.552625 198.44863886682523
6.562625 197.99846394630254
6.5726249999999995 203.07109071240356
6.582625 197.25125707920645
6.592625 197.7999653653757
6.602625 197.99698923006892
6.6126249999999995 199.48977403139727
6.622625 191.60522975920924
6.632625 187.0570176955078
6.642625 188.15898164367908
6.652625 187.02040071607834
6.662625 195.37015008722076
6.672625 189.58702219278948
6.682625 --undefined--
6.692625 --undefined--
6.702624999999999 199.74075797194104
6.712625 200.66694843229308
6.722625 197.15392123580517
6.732625 193.8289334446885
6.742624999999999 191.36104613117726
6.752625 188.94204491710954
6.762625 187.59804218477603
6.772625 187.08115173141545
6.7826249999999995 186.9003082760264
6.792625 187.1765315110695
6.802625 187.53951218290908
6.812625 187.68832902946212
6.8226249999999995 188.12153120342646
6.832625 187.463856942619
6.842625 185.6923239012858
6.852625 185.04402262892643
6.8626249999999995 185.8539013277228
6.872625 186.49092689833438
6.882625 187.60767362546153
6.892625 187.92571793571236
6.902625 219.02325938320703
6.912625 229.89815848669852
6.922625 238.75200569972975
6.932625 242.2139343092102
6.942625 246.73266130251972
6.952624999999999 249.55319700728407
6.962625 250.67792558800988
6.972625 251.18658593641678
6.982625 251.68249062818373
6.992624999999999 252.56411123973726
7.002625 253.83875260621738
7.012625 254.99386135569512
7.022625 256.41779367633035
7.0326249999999995 258.38275727969125
7.042625 256.81708937917574
7.052625 254.07632803216492
7.062625 249.68017624919017
7.0726249999999995 248.1781326794467
7.082625 261.78140527897614
7.092625 259.6610775863452
7.102625 256.6847343664694
7.1126249999999995 233.6113393036471
7.122625 224.07915505137098
7.132625 251.14861178085474
7.142625 250.70425606310707
7.152625 247.18774753489575
7.162625 254.13774176502923
7.172625 255.22659752939347
7.182625 251.18402144007425
7.192625 251.07021910625198
7.202624999999999 249.3609963513798
7.212625 230.658895251994
7.222625 229.46688822419236
7.232625 220.33409059517618
7.242624999999999 220.05374759134367
7.252625 203.4230263085662
7.262625 202.3258648603081
7.272625 202.3409578110661
7.2826249999999995 195.1712738825319
7.292625 192.95096669214735
7.302625 192.81832522637407
7.312625 193.4267037344851
7.3226249999999995 194.32660173261752
7.332625 194.3120179848765
7.342625 194.44804945362654
7.352625 194.29417780949174
7.3626249999999995 193.1389179590689
7.372625 193.7155413741042
7.382625 194.60513867161754
7.392625 194.3933546194936
7.402625 193.36679507935696
7.412625 189.26864710157548
7.422625 195.13143204777302
7.432625 194.4581698834606
7.442625 195.44131867503853
7.452624999999999 195.20976131666328
7.462625 --undefined--
7.472625 --undefined--
7.482625 204.2589111211679
7.492624999999999 202.75482354687048
7.502625 200.31305775669156
7.512625 194.39913619512402
7.522625 191.008394569997
7.5326249999999995 187.69097585467898
7.542625 185.4717646302807
7.552625 181.83504971609136
7.562625 179.11093955314664
7.5726249999999995 176.93228817455838
7.582625 174.51093764848022
7.592625 172.98868049775555
7.602625 170.84810556733913
7.6126249999999995 168.5500604654519
7.622625 167.33044064939008
7.632625 --undefined--
7.642625 --undefined--
7.652625 --undefined--
7.662625 --undefined--
7.672625 --undefined--
7.682625 --undefined--
7.692625 --undefined--
7.702624999999999 --undefined--
7.712625 --undefined--
7.722625 --undefined--
7.732625 --undefined--
7.742624999999999 --undefined--
7.752625 --undefined--
7.762625 --undefined--
7.772625 --undefined--
7.7826249999999995 --undefined--
7.792625 --undefined--
7.802625 --undefined--
7.812625 --undefined--
7.8226249999999995 --undefined--
7.832625 --undefined--
7.842625 --undefined--
7.852625 --undefined--
7.8626249999999995 --undefined--
7.872625 --undefined--
7.882625 --undefined--
7.892625 --undefined--
7.902625 --undefined--
7.912625 --undefined--
7.922625 --undefined--
7.932625 --undefined--
7.942625 --undefined--
7.952625 --undefined--
7.962625 --undefined--
7.972625 --undefined--
7.982625 --undefined--
7.992624999999999 --undefined--
8.002625 --undefined--
8.012625 --undefined--
8.022625 --undefined--
8.032625 --undefined--
8.042625 --undefined--
8.052624999999999 --undefined--
8.062625 --undefined--
8.072625 --undefined--
8.082625 --undefined--
8.092625 --undefined--
8.102625 --undefined--
8.112625 --undefined--
8.122625 --undefined--
8.132624999999999 --undefined--
8.142625 --undefined--
8.152625 --undefined--
8.162625 --undefined--
8.172625 --undefined--
8.182625 --undefined--
8.192625 --undefined--
8.202625 --undefined--
8.212625 --undefined--
8.222624999999999 250.42242842524155
8.232625 249.86740787908047
8.242625 246.02971576607516
8.252625 242.9618515778451
8.262625 242.59086489733275
8.272625 243.4994577730546
8.282625 245.7500122135489
8.292625 247.5627337736186
8.302624999999999 248.66909663943215
8.312625 248.90254181462714
8.322625 248.29530581068056
8.332625 246.76047424417703
8.342625 246.49552273957227
8.352625 246.1549291576117
8.362625 246.58018769436254
8.372625 247.36853334543346
8.382624999999999 247.6385422641277
8.392625 246.73105333847207
8.402625 247.2845098035028
8.412625 284.2080552358043
8.422625 284.1377665547993
8.432625 281.86374023067697
8.442625 279.62947019732195
8.452625 278.0458598630433
8.462625 275.9599622007677
8.472624999999999 273.5615725921171
8.482625 271.1372463937106
8.492625 270.490067139107
8.502625 270.9070840683548
8.512625 271.4875301494507
8.522625 271.68380972774804
8.532625 272.03359467058834
8.542625 271.88441474966965
8.552624999999999 270.6868503042043
8.562625 269.7988733096146
8.572625 270.3138300074681
8.582625 269.03748020899326
8.592625 267.61402647596884
8.602625 267.3555066462645
8.612625 266.8940110380492
8.622625 264.22877324887105
8.632624999999999 262.30224138707473
8.642625 261.3961303560273
8.652625 261.4692147155313
8.662625 260.16452607453573
8.672625 258.48088462684956
8.682625 255.24298901252283
8.692625 252.6076755187885
8.702625 249.85784592796614
8.712625 245.93223259105292
8.722625 242.52649093777384
8.732625 255.43654978755598
8.742625 254.75468321765885
8.752625 252.3793346752962
8.762625 235.0372723963015
8.772625 234.34813232683703
8.782625 230.18570597824697
8.792625 228.91892425197366
8.802624999999999 245.78161635513544
8.812625 251.67173284667987
8.822625 253.9691664976475
8.832625 250.96313913710037
8.842625 --undefined--
8.852625 --undefined--
8.862625 --undefined--
8.872625 --undefined--
8.882624999999999 --undefined--
8.892625 --undefined--
8.902625 218.24724744550952
8.912625 213.50889681490054
8.922625 210.30209895867836
8.932625 208.3137134906289
8.942625 209.67840557637467
8.952625 209.58970260856083
8.962625 208.33940466746247
8.972625 209.06743010894772
8.982625 209.15202450319833
8.992625 210.09912084555353
9.002625 211.88031954045923
9.012625 --undefined--
9.022625 --undefined--
9.032625 --undefined--
9.042625 --undefined--
9.052624999999999 --undefined--
9.062625 --undefined--
9.072625 --undefined--
9.082625 --undefined--
9.092625 --undefined--
9.102625 --undefined--
9.112625 --undefined--
9.122625 --undefined--
9.132624999999999 --undefined--
9.142625 --undefined--
9.152625 250.49454240342791
9.162625 249.40733894379443
9.172625 245.56166814977453
9.182625 240.47321356460898
9.192625 236.93818194653724
9.202625 233.5168927708768
9.212625 231.8492537462709
9.222625 230.33609205169887
9.232625 228.7328908872152
9.242625 227.27785488503403
9.252625 226.9937963867032
9.262625 228.47670017700713
9.272625 229.16202849376012
9.282625 228.7206702015246
9.292625 229.72327850153468
9.302624999999999 229.36888352950615
9.312625 226.19451900786538
9.322625 207.20039908572102
9.332625 208.93024601757466
9.342625 --undefined--
9.352625 --undefined--
9.362625 --undefined--
9.372625 --undefined--
9.382624999999999 --undefined--
9.392625 --undefined--
9.402625 --undefined--
9.412625 --undefined--
9.422625 202.33776575813886
9.432625 209.2560553664615
9.442625 209.1975033170366
9.452625 208.4252249080576
9.462625 206.32219642048645
9.472625 204.69984898925318
9.482625 204.03635405675027
9.492625 204.0147384849465
9.502625 207.4648190107673
9.512625 207.25512995365384
9.522625 206.35582394468207
9.532625 205.92457496823963
9.542625 205.7205367851702
9.552624999999999 --undefined--
9.562625 --undefined--
9.572625 250.33573835652683
9.582625 249.4846551090536
9.592625 248.41871423778912
9.602625 215.62838558461536
9.612625 212.47149923329752
9.622625 237.47531471771546
9.632624999999999 238.98115051540302
9.642625 240.81646333727525
9.652625 239.91032101566668
9.662625 244.0174982757487
9.672625 215.97298153670025
9.682625 205.83439315070675
9.692625 206.14434405620557
9.702625 206.93400384754867
9.712625 204.89626739175745
9.722625 202.01011508294548
9.732625 195.97352138504976
9.742625 191.39071862804974
9.752625 189.19733401723653
9.762625 186.87284570837627
9.772625 185.25383015610439
9.782625 183.67770455102905
9.792625 179.49700156678256
9.802624999999999 176.3889888809425
9.812625 174.57360158799628
9.822625 173.95377670171806
9.832625 171.64917629821252
9.842625 170.2028396112717
9.852625 171.15046071903964
9.862625 170.86903594219012
9.872625 169.302260877218
9.882624999999999 167.09063080323537
9.892625 166.8836953016504
9.902625 166.63159731165413
9.912625 165.12160324042284
9.922625 165.23639575923403
9.932625 166.59547999546749
9.942625 178.15446456809073
9.952625 167.3563154719111
9.962625 166.92930337748658
9.972625 --undefined--
9.982625 --undefined--
9.992625 --undefined--
10.002625 --undefined--
10.012625 --undefined--
10.022625 --undefined--
10.032625 --undefined--
10.042625 --undefined--
10.052624999999999 --undefined--
10.062625 --undefined--
10.072625 --undefined--
10.082625 --undefined--
10.092625 --undefined--
10.102625 --undefined--
10.112625 --undefined--
10.122625 --undefined--
10.132624999999999 --undefined--
10.142625 --undefined--
10.152625 --undefined--
10.162625 --undefined--
10.172625 --undefined--
10.182625 --undefined--
10.192625 --undefined--
10.202625 --undefined--
10.212625 --undefined--
10.222625 --undefined--
10.232625 --undefined--
10.242625 --undefined--
10.252625 --undefined--
10.262625 --undefined--
10.272625 --undefined--
10.282625 --undefined--
10.292625 --undefined--
10.302624999999999 --undefined--
10.312625 --undefined--
10.322625 --undefined--
10.332625 --undefined--
10.342625 188.42054277181543
10.352625 187.64691722685723
10.362625 187.07693912565597
10.372625 187.0384102606716
10.382624999999999 187.07755851902073
10.392625 --undefined--
10.402625 --undefined--
10.412625 --undefined--
10.422625 --undefined--
10.432625 --undefined--
10.442625 --undefined--
10.452625 --undefined--
10.462625 --undefined--
10.472625 --undefined--
10.482625 --undefined--
10.492625 --undefined--
10.502625 --undefined--
10.512625 --undefined--
10.522625 --undefined--
10.532625 --undefined--
10.542625 --undefined--
10.552624999999999 --undefined--
10.562625 --undefined--
10.572625 --undefined--
10.582625 --undefined--
10.592625 --undefined--
10.602625 --undefined--
10.612625 --undefined--
10.622625 --undefined--
10.632624999999999 --undefined--
10.642625 --undefined--
10.652625 --undefined--
10.662625 --undefined--
10.672625 --undefined--
10.682625 --undefined--
10.692625 --undefined--
10.702625 --undefined--
10.712625 --undefined--
10.722625 --undefined--
10.732625 --undefined--
10.742625 --undefined--
10.752625 --undefined--
10.762625 --undefined--
10.772625 --undefined--
10.782625 --undefined--
10.792625 --undefined--
10.802624999999999 --undefined--
10.812625 --undefined--
10.822625 --undefined--
10.832625 --undefined--
10.842625 --undefined--
10.852625 --undefined--
10.862625 --undefined--
10.872625 --undefined--
10.882624999999999 --undefined--
10.892625 --undefined--
10.902625 --undefined--
10.912625 --undefined--
10.922625 --undefined--
10.932625 --undefined--
10.942625 --undefined--
10.952625 --undefined--
10.962625 --undefined--
10.972625 --undefined--
10.982625 --undefined--
10.992625 --undefined--
11.002625 --undefined--
11.012625 --undefined--
11.022625 --undefined--
11.032625 --undefined--
11.042625 --undefined--
11.052624999999999 --undefined--
11.062625 --undefined--
11.072625 --undefined--
11.082625 --undefined--
11.092625 --undefined--
11.102625 --undefined--
11.112625 --undefined--
11.122625 --undefined--
11.132624999999999 --undefined--
11.142625 --undefined--
11.152625 --undefined--
11.162625 --undefined--
11.172625 --undefined--
11.182625 --undefined--
11.192625 --undefined--
11.202625 --undefined--
11.212625 --undefined--
11.222625 --undefined--
11.232625 --undefined--
11.242625 --undefined--
11.252625 --undefined--
11.262625 --undefined--
11.272625 --undefined--
11.282625 --undefined--
11.292625 --undefined--
11.302624999999999 --undefined--
11.312625 --undefined--
11.322625 --undefined--
11.332625 --undefined--
11.342625 --undefined--
11.352625 --undefined--
11.362625 --undefined--
11.372625 196.1397082317096
11.382624999999999 193.02173850069633
11.392625 190.78446367887196
11.402625 189.17764144320034
11.412625 187.90431511449955
11.422625 187.34408575824196
11.432625 186.706148014599
11.442625 184.96884732807447
11.452625 183.68956303087234
11.462625 182.88090340068158
11.472625 182.06507409302648
11.482625 182.15392478049876
11.492625 181.73445163671028
11.502625 180.6254903670181
11.512625 180.41220708273607
11.522625 179.50168161654867
11.532625 179.26245841018087
11.542625 178.5944986312032
11.552624999999999 178.37348322613659
11.562625 176.92190254474332
11.572625 175.92954008439722
11.582625 175.45947460082428
11.592625 175.89997935055084
11.602625 175.23872232182342
11.612625 174.68750420476547
11.622625 174.95989876001647
11.632624999999999 174.5683607041293
11.642625 174.42669257702428
11.652625 174.29943003324928
11.662625 172.52690558104945
11.672625 170.6484082939198
11.682625 171.0173639501253
11.692625 172.39169065780044
11.702625 --undefined--
11.712625 --undefined--
11.722625 --undefined--
11.732625 --undefined--
11.742625 --undefined--
11.752625 --undefined--
11.762625 --undefined--
11.772625 --undefined--
11.782625 --undefined--
11.792625 --undefined--
11.802624999999999 --undefined--
11.812625 --undefined--
11.822625 --undefined--
11.832625 --undefined--
11.842625 --undefined--
11.852625 --undefined--
11.862625 --undefined--
11.872625 --undefined--
11.882624999999999 --undefined--
11.892625 --undefined--
11.902625 --undefined--
11.912625 --undefined--
11.922625 --undefined--
11.932625 --undefined--
11.942625 --undefined--
11.952625 --undefined--
11.962625 --undefined--
11.972625 --undefined--
11.982625 --undefined--
11.992625 --undefined--
12.002625 --undefined--
12.012625 --undefined--
12.022625 --undefined--
12.032625 --undefined--
12.042625 --undefined--
12.052625 --undefined--
12.062625 --undefined--
12.072625 --undefined--
12.082625 --undefined--
12.092625 --undefined--
12.102625 --undefined--
12.112625 --undefined--
12.122625 --undefined--
12.132624999999999 --undefined--
12.142625 --undefined--
12.152625 --undefined--
12.162625 --undefined--
12.172625 --undefined--
