mean: 76.26970122652033 std: 18.676261843581905
0.04533333333333248 10.794287744024576
0.05599999999999915 10.613573812153646
0.06666666666666582 10.123393025801688
0.07733333333333248 9.726443700210151
0.08799999999999916 9.678601271616253
0.09866666666666582 9.75944533435505
0.10933333333333248 10.003507622113252
0.11999999999999916 10.601258526674835
0.13066666666666582 10.907980403005288
0.1413333333333325 10.5164772442669
0.15199999999999916 10.022455315169738
0.16266666666666582 9.725255272905791
0.17333333333333248 9.317172306992244
0.18399999999999916 9.392150657295922
0.19466666666666582 10.258767882741843
0.2053333333333325 10.619714627214192
0.21599999999999916 10.602396786380817
0.22666666666666582 10.483248293526275
0.2373333333333325 10.230529336134097
0.24799999999999917 9.732657241030577
0.2586666666666659 9.481577195824832
0.26933333333333254 9.945368889479196
0.2799999999999992 10.067091458111948
0.29066666666666585 9.84898374974951
0.3013333333333325 10.279238182196519
0.3119999999999992 10.773455296307626
0.3226666666666659 10.917462970084122
0.33333333333333254 10.687393327246033
0.3439999999999992 10.8456789500619
0.35466666666666585 11.016887549790162
0.36533333333333257 10.537377951756994
0.3759999999999992 9.951508965270595
0.3866666666666659 9.572993116200996
0.39733333333333254 9.811731849903596
0.4079999999999992 10.201947089853283
0.4186666666666659 10.075637049887023
0.42933333333333257 9.86114766404938
0.4399999999999992 10.009162975336508
0.4506666666666659 9.706324854042458
0.46133333333333254 9.500792371166849
0.47199999999999925 10.063526950801297
0.4826666666666659 10.408970537793607
0.49333333333333257 10.765406601704417
0.5039999999999992 10.787847418290948
0.5146666666666658 10.09256205542344
0.5253333333333325 10.005553808802745
0.5359999999999993 10.144599259957177
0.5466666666666659 10.210872788366302
0.5573333333333325 10.44736864973526
0.5679999999999992 10.26550274202468
0.5786666666666659 9.507383366578772
0.5893333333333325 9.272440268387589
0.5999999999999992 9.710095141745143
0.6106666666666658 10.01517792141203
0.6213333333333325 10.175153997261157
0.6319999999999992 10.122949086373342
0.6426666666666658 9.760953338908568
0.6533333333333325 9.781500451919563
0.6639999999999991 10.225525254021807
0.6746666666666659 10.529923819853593
0.6853333333333326 10.63031522705828
0.6959999999999992 10.693575940967419
0.7066666666666659 10.209320746423646
0.7173333333333325 9.961241211858455
0.7279999999999992 10.036469728275659
0.7386666666666659 9.67875314966199
0.7493333333333325 9.709945055032113
0.7599999999999992 10.114830779725894
0.7706666666666658 9.666894798541664
0.7813333333333325 8.932418535066569
0.7919999999999993 9.360639329974044
0.8026666666666659 10.181063878657227
0.8133333333333326 10.394874678089998
0.8239999999999992 10.20912171060206
0.8346666666666659 9.942683980087057
0.8453333333333326 9.884581216807174
0.8559999999999992 9.895339188059438
0.8666666666666659 9.742819052525048
0.8773333333333325 10.074564543305026
0.8879999999999992 10.6353913960847
0.898666666666666 10.70599014599022
0.9093333333333325 10.697060894904574
0.9199999999999993 10.35936072617564
0.9306666666666659 10.023066399889313
0.9413333333333326 10.0295607886806
0.9519999999999992 10.43330675974194
0.9626666666666659 10.293571358795305
0.9733333333333326 9.720950041803695
0.9839999999999992 10.547920890505257
0.9946666666666659 12.196283795454946
1.0053333333333325 13.968745841383836
1.0159999999999993 15.070253082381445
1.026666666666666 17.366434220592314
1.0373333333333326 20.369577613681862
1.0479999999999994 21.27833248500158
1.058666666666666 20.539501294719635
1.0693333333333326 21.50278432103491
1.0799999999999994 26.066552429549738
1.090666666666666 30.83884367437152
1.1013333333333326 34.136807405922866
1.1119999999999994 36.535164003333335
1.122666666666666 46.6746747454813
1.1333333333333326 57.292306935062925
1.1439999999999995 63.54695231619577
1.154666666666666 65.88709296705535
1.1653333333333327 64.51739409548162
1.1759999999999993 60.83414508985564
1.186666666666666 58.253743338419255
1.1973333333333327 56.562236080580774
1.2079999999999993 55.11098957741914
1.2186666666666661 54.46112793741421
1.2293333333333327 54.44210654513495
1.2399999999999993 56.435495992540574
1.2506666666666661 66.2511471373862
1.2613333333333328 74.48483565422046
1.2719999999999994 79.60030989605006
1.282666666666666 82.4476925106998
1.2933333333333328 83.4976355307661
1.3039999999999994 83.37149311994239
1.314666666666666 82.78377837217731
1.3253333333333328 82.01236130294873
1.3359999999999994 80.85614574286305
1.346666666666666 79.55348755711383
1.3573333333333328 78.99586296836732
1.3679999999999994 79.20581254746544
1.378666666666666 78.99890031473232
1.3893333333333326 77.83504842293306
1.3999999999999995 76.3110772280224
1.410666666666666 75.52568219550113
1.4213333333333327 75.83096775533103
1.4319999999999995 77.00383078788488
1.442666666666666 77.76278758624251
1.4533333333333327 77.69547985345602
1.4639999999999993 77.88467294397468
1.4746666666666661 78.90083248752137
1.4853333333333327 79.87745227456895
1.4959999999999993 80.07201755974664
1.5066666666666662 79.3286170876788
1.5173333333333328 78.62971117820244
1.5279999999999994 78.73954243410734
1.5386666666666662 78.73543347622449
1.5493333333333328 79.43035469336083
1.5599999999999994 79.99078699281101
1.570666666666666 79.34516577581601
1.5813333333333328 78.67369472901633
1.5919999999999994 78.46687192978787
1.602666666666666 78.39440680568546
1.6133333333333328 78.60223079899559
1.6239999999999994 78.64868565422933
1.634666666666666 78.51204487815865
1.6453333333333329 78.19836936486168
1.6559999999999995 76.95186344428043
1.666666666666666 74.74256132105067
1.6773333333333327 72.24871823048053
1.6879999999999995 70.04006601343853
1.698666666666666 70.76599533039081
1.7093333333333327 73.39012016501307
1.7199999999999995 75.29249687090312
1.7306666666666661 75.4858243923165
1.7413333333333327 73.80724044778606
1.7519999999999996 73.48153361908386
1.7626666666666662 76.86107947421202
1.7733333333333328 79.70100079720125
1.7839999999999994 81.46558936705938
1.7946666666666662 82.48636014831936
1.8053333333333328 83.08578031997564
1.8159999999999994 83.73058514895197
1.8266666666666662 83.92885464290663
1.8373333333333328 83.38206346318444
1.8479999999999994 82.36705380446294
1.858666666666666 81.02319233195777
1.8693333333333328 80.41953430069462
1.8799999999999994 79.97530958787962
1.890666666666666 79.50803615067412
1.9013333333333329 79.61373323780434
1.9119999999999995 80.28811466536963
1.922666666666666 81.61338094979601
1.933333333333333 82.06225607481454
1.9439999999999995 80.84722652969332
1.954666666666666 78.31703774100903
1.9653333333333327 76.10899609348938
1.9759999999999995 75.07332504178592
1.9866666666666661 74.60530432582006
1.9973333333333327 74.4897799216214
2.0079999999999996 74.06368486275436
2.018666666666666 73.5427596348822
2.0293333333333328 72.73935784841412
2.0399999999999996 73.08683392360612
2.050666666666666 78.1081887126477
2.061333333333333 82.66633624116822
2.071999999999999 84.25713863368551
2.082666666666666 83.66086506591182
2.0933333333333324 83.26024421967267
2.103999999999999 83.43307471585346
2.114666666666666 82.15657549826582
2.1253333333333324 79.54165910448347
2.1359999999999992 79.30315274476517
2.146666666666666 81.00094263939903
2.1573333333333324 82.09590172035453
2.1679999999999993 80.60182897977961
2.178666666666666 77.97445714065454
2.1893333333333325 77.00510027697526
2.1999999999999993 75.37209410883689
2.210666666666666 72.92107583513777
2.2213333333333325 71.60481043168602
2.2319999999999993 69.46190894056328
2.242666666666666 66.78063060947164
2.2533333333333325 65.71565721532127
2.2639999999999993 65.2726793708471
2.274666666666666 64.74701963473605
2.2853333333333326 62.73944233015533
2.2959999999999994 62.246084518558405
2.3066666666666658 65.50238141418072
2.3173333333333326 67.3573652214072
2.3279999999999994 66.37542641647075
2.338666666666666 64.96004620844944
2.3493333333333326 66.13197246641288
2.3599999999999994 66.57209410174778
2.370666666666666 64.97489671383497
2.3813333333333326 64.33221879452088
2.3919999999999995 65.38034139610865
2.402666666666666 67.16267043745431
2.4133333333333327 67.03101503811097
2.4239999999999995 64.29254200341437
2.434666666666666 61.321706184585665
2.4453333333333327 59.77588722382767
2.4559999999999995 56.82100067737177
2.466666666666666 54.088998491220465
2.4773333333333327 53.74147522132439
2.487999999999999 56.14918334216222
2.498666666666666 59.61867045581066
2.5093333333333327 61.54308614075254
2.519999999999999 60.97564311975364
2.530666666666666 58.89165668935476
2.5413333333333328 57.461805881717765
2.551999999999999 56.629675715082
2.562666666666666 56.332350417823456
2.573333333333333 55.9976790747331
2.583999999999999 55.53311686524776
2.594666666666666 55.345285133879266
2.605333333333333 54.92192726501532
2.615999999999999 54.1449527397674
2.626666666666666 52.67892469951886
2.637333333333333 51.310819874285436
2.6479999999999992 51.75904308272961
2.658666666666666 52.53369707554369
2.669333333333333 52.50968296870663
2.6799999999999993 52.60977061610301
2.690666666666666 52.65804808370398
2.7013333333333325 52.188686218552704
2.7119999999999993 51.16946275159934
2.722666666666666 49.098798857902594
2.7333333333333325 46.40150677247981
2.7439999999999993 46.83850485828144
2.754666666666666 49.310991204148266
2.7653333333333325 50.43137208806569
2.7759999999999994 51.60398779398055
2.786666666666666 54.590411335395544
2.7973333333333326 56.839852629429885
2.8079999999999994 56.968713917444916
2.818666666666666 55.33794228003533
2.8293333333333326 54.20460642452434
2.8399999999999994 54.02482627451023
2.8506666666666662 53.40051683302076
2.8613333333333326 56.731487284479236
2.8719999999999994 65.31421190697743
2.882666666666666 70.73685547144112
2.8933333333333326 73.9375975943699
2.9039999999999995 76.34031135510844
2.914666666666666 78.10438635637223
2.9253333333333327 79.35574068565435
2.9359999999999995 80.40918128785414
2.946666666666666 80.32679321501979
2.9573333333333327 77.92122648835883
2.9679999999999995 73.27359548477041
2.978666666666666 69.79251857330183
2.9893333333333327 70.4840770527851
2.9999999999999996 72.40140306295616
3.010666666666666 75.08523552437188
3.0213333333333328 76.1788194192156
3.0319999999999996 75.21503456446854
3.042666666666666 72.77310294501036
3.053333333333333 68.77814918917535
3.0639999999999996 64.60036984430845
3.074666666666666 63.27095631647734
3.085333333333333 65.15528131730039
3.095999999999999 67.798667414935
3.106666666666666 70.45142521896051
3.117333333333333 73.79626075666638
3.1279999999999992 77.39849655426596
3.138666666666666 80.47516150238334
3.149333333333333 81.85385593451764
3.1599999999999993 82.01085754678915
3.170666666666666 81.80678054530125
3.181333333333333 81.76126759420079
3.1919999999999993 81.92693432602957
3.202666666666666 81.94252264716943
3.213333333333333 81.99099400075286
3.2239999999999993 82.34844191257491
3.234666666666666 82.81306575275192
3.245333333333333 83.15598185758407
3.2559999999999993 83.38226857967308
3.266666666666666 83.5055622976179
3.2773333333333325 83.30515678418101
3.2879999999999994 82.64727912140029
3.298666666666666 81.91873103377604
3.3093333333333326 81.3397289379187
3.3199999999999994 80.58467909397504
3.330666666666666 79.91809965550425
3.3413333333333326 79.57771527414822
3.3519999999999994 78.7720759716278
3.3626666666666662 77.88185257883843
3.3733333333333326 77.44243715258465
3.3839999999999995 77.35919334959729
3.3946666666666663 77.02707838038685
3.4053333333333327 76.16449715964345
3.4159999999999995 74.99771150021245
3.4266666666666663 74.75517389986531
3.4373333333333327 75.44970586377204
3.4479999999999995 75.77263540943912
3.4586666666666663 75.37501925246643
3.4693333333333327 74.94245442426345
3.4799999999999995 74.8602679049805
3.490666666666666 74.42025501489175
3.5013333333333327 73.22328965670938
3.5119999999999996 71.75301656538899
3.522666666666666 69.8612101283685
3.5333333333333328 67.30088853202399
3.5439999999999996 65.17570419231569
3.554666666666666 66.33575516240987
3.565333333333333 72.61940547879094
3.5759999999999996 78.30404526655839
3.586666666666666 82.08140666865827
3.597333333333333 83.81840650253653
3.6079999999999997 83.3952649813682
3.618666666666666 81.84828977922888
3.629333333333333 81.3038633707027
3.6399999999999997 81.91743190176916
3.650666666666666 82.18418140104322
3.661333333333333 80.93730337129493
3.6719999999999993 78.75192984799293
3.682666666666666 77.53603244635747
3.693333333333333 77.18823082160904
3.7039999999999993 76.77011698076092
3.714666666666666 77.24317316272472
3.725333333333333 77.84947566753677
3.7359999999999993 78.23362915517583
3.746666666666666 78.65906993103118
3.757333333333333 78.85991092490478
3.7679999999999993 78.64199579158115
3.778666666666666 78.3310668796672
3.789333333333333 77.90396643417577
3.7999999999999994 77.39709169624528
3.810666666666666 77.61151375719162
3.821333333333333 77.91031525248363
3.8319999999999994 78.45989672580689
3.8426666666666662 78.42400682992522
3.8533333333333326 77.20620602791962
3.8639999999999994 75.1697750961034
3.8746666666666663 72.36204721616906
3.8853333333333326 72.43236095312645
3.8959999999999995 74.62208105779571
3.9066666666666663 76.39546669986053
3.9173333333333327 78.17773241393621
3.9279999999999995 80.69062581711634
3.9386666666666663 82.47299334996018
3.9493333333333327 83.05869700832736
3.9599999999999995 83.0274922068552
3.9706666666666663 82.21263889760012
3.9813333333333327 80.6303850342641
3.9919999999999995 79.63421458885892
4.002666666666666 78.64700424071812
4.013333333333333 76.8526600896563
4.024 75.40966272535033
4.034666666666666 74.26008002821796
4.045333333333334 72.09512244432261
4.056 69.82515042643881
4.066666666666666 68.90857465599494
4.077333333333334 68.4888689111366
4.088 69.0105274581674
4.0986666666666665 70.59161905782327
4.109333333333334 71.60093221295968
4.12 70.99049476829765
4.1306666666666665 69.4941172274961
4.141333333333333 68.46024201434508
4.152 68.19604461688571
4.1626666666666665 68.33838044964176
4.173333333333333 68.90745513718616
4.184 71.55307032978041
4.1946666666666665 76.61120236379286
4.205333333333333 80.23144303915095
4.216 81.82438727470897
4.226666666666667 82.25034800109188
4.237333333333333 82.29729224287843
4.248 82.14661494672896
4.258666666666667 81.70178945320774
4.269333333333333 81.58901022324201
4.28 81.70099321051957
4.290666666666667 81.70594122409787
4.301333333333333 81.40736834795916
4.312 79.9469949455653
4.322666666666667 77.38894720104076
4.333333333333333 74.57873171162602
4.344 73.13552080919044
4.354666666666667 72.04688826547236
4.365333333333333 70.96550628367575
4.376 70.52976231010018
4.386666666666667 70.95424413596201
4.397333333333333 72.2409658889495
4.408 72.63790995605751
4.418666666666667 72.0803636866967
4.429333333333333 71.49096230068618
4.44 70.717504846332
4.450666666666667 68.64158388569263
4.461333333333333 65.55344960056632
4.472 67.42572276490692
4.482666666666667 72.4578523150145
4.493333333333333 75.75839179756294
4.5040000000000004 77.63392259225766
4.514666666666667 78.05655994984973
4.525333333333333 76.8525900704592
4.536 74.36201619400885
4.546666666666667 71.04047473450213
4.557333333333333 68.55191543857775
4.568 67.79085053602076
4.578666666666667 67.64225010764258
4.589333333333333 67.14426835045928
4.6 66.13624879189558
4.610666666666667 64.39844596917314
4.621333333333333 62.796447604949456
4.632 66.52440693143129
4.642666666666667 70.98732294609152
4.653333333333333 73.11310742334935
4.664 72.40599830080772
4.674666666666667 69.09280111157203
4.685333333333333 64.95064827614826
4.696 61.40750512528926
4.706666666666667 59.93966236310189
4.717333333333333 60.595709827685695
4.728 60.703408759210085
4.738666666666667 60.18052294801131
4.749333333333333 60.448515131677325
4.76 62.104277529793876
4.770666666666667 63.564861385653884
4.781333333333333 64.0831348375104
4.792 64.13530440486576
4.802666666666667 64.40653833131992
4.8133333333333335 64.66016300538244
4.824 67.63038385764071
4.834666666666667 73.65229308370404
4.8453333333333335 78.1535269629133
4.856 80.71035044317952
4.866666666666667 82.05552776032948
4.8773333333333335 82.80982487954063
4.888 83.50478514383215
4.898666666666667 84.20828504250827
4.9093333333333335 84.78887281168168
4.92 84.96730152477356
4.930666666666666 84.67645689567009
4.941333333333334 83.88499576721381
4.952 82.51540739687208
4.962666666666666 81.93223753786519
4.973333333333334 82.41899853780848
4.984 81.87154999368994
4.994666666666666 80.78198239346759
5.005333333333334 80.54782920119663
5.016 79.46219658143224
5.026666666666666 76.98662332759787
5.037333333333334 74.6738401023975
5.048 72.52271708506842
5.058666666666666 70.45650204285056
5.069333333333334 70.51671393467741
5.08 71.54759940999134
5.0906666666666665 71.76933235999876
5.101333333333334 70.7529367137876
5.112 69.3771897887193
5.1226666666666665 68.44359064700717
5.133333333333334 67.04872924673995
5.144 66.5520769966163
5.1546666666666665 67.10484699255719
5.165333333333334 68.02791235859688
5.176 68.34161973714049
5.1866666666666665 67.66181393295196
5.197333333333334 67.80854032475732
5.208 68.55135854323305
5.218666666666667 67.54586412255725
5.229333333333334 64.77530321188256
5.24 61.3634731502672
5.250666666666667 58.2681796830001
5.261333333333334 56.643636580983966
5.272 59.46417901372351
5.282666666666667 65.68857528788145
5.293333333333334 69.55879255649768
5.304 71.77530036911315
5.314666666666667 75.0377399725283
5.325333333333333 77.10146136341345
5.336 76.1713571193174
5.346666666666667 73.25980294548617
5.357333333333333 69.79355388076989
5.368 66.34539404864061
5.378666666666667 63.898641813247266
5.389333333333333 61.48589706355784
5.4 59.54748319117378
5.410666666666667 58.4049109025658
5.421333333333333 56.459351442546875
5.432 53.84478857147713
5.442666666666667 51.710290957566215
5.453333333333333 50.43550670327306
5.464 49.833131639267435
5.474666666666667 49.476005371776964
5.485333333333333 49.14523291278449
5.496 48.417401334900354
5.506666666666667 47.591278085087595
5.517333333333333 47.02073757804912
5.5280000000000005 46.50609582559298
5.538666666666667 46.337677495632065
5.549333333333333 46.475666552003325
5.5600000000000005 46.12203739896383
5.570666666666667 45.211929583077065
5.581333333333333 44.80283265989571
5.5920000000000005 44.76303912884924
5.602666666666667 44.98085006113442
5.613333333333333 44.98953680491983
5.6240000000000006 43.99168426606549
5.634666666666667 42.64041695878308
5.645333333333333 42.1259066960717
5.656000000000001 42.02981903085831
5.666666666666667 41.48485907302272
5.677333333333333 41.020311104063566
5.688000000000001 41.48744817557788
5.698666666666667 42.79088643908948
5.709333333333333 43.958030557308305
5.72 44.58751632445264
5.730666666666667 44.6545009182246
5.741333333333333 43.88871564472485
5.752 43.17253728481358
5.762666666666667 43.225009473253834
5.773333333333333 42.785795831382714
5.784 41.377109113572075
5.794666666666667 40.080116533650106
5.8053333333333335 39.95139106345131
5.816 39.493936358919655
5.826666666666667 37.83058920353022
5.8373333333333335 37.022353916008186
5.848 38.967747477601186
5.858666666666667 41.37937512662596
5.8693333333333335 43.43615204853816
5.88 45.28271741527152
5.890666666666667 47.365267546165185
5.9013333333333335 49.85417378140631
5.912 54.031106110417596
5.922666666666667 62.70292969082809
5.933333333333334 69.2891047299453
5.944 72.74009577612503
5.954666666666667 74.03308602298138
5.965333333333334 74.02252846225893
5.976 72.81046056560392
5.986666666666667 70.48946012668534
5.997333333333334 67.52537937470612
6.008 65.25389332706597
6.018666666666667 64.60874869385259
6.029333333333334 65.26644751292821
6.04 66.42982409553954
6.050666666666667 67.22839453380803
6.061333333333334 66.94921959072198
6.072 68.7733404454568
6.082666666666667 73.0368671776492
6.093333333333334 76.0713395612401
6.104 78.14757067598485
6.1146666666666665 79.6794179641769
6.125333333333334 80.82494539900507
6.136 81.48434103329463
6.1466666666666665 81.57707101403217
6.157333333333334 81.22987873235019
6.168 80.60513142309102
6.1786666666666665 79.9357288262481
6.189333333333334 79.66131900175
6.2 79.84138624536646
6.210666666666667 79.96381015131826
6.221333333333334 79.60716041803899
6.232 78.3902425838881
6.242666666666667 75.96372681290023
6.253333333333334 72.20247415733569
6.264 68.02699132473387
6.274666666666667 65.41867658521973
6.285333333333334 64.64658532378616
6.296 64.47474398103013
6.306666666666667 64.61608132263775
6.317333333333334 64.49255372476233
6.328 65.68579677325737
6.338666666666667 71.06783504272484
6.349333333333334 76.16834107398421
6.36 79.34754345032201
6.370666666666667 81.41812493226581
6.381333333333334 82.26753799734328
6.392 81.09014265823541
6.402666666666667 77.9538534880871
6.413333333333334 74.1194540938878
6.424 71.43764324779937
6.434666666666667 70.98487556359383
6.445333333333334 71.39085318908192
6.456 69.97798996976061
6.466666666666667 68.33945519714125
6.477333333333334 68.46266134447957
6.488 69.09123107199457
6.498666666666667 69.27439429280808
6.509333333333333 68.65995491051572
6.5200000000000005 67.27533455740561
6.530666666666667 66.18484701661743
6.541333333333333 64.8847227131343
6.5520000000000005 64.29935027392828
6.562666666666667 68.50534318348961
6.573333333333333 73.41458524026655
6.5840000000000005 76.62033928469627
6.594666666666667 78.09578516643472
6.605333333333333 78.4670021649647
6.6160000000000005 78.58525738436599
6.626666666666667 78.4522458945811
6.637333333333333 78.00850244906597
6.648000000000001 77.00775642418216
6.658666666666667 75.38536051195409
6.669333333333333 74.61737173278156
6.680000000000001 74.46037022109135
6.690666666666667 74.06528457609039
6.701333333333333 73.82108535732368
6.712000000000001 74.034354323064
6.722666666666667 74.13209602936386
6.733333333333333 73.8720201729294
6.744000000000001 73.12169132272949
6.754666666666667 72.05720321291659
6.765333333333333 70.75247821788746
6.776000000000001 69.87782303882081
6.786666666666667 69.11172227279496
6.7973333333333334 67.57166670731431
6.808000000000001 66.47406889104208
6.818666666666667 66.31646581119227
6.8293333333333335 65.95248881385773
6.840000000000001 64.79800684623554
6.850666666666667 63.9215277131059
6.8613333333333335 65.11165507477119
6.872000000000001 67.1791969123526
6.882666666666667 69.72981067081054
6.8933333333333335 71.27273517667052
6.904 70.52582232045252
6.914666666666667 67.92808126906661
6.925333333333334 65.16045946518295
6.936 63.523621449480586
6.946666666666667 63.10871530992689
6.957333333333334 63.31530395826637
6.968 63.38072893817656
6.978666666666667 63.5532650033504
6.989333333333334 63.03708361094615
7 61.01570118593134
7.010666666666667 58.87504338818181
7.021333333333334 58.5202993724436
7.032 60.33528247296789
7.042666666666667 63.74997077611553
7.053333333333334 68.2411579564601
7.064 72.16223177757557
7.074666666666667 74.96498483589204
7.085333333333334 76.76275924749423
7.096 77.72813552253564
7.106666666666667 77.96704476965647
7.117333333333334 77.49775682947264
7.128 76.30043919149672
7.138666666666667 74.06657638429529
7.149333333333334 70.85587706137714
7.16 68.39966655213775
7.170666666666667 67.52837411702171
7.181333333333334 66.79591044962997
7.192 65.6929016652537
7.202666666666667 64.64005555009189
7.213333333333334 66.39036034824659
7.224 69.96942444846005
7.2346666666666675 71.1039236116869
7.245333333333334 69.66382806129945
7.256 68.6887690847858
7.266666666666667 70.224310679903
7.277333333333334 71.84237515734564
7.288 73.30090972752859
7.298666666666667 74.88428458959642
7.309333333333334 75.83904305342985
7.32 76.20250492209532
7.330666666666667 76.78092651789204
7.341333333333334 77.41520347613275
7.352 77.11240552089757
7.362666666666667 76.01516921619121
7.373333333333334 75.43200694769052
7.384 75.74145911065335
7.394666666666667 76.0064945105473
7.405333333333334 75.24278093248579
7.416 73.15784110099506
7.426666666666667 71.17872352188093
7.437333333333334 71.39594231909568
7.448 72.54592215621733
7.458666666666667 72.21276921093198
7.469333333333334 71.08110336557962
7.48 70.53880251569377
7.490666666666667 70.17385650187964
7.501333333333334 69.96627417346133
7.5120000000000005 70.35145359887137
7.522666666666667 70.9715156719164
7.533333333333334 70.53067519660748
7.5440000000000005 68.07441150446977
7.554666666666667 64.64651554934929
7.565333333333334 65.32734232742993
7.5760000000000005 69.03041575324832
7.586666666666667 72.43517767994439
7.597333333333334 75.19448582346946
7.6080000000000005 76.88159234428252
7.618666666666667 78.10202534501221
7.629333333333334 78.99019477420705
7.640000000000001 79.02704885983667
7.650666666666667 78.12705252606537
7.661333333333333 77.44072651510919
7.672000000000001 77.60127728533645
7.682666666666667 78.01412480348675
7.693333333333333 77.82469564856575
7.704000000000001 75.55851414730802
7.714666666666667 72.29494644634372
7.725333333333333 71.08112602522358
7.736000000000001 69.96315584201002
7.746666666666667 67.55291094994975
7.757333333333333 65.16039628526947
7.768000000000001 64.28228891253579
7.778666666666667 63.300143892551624
7.789333333333333 63.99507855930416
7.800000000000001 68.91672690059438
7.810666666666667 72.52738508187397
7.8213333333333335 74.30997067096916
7.832000000000001 74.90076406584747
7.842666666666667 74.34217612496991
7.8533333333333335 72.31941206022468
7.864000000000001 69.56985519122898
7.874666666666667 67.44545623564342
7.8853333333333335 66.80230714700974
7.896000000000001 66.98111446540192
7.906666666666667 66.43130130548411
7.917333333333334 65.72757335210686
7.928000000000001 66.20651008405743
7.938666666666667 67.36179251833785
7.949333333333334 68.02182617841115
7.960000000000001 67.49620577878527
7.970666666666667 66.10463127864406
7.981333333333334 64.30751919993159
7.992000000000001 61.84696395803509
8.002666666666666 59.183900189263845
8.013333333333334 56.75895803786763
8.024000000000001 54.49290189879104
8.034666666666666 53.1592676458732
8.045333333333334 52.199754436104286
8.056 51.294564761664354
8.066666666666666 50.93813668295287
8.077333333333334 50.7583429809726
8.088 50.734389422987604
8.098666666666666 50.72201605767509
8.109333333333334 50.00928179988151
8.12 49.43199239042082
8.130666666666666 49.39046373049115
8.141333333333334 48.648056926715654
8.152 46.951282271881034
8.162666666666667 44.87030351793301
8.173333333333334 44.26252581184827
8.184 44.70847449738127
8.194666666666667 45.214190931512796
8.205333333333334 45.87486809809768
8.216 46.51466071095509
8.226666666666667 46.64164068575093
8.237333333333332 45.03558274901036
8.248 42.35551969170872
8.258666666666667 40.96834972848708
8.269333333333332 40.95643172894809
8.28 43.37500424041012
8.290666666666667 45.967124818123686
8.301333333333332 47.598044723182255
8.312 48.59651920846549
8.322666666666667 49.297980031387276
8.333333333333332 50.01177410175941
8.344 50.1268330845059
8.354666666666667 49.576074495871424
8.365333333333332 48.850609746684626
8.376 48.239990805323494
8.386666666666667 47.67536170958798
8.397333333333332 47.04844343887678
8.408 46.61826447357917
8.418666666666667 45.53232603604633
8.429333333333332 43.55151425724795
8.44 43.402186311902646
8.450666666666667 44.774792375412424
8.461333333333332 45.515964869029176
8.472 45.59737088459507
8.482666666666667 45.90353594697333
8.493333333333332 46.8116407845513
8.504 48.11582754349291
8.514666666666667 48.94310443790336
8.525333333333332 49.7325084661004
8.536 50.42248323982014
8.546666666666667 50.08852024939367
8.557333333333332 49.16078004782801
8.568 48.53376683619433
8.578666666666667 47.65702743176487
8.589333333333332 46.332358779091535
8.6 45.53676344262556
8.610666666666667 48.55414401462504
8.621333333333332 61.79175668113327
8.632 70.66420813706506
8.642666666666667 74.9920823876401
8.653333333333332 75.89953202725067
8.664 74.68655492468943
8.674666666666667 72.50267731798118
8.685333333333332 70.6277784086055
8.696 71.52910442433995
8.706666666666667 72.07224465793885
8.717333333333332 71.16862890159598
8.728 69.07652787346144
8.738666666666667 65.67757275427859
8.749333333333333 62.20077127705615
8.76 65.97212573250484
8.770666666666667 73.04360690948438
8.781333333333333 77.61890380922289
8.792 80.52237753733264
8.802666666666667 82.50424181693019
8.813333333333333 83.29464630726218
8.824 83.99632561506871
8.834666666666667 84.5056492495998
8.845333333333333 84.53519895543744
8.856 84.50082701973517
8.866666666666667 84.49537929692292
8.877333333333333 84.82353734381081
8.888 85.23593220202613
8.898666666666667 85.13977474035434
8.909333333333333 84.92867292410695
8.92 84.72561389095566
8.930666666666667 84.15341836177026
8.941333333333333 83.18332540990465
8.952 81.94956968500763
8.962666666666667 80.59656011011401
8.973333333333333 79.57983683900682
8.984 78.90235984481863
8.994666666666667 78.45919240440294
9.005333333333333 78.11250128543155
9.016 77.8730666405516
9.026666666666666 78.26923369351755
9.037333333333333 78.91589691839877
9.048 78.38241954646377
9.058666666666666 75.91231096855867
9.069333333333333 72.92908026792885
9.08 72.06225851899399
9.090666666666666 72.27339498528382
9.101333333333333 72.85535567176694
9.112 73.7449995953152
9.122666666666666 74.62691944618608
9.133333333333333 74.3993467344902
9.144 73.04614554770929
9.154666666666666 71.78733813918706
9.165333333333333 73.72616885890741
9.176 77.69614333870574
9.186666666666666 80.91571574112415
9.197333333333333 83.43388986590907
9.208 84.71444506829138
9.218666666666666 84.76020360563354
9.229333333333333 83.74800307310397
9.24 82.08367076578931
9.250666666666666 80.76973442464201
9.261333333333333 79.4025732313584
9.272 78.38153038884877
9.282666666666666 77.45779712335482
9.293333333333333 77.22501185126448
9.304 78.77300260226403
9.314666666666666 79.6366126796333
9.325333333333333 79.82167179962806
9.336 79.11777198449288
9.346666666666666 77.63961418752451
9.357333333333333 76.75595169406074
9.368 76.93945596060489
9.378666666666666 75.85822116998652
9.389333333333333 73.18424236889373
9.4 72.259951514293
9.410666666666666 72.31907056415946
9.421333333333333 70.76881006459912
9.432 68.80585232306434
9.442666666666666 66.61009548509578
9.453333333333333 64.18001736057255
9.464 63.03326120133416
9.474666666666666 63.259011491279665
9.485333333333333 66.02174107881417
9.496 73.93259290911547
9.506666666666666 79.5531713322573
9.517333333333333 82.25122574714587
9.528 83.40111069573916
9.538666666666666 83.93876240957452
9.549333333333333 84.35342951035891
9.56 84.53552007645513
9.570666666666666 84.43335695891456
9.581333333333333 84.41884427413919
9.592 84.21652386006662
9.602666666666666 83.65434779779295
9.613333333333333 83.46071711282562
9.624 83.61319432768477
9.634666666666666 83.49062221143448
9.645333333333333 83.22245843505135
9.656 82.38295678087621
9.666666666666666 80.36199741573259
9.677333333333333 77.89616029392703
9.688 75.74149396432554
9.698666666666666 73.39912621959695
9.709333333333333 71.84522338395458
9.72 71.25123740051981
9.730666666666666 71.43275744845647
9.741333333333333 71.6583387268028
9.752 70.76212230383281
9.762666666666666 69.91641871394908
9.773333333333333 70.23673860464625
9.784 70.2039018068962
9.794666666666666 71.56420937504234
9.805333333333333 74.52928308304332
9.815999999999999 75.98476612155115
9.826666666666666 75.96918200646174
9.837333333333333 75.39677107822108
9.847999999999999 74.99910623601346
9.858666666666666 74.79697787346763
9.869333333333334 74.6939425366428
9.879999999999999 74.76072991874474
9.890666666666666 74.47741852492892
9.901333333333334 73.12430379714756
9.911999999999999 71.99582459325975
9.922666666666666 72.74936274397493
9.933333333333334 73.09166454320676
9.943999999999999 72.46767805567362
9.954666666666666 70.93654395378044
9.965333333333334 68.67813573528755
9.975999999999999 66.11810420251328
9.986666666666666 64.50794874672141
9.997333333333334 67.6670652498578
10.008 73.59667307614386
10.018666666666666 77.42676172262152
10.029333333333334 78.89136333658547
10.04 79.2048383017087
10.050666666666666 78.77183706634248
10.061333333333334 78.01852838524917
10.072 79.6017360616759
10.082666666666666 80.48272101813438
10.093333333333334 78.58236743726178
10.104 74.93910862664774
10.114666666666666 72.89354400322468
10.125333333333334 71.19807890088282
10.136 68.93549992489886
10.146666666666667 67.35469455512151
10.157333333333334 66.80977320256363
10.168 66.31059024094232
10.178666666666667 65.51847354628309
10.189333333333334 66.42756629490809
10.2 67.99039853882411
10.210666666666667 67.97630351788146
10.221333333333334 67.40662984001173
10.232 67.26271365472364
10.242666666666667 66.91219322386546
10.253333333333334 65.36707203036167
10.264 65.26345963324785
10.274666666666667 70.7708813786649
10.285333333333334 75.57056984945856
10.296 78.15981516453041
10.306666666666667 79.93392710858903
10.317333333333334 81.41814971771693
10.328 82.09097132726605
10.338666666666667 82.51108044112571
10.349333333333334 83.29978307340497
10.36 84.0802842227064
10.370666666666667 84.35141673265196
10.381333333333334 84.15059444885257
10.392 84.17056559161529
10.402666666666667 84.27663333877418
10.413333333333334 84.28884810433176
10.424 84.30797510901735
10.434666666666667 84.03037465055559
10.445333333333334 83.22532483230555
10.456 81.59772577241198
10.466666666666667 78.55910892185396
10.477333333333334 74.09361779515316
10.488 70.1550258787498
10.498666666666667 70.60223068137348
10.509333333333334 72.52731277695057
10.52 74.68579432436616
10.530666666666667 77.30997207458584
10.541333333333334 79.32940278165921
10.552 80.12257198684819
10.562666666666667 79.02421205370874
10.573333333333334 75.95977655076982
10.584 72.39536082445818
10.594666666666667 70.59195365357462
10.605333333333332 69.35305466786843
10.616 67.20969575620157
10.626666666666667 64.5889144061386
10.637333333333332 63.70718030859467
10.648 64.84660510237217
10.658666666666667 65.98735372462463
10.669333333333332 66.42726606592207
10.68 66.01545852341039
10.690666666666667 65.16253596450498
10.701333333333332 64.5399405176454
10.712 63.72740749913127
10.722666666666667 62.916555316208765
10.733333333333333 66.54875891598844
10.744 73.59743131905485
10.754666666666667 77.06558453151472
10.765333333333333 77.2493892452232
10.776 76.67960899061798
10.786666666666667 77.27957021623962
10.797333333333333 77.47292955893415
10.808 77.37845193426165
10.818666666666667 77.34445232502749
10.829333333333333 76.17073649093136
10.84 73.25286009036901
10.850666666666667 71.77395270691659
10.861333333333333 74.12167094300929
10.872 77.0323305093859
10.882666666666667 79.12797992633337
10.893333333333333 80.81026041044336
10.904 82.56891621228195
10.914666666666667 83.62539548645948
10.925333333333333 83.6406432062728
10.936 82.5680494874728
10.946666666666667 80.26362601128224
10.957333333333333 76.92393113995549
10.968 75.45375483175039
10.978666666666667 75.83683899334163
10.989333333333333 75.56208477880003
11 75.39234910590366
11.010666666666667 75.25963299682786
11.021333333333333 76.81642201345022
11.032 78.78195696364678
11.042666666666667 78.90735053793274
11.053333333333333 77.58283019917567
11.064 76.4248058093873
11.074666666666667 75.98206798442457
11.085333333333333 76.12309816438002
11.096 76.44677584236561
11.106666666666667 76.01652957012836
11.117333333333333 75.12970795931452
11.128 74.97629827039253
11.138666666666667 76.23366916724058
11.149333333333333 77.72510540562003
11.16 78.38287983200593
11.170666666666667 77.76593495381925
11.181333333333333 76.68091765928212
11.192 76.11721089979709
11.202666666666667 76.12753772834152
11.213333333333333 76.2162990177417
11.224 75.55577690425316
11.234666666666667 73.98520953660099
11.245333333333333 72.72954556743039
11.256 73.1967699023796
11.266666666666667 74.45125970028235
11.277333333333333 75.91413858064017
11.288 76.83768683819251
11.298666666666668 75.95002171487266
11.309333333333333 73.20235391859823
11.32 71.15553986705093
11.330666666666668 70.59626225773455
11.341333333333333 69.94687555033248
11.352 68.6437401252755
11.362666666666666 66.67478116970562
11.373333333333333 64.74823274618214
11.384 63.64278404145965
11.394666666666666 63.33312823382383
11.405333333333333 62.846704800924094
11.416 61.91658219278405
11.426666666666666 60.85624860084138
11.437333333333333 60.018580614781996
11.448 59.21136779780363
11.458666666666666 58.34765767918593
11.469333333333333 57.739327962159635
11.48 57.37790567019918
11.490666666666666 56.606896438294726
11.501333333333333 54.856528256729746
11.512 53.880972275725874
11.522666666666666 55.03645462713394
11.533333333333333 56.25680530924387
11.544 56.7865280808931
11.554666666666666 57.218524348286834
11.565333333333333 57.81165267109501
11.576 57.935790962474755
11.586666666666666 57.26841225471766
11.597333333333333 56.79165971557551
11.608 56.951255670578064
11.618666666666666 56.46379719396742
11.629333333333333 55.814894700181426
11.64 55.60743144871666
11.650666666666666 55.458174205656675
11.661333333333333 55.00989051890176
11.672 54.51365208098394
11.682666666666666 54.50588895477904
11.693333333333333 54.427127218537066
11.704 54.3112497994679
11.714666666666666 55.63860256504953
11.725333333333333 56.964293957504985
11.736 56.91080065418912
11.746666666666666 56.536819859309205
11.757333333333333 56.65842167918897
11.768 57.768684801332796
11.778666666666666 62.66494147012856
11.789333333333333 67.52992545718863
11.8 70.52049408262195
11.810666666666666 71.79461825310501
11.821333333333333 71.54960605870994
11.832 72.17472266971579
11.842666666666666 74.07240334014047
11.853333333333333 75.69434359949958
11.864 77.07537947677022
11.874666666666666 78.08053049137563
11.885333333333334 78.43985436591593
11.896 78.75975852930327
11.906666666666666 79.68436667903951
11.917333333333334 81.100514948158
11.928 82.33525926874592
11.938666666666666 82.7242561266483
11.949333333333334 81.77900586891465
11.96 79.4100334576354
11.970666666666666 77.18279896323439
11.981333333333334 76.41060940015291
11.992 75.11311403246654
12.002666666666666 73.71974117338603
12.013333333333334 72.37492100178412
12.024000000000001 70.79974260789362
12.034666666666666 70.33010458771608
12.045333333333334 69.64298400922794
12.056000000000001 68.36267265651729
12.066666666666666 67.85072697313748
12.077333333333334 68.83412414492108
12.088000000000001 73.32118981454296
12.098666666666666 76.6161800736782
12.109333333333334 77.39691621463555
12.120000000000001 76.69515726989191
12.130666666666666 76.92592387886253
12.141333333333334 78.17922929382519
12.152 78.25943756765487
12.162666666666667 77.31823391028274
12.173333333333334 76.3302971209373
12.184 76.19119799701681
12.194666666666667 76.31661598031633
12.205333333333334 75.9988552128667
12.216 76.15848754784358
12.226666666666667 76.41356410694428
12.237333333333334 76.15933730523443
12.248 75.96070577370693
12.258666666666667 76.00816596550877
12.269333333333334 76.01630739247662
12.28 75.7851892528309
12.290666666666667 75.95765473493535
12.301333333333334 78.05574324692503
12.312 80.78419014503348
12.322666666666667 82.05092177831756
12.333333333333334 81.3418851311707
12.344 80.84521296324787
12.354666666666667 82.06161606078092
12.365333333333334 82.69245949075338
12.376 82.32706160699449
12.386666666666667 82.21437132037188
12.397333333333334 82.62333519421938
12.408 82.64795846140336
12.418666666666667 82.05754114903519
12.429333333333334 81.15654185713687
12.44 80.26203462148673
12.450666666666667 79.31490187302899
12.461333333333334 78.1876592932004
12.472 76.14469021676273
12.482666666666667 73.15827897714223
12.493333333333334 71.67106659419775
12.504 72.33050788064043
12.514666666666667 72.97662434889064
12.525333333333334 73.51757029462766
12.536 75.39917447230502
12.546666666666667 77.20858635676771
12.557333333333334 77.8452934230257
12.568 78.44836764259563
12.578666666666667 78.73018992287192
12.589333333333334 77.53633263315395
12.6 75.48549348419209
12.610666666666667 72.48610852350893
12.621333333333334 69.89946492650742
12.632 68.63004600322745
12.642666666666667 68.10044418697193
12.653333333333334 67.295023609873
12.664 66.06286639122766
12.674666666666667 64.44727133169796
12.685333333333334 62.61315563308586
12.696 61.7697611267329
12.706666666666667 62.89505229537609
12.717333333333334 66.94912313811147
12.728 69.0114211661446
12.738666666666667 68.16261218223285
12.749333333333334 66.40308968268374
12.76 64.67546353096591
12.770666666666667 63.15617615279723
12.781333333333334 65.58945455770547
12.792 70.24062966733403
12.802666666666667 73.89465412182938
12.813333333333334 75.7906365006082
12.824 75.74761823515115
12.834666666666667 73.93977610019726
12.845333333333334 70.7265883437491
12.856 66.66202115451578
12.866666666666667 63.45333708672933
12.877333333333334 62.986734490601684
12.888 63.5712761260121
12.898666666666667 63.7542390982047
12.909333333333334 63.765601429809806
12.92 63.0105658644695
12.930666666666667 61.54178120565744
12.941333333333333 60.295130725287336
12.952 61.37187134916978
12.962666666666667 66.55981875709627
12.973333333333333 70.49165771327372
12.984 71.90377688884365
12.994666666666667 71.47254990438238
13.005333333333333 69.59673899958331
13.016 66.34046451341536
13.026666666666667 63.2495817923803
13.037333333333333 62.035005141195
13.048 62.08145929580731
13.058666666666667 65.18804268955266
13.069333333333333 68.07296185474848
13.08 70.75837248800474
13.090666666666667 73.8241365099613
13.101333333333333 75.9690534661239
13.112 76.86062763763574
13.122666666666667 77.16236166536964
13.133333333333333 77.84783140750525
13.144 78.56772330121616
13.154666666666667 77.96106466392993
13.165333333333333 75.50476893902275
13.176 72.43625156400594
13.186666666666667 69.8627150858255
13.197333333333333 67.19785529674012
13.208 65.9513476230899
13.218666666666667 66.09049926541276
13.229333333333333 65.76520985381224
13.24 64.56064981865717
13.250666666666667 62.676944346443875
13.261333333333333 62.3786933373609
13.272 68.02197283909865
13.282666666666668 73.18549584425092
13.293333333333333 76.05298496668597
13.304 77.22179711920604
13.314666666666668 77.34019197844225
13.325333333333333 77.26993579313242
13.336 76.8127247882602
13.346666666666668 75.86740728623427
13.357333333333333 75.35783344005738
13.368 74.74320125252623
13.378666666666668 73.79704592100721
13.389333333333333 73.18083076474696
13.4 73.1797039499442
13.410666666666668 73.17075969195616
13.421333333333333 73.3250157166433
13.432 73.63253011668988
13.442666666666668 75.35989644430688
13.453333333333333 77.41931339557568
13.464 78.46169988704028
13.474666666666668 78.62576688542676
13.485333333333333 78.06577348620921
13.496 76.5556306293287
13.506666666666668 73.5280655533994
13.517333333333333 68.9151310306046
13.528 65.1655161591766
13.538666666666668 63.98712686988867
13.549333333333333 64.46203975144942
13.56 64.7516857626008
13.570666666666668 64.47275218686707
13.581333333333333 63.58875535709942
13.592 63.821877661966866
13.602666666666668 66.02731389781172
13.613333333333333 66.21482429356246
13.624 63.50693096089265
13.634666666666668 61.32752252396375
13.645333333333333 66.2698949842334
13.656 70.42552916036706
13.666666666666668 70.7323987332772
13.677333333333333 67.99959066744441
13.688 66.63981691450807
13.698666666666668 67.03936891555895
13.709333333333333 66.44396839616785
13.72 64.80443801456305
13.730666666666666 62.28255299698051
13.741333333333333 59.7582127090055
13.752 57.47647888546947
13.762666666666666 55.26494876384896
13.773333333333333 53.733961356828424
13.784 52.95568024680017
13.794666666666666 51.946192121861394
13.805333333333333 50.38297537169393
13.816 49.15494168350803
13.826666666666666 48.47822449041275
13.837333333333333 47.670489947826255
13.848 49.44611315632598
13.858666666666666 51.966743030689244
13.869333333333334 51.79067125472039
13.88 50.10095926980629
13.890666666666666 51.587977284633624
13.901333333333334 55.839868089382406
13.912 57.607503306477234
13.922666666666666 55.92832797852566
13.933333333333334 53.66771168251076
13.944 53.633955100800605
13.954666666666666 53.20005404497898
