Time_s   F0_Hz
0.023969   --undefined--
0.033969   --undefined--
0.043969   --undefined--
0.053969   --undefined--
0.063969   --undefined--
0.073969   --undefined--
0.083969   --undefined--
0.093969   259.621761
0.103969   249.647121
0.113969   252.254948
0.123969   253.302716
0.133969   253.578231
0.143969   253.800085
0.153969   254.205096
0.163969   255.141532
0.173969   257.336298
0.183969   259.410225
0.193969   257.107794
0.203969   253.583428
0.213969   247.111645
0.223969   245.754530
0.233969   245.270734
0.243969   248.442914
0.253969   256.561411
0.263969   258.509123
0.273969   255.347928
0.283969   252.395759
0.293969   250.715524
0.303969   248.578156
0.313969   246.214026
0.323969   243.836684
0.333969   242.180602
0.343969   239.641322
0.353969   221.491110
0.363969   218.099972
0.373969   209.978322
0.383969   211.000470
0.393969   216.553362
0.403969   223.968446
0.413969   236.244865
0.423969   243.835178
0.433969   245.429142
0.443969   242.729817
0.453969   239.992863
0.463969   238.729906
0.473969   238.494156
0.483969   238.058786
0.493969   237.536655
0.503969   239.928545
0.513969   244.503175
0.523969   249.422671
0.533969   253.596932
0.543969   256.270023
0.553969   258.322029
0.563969   258.810309
0.573969   258.124004
0.583969   256.458775
0.593969   255.822738
0.603969   257.771504
0.613969   261.015879
0.623969   264.817216
0.633969   268.836893
0.643969   272.929150
0.653969   276.301337
0.663969   279.244403
0.673969   283.976396
0.683969   286.239260
0.693969   288.069425
0.703969   290.495724
0.713969   292.430671
0.723969   296.213060
0.733969   300.391130
0.743969   300.385398
0.753969   285.223849
0.763969   252.541565
0.773969   245.578130
0.783969   240.288300
0.793969   232.413705
0.803969   229.926522
0.813969   241.939946
0.823969   243.222932
0.833969   240.470408
0.843969   235.384872
0.853969   230.743549
0.863969   227.120370
0.873969   223.982079
0.883969   222.857622
0.893969   225.478043
0.903969   223.197788
0.913969   220.844788
0.923969   220.365565
0.933969   214.322066
0.943969   211.898501
0.953969   210.097026
0.963969   208.188164
0.973969   204.741489
0.983969   200.149757
0.993969   198.235992
1.003969   198.460340
1.013969   198.179652
1.023969   198.515440
1.033969   199.759502
1.043969   200.402582
1.053969   200.521853
1.063969   201.240519
1.073969   202.853736
1.083969   205.452359
1.093969   208.217256
1.103969   212.229275
1.113969   211.450810
1.123969   212.230932
1.133969   213.063277
1.143969   215.089902
1.153969   218.037459
1.163969   220.439130
1.173969   222.388537
1.183969   226.021584
1.193969   229.075014
1.203969   228.780216
1.213969   223.072999
1.223969   222.944182
1.233969   234.018487
1.243969   248.815618
1.253969   257.991356
1.263969   264.938398
1.273969   270.060954
1.283969   272.728718
1.293969   273.452055
1.303969   271.344886
1.313969   271.067686
1.323969   271.862459
1.333969   273.123755
1.343969   273.440853
1.353969   270.992321
1.363969   265.114572
1.373969   256.331323
1.383969   250.555080
1.393969   255.467964
1.403969   265.362889
1.413969   265.199477
1.423969   264.384359
1.433969   231.989225
1.443969   227.345461
1.453969   222.894568
1.463969   217.533882
1.473969   213.808514
1.483969   210.373106
1.493969   207.411496
1.503969   205.170263
1.513969   202.417276
1.523969   201.343688
1.533969   202.270036
1.543969   204.212681
1.553969   205.065841
1.563969   204.786106
1.573969   204.182594
1.583969   203.887281
1.593969   201.893323
1.603969   199.436934
1.613969   193.858765
1.623969   189.112384
1.633969   188.837249
1.643969   189.059013
1.653969   185.524252
1.663969   197.279370
1.673969   203.509255
1.683969   207.724869
1.693969   209.226760
1.703969   209.888197
1.713969   208.124192
1.723969   203.273133
1.733969   203.132103
1.743969   200.908312
1.753969   196.908379
1.763969   192.355485
1.773969   187.355950
1.783969   182.460894
1.793969   --undefined--
1.803969   --undefined--
1.813969   --undefined--
1.823969   --undefined--
1.833969   --undefined--
1.843969   --undefined--
1.853969   --undefined--
1.863969   --undefined--
1.873969   209.886522
1.883969   205.109120
1.893969   201.594276
1.903969   198.004157
1.913969   195.457681
1.923969   194.389645
1.933969   193.507817
1.943969   193.183883
1.953969   192.893705
1.963969   192.831734
1.973969   195.336607
1.983969   196.516983
1.993969   196.540376
2.003969   196.062962
2.013969   196.171334
2.023969   195.851768
2.033969   195.209444
2.043969   194.191661
2.053969   193.184727
2.063969   192.842341
2.073969   193.351958
2.083969   194.197942
2.093969   195.218773
2.103969   196.933642
2.113969   193.658295
2.123969   191.077821
2.133969   --undefined--
2.143969   --undefined--
2.153969   --undefined--
2.163969   --undefined--
2.173969   --undefined--
2.183969   --undefined--
2.193969   --undefined--
2.203969   --undefined--
2.213969   --undefined--
2.223969   218.158093
2.233969   210.283809
2.243969   204.174782
2.253969   199.671831
2.263969   195.969600
2.273969   193.968022
2.283969   193.435879
2.293969   193.099828
2.303969   191.818042
2.313969   190.690229
2.323969   189.048188
2.333969   189.314983
2.343969   185.312268
2.353969   177.278756
2.363969   172.752211
2.373969   167.852346
2.383969   166.637547
2.393969   186.984680
2.403969   188.957474
2.413969   187.190064
2.423969   182.434850
2.433969   178.295618
2.443969   175.623881
2.453969   174.029751
2.463969   174.515626
2.473969   176.422478
2.483969   177.356691
2.493969   177.845918
2.503969   177.393841
2.513969   177.334671
2.523969   177.866199
2.533969   177.966498
2.543969   178.415242
2.553969   176.417851
2.563969   171.993816
2.573969   168.291100
2.583969   --undefined--
2.593969   --undefined--
2.603969   --undefined--
2.613969   --undefined--
2.623969   --undefined--
2.633969   --undefined--
2.643969   --undefined--
2.653969   --undefined--
2.663969   --undefined--
2.673969   --undefined--
2.683969   105.265645
2.693969   108.312141
2.703969   110.349863
2.713969   109.457946
2.723969   109.795922
2.733969   --undefined--
2.743969   --undefined--
2.753969   --undefined--
2.763969   --undefined--
2.773969   --undefined--
2.783969   --undefined--
2.793969   --undefined--
2.803969   --undefined--
2.813969   --undefined--
2.823969   --undefined--
2.833969   --undefined--
2.843969   --undefined--
2.853969   --undefined--
2.863969   --undefined--
2.873969   --undefined--
2.883969   --undefined--
2.893969   478.092768
2.903969   476.357193
2.913969   489.346239
2.923969   --undefined--
2.933969   --undefined--
2.943969   --undefined--
2.953969   --undefined--
2.963969   --undefined--
2.973969   --undefined--
2.983969   --undefined--
2.993969   --undefined--
3.003969   --undefined--
3.013969   --undefined--
3.023969   --undefined--
3.033969   --undefined--
3.043969   --undefined--
3.053969   --undefined--
3.063969   --undefined--
3.073969   232.089369
3.083969   230.313616
3.093969   229.918905
3.103969   232.162687
3.113969   229.701395
3.123969   229.303807
3.133969   231.622958
3.143969   234.058277
3.153969   236.116391
3.163969   237.331110
3.173969   237.386642
3.183969   235.813832
3.193969   233.311897
3.203969   235.270595
3.213969   238.845788
3.223969   214.465675
3.233969   212.190021
3.243969   --undefined--
3.253969   --undefined--
3.263969   --undefined--
3.273969   --undefined--
3.283969   --undefined--
3.293969   212.174741
3.303969   215.030017
3.313969   222.067389
3.323969   227.073029
3.333969   224.917010
3.343969   219.363279
3.353969   215.247337
3.363969   211.573849
3.373969   209.194749
3.383969   206.995071
3.393969   204.807009
3.403969   203.541775
3.413969   191.035385
3.423969   190.944474
3.433969   189.310923
3.443969   207.168804
3.453969   207.611305
3.463969   207.434439
3.473969   206.437192
3.483969   205.451135
3.493969   204.584163
3.503969   204.051932
3.513969   204.677681
3.523969   206.307967
3.533969   208.376278
3.543969   207.156614
3.553969   205.261386
3.563969   202.661490
3.573969   206.393201
3.583969   235.762150
3.593969   238.356849
3.603969   --undefined--
3.613969   --undefined--
3.623969   --undefined--
3.633969   --undefined--
3.643969   --undefined--
3.653969   --undefined--
3.663969   --undefined--
3.673969   --undefined--
3.683969   216.327982
3.693969   214.849933
3.703969   207.178608
3.713969   208.100464
3.723969   205.701927
3.733969   202.350194
3.743969   201.889971
3.753969   203.270597
3.763969   204.983175
3.773969   206.785394
3.783969   208.623971
3.793969   209.466185
3.803969   209.551583
3.813969   211.324326
3.823969   208.256241
3.833969   203.733846
3.843969   203.105593
3.853969   203.407381
3.863969   203.508938
3.873969   204.315448
3.883969   204.566092
3.893969   204.784602
3.903969   204.133719
3.913969   202.364130
3.923969   202.117689
3.933969   200.311333
3.943969   195.047499
3.953969   191.619940
3.963969   188.730398
3.973969   186.471497
3.983969   188.474533
3.993969   203.041649
4.003969   206.055854
4.013969   203.972249
4.023969   201.578851
4.033969   201.469599
4.043969   200.382722
4.053969   203.292703
4.063969   204.313980
4.073969   203.373677
4.083969   203.421871
4.093969   203.638567
4.103969   204.307546
4.113969   205.400573
4.123969   202.708333
4.133969   196.574853
4.143969   --undefined--
4.153969   --undefined--
4.163969   --undefined--
4.173969   --undefined--
4.183969   --undefined--
4.193969   --undefined--
4.203969   --undefined--
4.213969   --undefined--
4.223969   --undefined--
4.233969   --undefined--
4.243969   --undefined--
4.253969   221.752148
4.263969   234.712760
4.273969   233.823077
4.283969   229.015485
4.293969   225.302199
4.303969   225.458010
4.313969   228.366421
4.323969   231.675587
4.333969   236.173442
4.343969   249.176426
4.353969   253.212596
4.363969   256.491013
4.373969   259.778059
4.383969   262.575964
4.393969   265.310674
4.403969   267.871355
4.413969   269.545406
4.423969   267.980031
4.433969   261.108249
4.443969   253.634037
4.453969   255.521767
4.463969   260.978543
4.473969   261.999170
4.483969   --undefined--
4.493969   --undefined--
4.503969   --undefined--
4.513969   --undefined--
4.523969   207.441005
4.533969   202.111793
4.543969   198.043137
4.553969   194.907385
4.563969   193.324064
4.573969   192.237102
4.583969   191.087192
4.593969   190.311865
4.603969   190.061469
4.613969   190.069333
4.623969   191.152986
4.633969   192.821805
4.643969   194.000424
4.653969   192.306870
4.663969   187.485003
4.673969   184.145341
4.683969   179.823561
4.693969   180.855956
4.703969   184.087278
4.713969   188.833542
4.723969   193.156394
4.733969   195.461357
4.743969   195.106304
4.753969   192.562627
4.763969   194.852582
4.773969   193.450037
4.783969   189.431345
4.793969   178.818891
4.803969   --undefined--
4.813969   --undefined--
4.823969   --undefined--
4.833969   --undefined--
4.843969   --undefined--
4.853969   --undefined--
4.863969   --undefined--
4.873969   --undefined--
4.883969   --undefined--
4.893969   --undefined--
4.903969   206.339739
4.913969   207.541264
4.923969   208.962688
4.933969   213.127422
4.943969   219.987007
4.953969   229.016261
4.963969   238.592242
4.973969   246.136982
4.983969   249.857881
4.993969   251.450127
5.003969   250.314843
5.013969   246.360986
5.023969   --undefined--
5.033969   --undefined--
5.043969   --undefined--
5.053969   --undefined--
5.063969   --undefined--
5.073969   --undefined--
5.083969   --undefined--
5.093969   --undefined--
5.103969   202.149703
5.113969   193.741510
5.123969   183.578924
5.133969   174.711288
5.143969   --undefined--
5.153969   --undefined--
5.163969   --undefined--
5.173969   --undefined--
5.183969   --undefined--
5.193969   --undefined--
5.203969   --undefined--
5.213969   --undefined--
5.223969   --undefined--
5.233969   176.643724
5.243969   171.890927
5.253969   169.455043
5.263969   168.054770
5.273969   167.880494
5.283969   168.378680
5.293969   169.412537
5.303969   169.098672
5.313969   --undefined--
5.323969   --undefined--
5.333969   --undefined--
5.343969   --undefined--
5.353969   --undefined--
5.363969   --undefined--
5.373969   --undefined--
5.383969   --undefined--
5.393969   185.569025
5.403969   184.606308
5.413969   186.002713
5.423969   186.624204
5.433969   185.504553
5.443969   182.815265
5.453969   181.317222
5.463969   179.576852
5.473969   177.586610
5.483969   176.012680
5.493969   176.508790
5.503969   178.170915
5.513969   179.947745
5.523969   179.996091
5.533969   180.468511
5.543969   179.848616
5.553969   180.228982
5.563969   182.474391
5.573969   182.596978
5.583969   184.665277
5.593969   186.337563
5.603969   188.742865
5.613969   190.230032
5.623969   190.913376
5.633969   --undefined--
5.643969   --undefined--
5.653969   --undefined--
5.663969   --undefined--
5.673969   --undefined--
5.683969   --undefined--
5.693969   --undefined--
5.703969   --undefined--
5.713969   --undefined--
5.723969   --undefined--
5.733969   272.003383
5.743969   272.613321
5.753969   278.082331
5.763969   283.239992
5.773969   283.554815
5.783969   282.387074
5.793969   282.654737
5.803969   281.949506
5.813969   277.608783
5.823969   267.930711
5.833969   254.237120
5.843969   252.449246
5.853969   --undefined--
5.863969   --undefined--
5.873969   --undefined--
5.883969   --undefined--
5.893969   --undefined--
5.903969   --undefined--
5.913969   --undefined--
5.923969   --undefined--
5.933969   --undefined--
5.943969   --undefined--
5.953969   --undefined--
5.963969   --undefined--
5.973969   --undefined--
5.983969   --undefined--
5.993969   --undefined--
6.003969   --undefined--
6.013969   --undefined--
6.023969   --undefined--
6.033969   --undefined--
6.043969   --undefined--
6.053969   --undefined--
6.063969   --undefined--
6.073969   --undefined--
6.083969   --undefined--
6.093969   --undefined--
6.103969   --undefined--
6.113969   --undefined--
6.123969   --undefined--
6.133969   --undefined--
6.143969   --undefined--
6.153969   --undefined--
6.163969   --undefined--
6.173969   --undefined--
6.183969   --undefined--
6.193969   --undefined--
6.203969   --undefined--
6.213969   --undefined--
6.223969   --undefined--
6.233969   --undefined--
6.243969   --undefined--
6.253969   --undefined--
6.263969   --undefined--
6.273969   --undefined--
6.283969   --undefined--
6.293969   --undefined--
6.303969   --undefined--
6.313969   --undefined--
6.323969   --undefined--
6.333969   --undefined--
6.343969   --undefined--
6.353969   --undefined--
6.363969   --undefined--
6.373969   --undefined--
6.383969   --undefined--
6.393969   --undefined--
6.403969   --undefined--
6.413969   --undefined--
6.423969   --undefined--
6.433969   --undefined--
6.443969   --undefined--
6.453969   --undefined--
6.463969   --undefined--
6.473969   --undefined--
6.483969   --undefined--
6.493969   --undefined--
6.503969   --undefined--
6.513969   --undefined--
6.523969   --undefined--
6.533969   --undefined--
6.543969   --undefined--
6.553969   --undefined--
6.563969   --undefined--
6.573969   --undefined--
6.583969   --undefined--
6.593969   --undefined--
6.603969   --undefined--
6.613969   --undefined--
6.623969   --undefined--
6.633969   --undefined--
6.643969   --undefined--
6.653969   --undefined--
6.663969   --undefined--
6.673969   --undefined--
6.683969   --undefined--
6.693969   --undefined--
6.703969   --undefined--
6.713969   --undefined--
6.723969   --undefined--
6.733969   --undefined--
6.743969   --undefined--
6.753969   --undefined--
6.763969   --undefined--
6.773969   --undefined--
6.783969   --undefined--
6.793969   --undefined--
6.803969   --undefined--
6.813969   --undefined--
6.823969   --undefined--
6.833969   --undefined--
6.843969   --undefined--
6.853969   --undefined--
6.863969   --undefined--
6.873969   --undefined--
6.883969   --undefined--
