mean: 284.41394156786737 std: 81.26221032091168 duration: 3.464125
0.02206249999999998 --undefined--
0.03206249999999998 --undefined--
0.04206249999999998 --undefined--
0.052062499999999984 --undefined--
0.06206249999999998 261.6788958996372
0.07206249999999999 259.61783407942977
0.08206249999999998 257.98394258516316
0.09206249999999999 252.42530511210256
0.10206249999999999 266.4852725740976
0.11206249999999998 270.10470755790465
0.12206249999999999 272.6534569531159
0.13206249999999997 276.5651821634271
0.14206249999999998 281.6068423565539
0.1520625 286.74852321228
0.1620625 289.4966694273022
0.17206249999999998 288.9479078003994
0.1820625 286.6275625613472
0.1920625 284.81520011757397
0.20206249999999998 284.8411061504376
0.2120625 283.3399690577031
0.2220625 281.6645641691313
0.23206249999999998 282.6242413227299
0.24206249999999999 285.79644669415194
0.25206249999999997 288.77112010619373
0.2620625 293.8793311580016
0.2720625 302.07615035032086
0.2820625 314.5023677233056
0.2920625 329.4935356020991
0.3020625 345.1576200140818
0.31206249999999996 393.3517766340376
0.3220625 410.2710707354718
0.3320625 437.46796866649197
0.3420625 452.52320609341024
0.3520625 458.55674842481164
0.3620625 459.46576856018214
0.3720625 454.28291020950826
0.38206249999999997 455.46326904350315
0.3920625 452.9909087083263
0.4020625 --undefined--
0.4120625 --undefined--
0.4220625 --undefined--
0.4320625 --undefined--
0.44206249999999997 --undefined--
0.4520625 --undefined--
0.4620625 --undefined--
0.4720625 315.45113375203795
0.4820625 306.1309774392227
0.4920625 272.58336018760536
0.5020625 261.15083755763663
0.5120625 249.108528997613
0.5220625 237.15580954110644
0.5320625 228.81983200039372
0.5420625 228.96627359756474
0.5520625 230.02444921227647
0.5620625 218.99241240926378
0.5720625 200.20274180803776
0.5820625 190.55900994634473
0.5920625 187.95256993481502
0.6020625 186.57063695607297
0.6120625 184.9550352266646
0.6220625 183.42789755289547
0.6320625 182.2136738839854
0.6420625 183.19757937116248
0.6520625 184.16722407058998
0.6620625 185.8522810645368
0.6720625 187.7821971038724
0.6820625 188.69588971922937
0.6920625 190.60360777187643
0.7020625 191.5983031269672
0.7120625 190.90337622288928
0.7220625 191.37624383458993
0.7320625 196.07219981338298
0.7420625 209.04700657204793
0.7520625 209.8238323734553
0.7620625 --undefined--
0.7720625 --undefined--
0.7820625 --undefined--
0.7920625 200.3021938078142
0.8020625 198.9700005292652
0.8120625 208.8563254666171
0.8220625 --undefined--
0.8320625 --undefined--
0.8420625 --undefined--
0.8520625000000001 --undefined--
0.8620625 399.5190734334732
0.8720625 406.8292702299628
0.8820625 403.9271354996567
0.8920625 401.61649763917495
0.9020625 402.33512311696524
0.9120625 --undefined--
0.9220625 --undefined--
0.9320625 --undefined--
0.9420625 489.17434223617573
0.9520625 488.27608997812143
0.9620625 413.3386213902316
0.9720625 495.73463420753836
0.9820625 484.2615521573124
0.9920625 473.4494024613738
1.0020624999999999 371.52239128806747
1.0120624999999999 --undefined--
1.0220624999999999 --undefined--
1.0320624999999999 --undefined--
1.0420625 --undefined--
1.0520625 --undefined--
1.0620625 --undefined--
1.0720625 --undefined--
1.0820625 --undefined--
1.0920625 --undefined--
1.1020625 --undefined--
1.1120625 --undefined--
1.1220625 --undefined--
1.1320625 --undefined--
1.1420625 --undefined--
1.1520625 --undefined--
1.1620625 --undefined--
1.1720625 --undefined--
1.1820624999999998 --undefined--
1.1920624999999998 --undefined--
1.2020624999999998 --undefined--
1.2120624999999998 --undefined--
1.2220624999999998 --undefined--
1.2320624999999998 --undefined--
1.2420624999999998 --undefined--
1.2520624999999999 --undefined--
1.2620624999999999 --undefined--
1.2720624999999999 --undefined--
1.2820624999999999 --undefined--
1.2920625 --undefined--
1.3020625 --undefined--
1.3120625 --undefined--
1.3220625 --undefined--
1.3320625 --undefined--
1.3420625 --undefined--
1.3520625 --undefined--
1.3620625 --undefined--
1.3720625 --undefined--
1.3820625 --undefined--
1.3920625 --undefined--
1.4020625 --undefined--
1.4120625 --undefined--
1.4220625 --undefined--
1.4320624999999998 --undefined--
1.4420624999999998 --undefined--
1.4520624999999998 --undefined--
1.4620624999999998 --undefined--
1.4720624999999998 --undefined--
1.4820624999999998 --undefined--
1.4920624999999998 --undefined--
1.5020624999999999 --undefined--
1.5120624999999999 --undefined--
1.5220624999999999 --undefined--
1.5320624999999999 --undefined--
1.5420625 264.62782136976995
1.5520625 255.23308859505485
1.5620625 263.7370540484554
1.5720625 267.35232194546404
1.5820625 271.58104590218085
1.5920625 272.279618438683
1.6020625 267.5482482083602
1.6120625 265.31911679748
1.6220625 264.24072714452296
1.6320625 265.04341465969776
1.6420625 267.1811163220393
1.6520625 270.4497420183224
1.6620625 273.6488596721197
1.6720625 278.28169894343694
1.6820625 282.4143720339408
1.6920624999999998 284.9047848623215
1.7020624999999998 287.97622790922156
1.7120624999999998 285.9615459370318
1.7220624999999998 281.92235507351353
1.7320624999999998 278.8501364542819
1.7420624999999998 266.2657076660466
1.7520624999999999 260.48810272351665
1.7620624999999999 --undefined--
1.7720624999999999 --undefined--
1.7820624999999999 399.0955059360773
1.7920625 331.7802155515898
1.8020625 330.0335379943464
1.8120625 322.9759090755277
1.8220625 314.452849193084
1.8320625 308.167768044779
1.8420625 304.98299141625137
1.8520625 301.5289494330746
1.8620625 297.31389906838155
1.8720625 297.3692452244144
1.8820625 298.1840069224097
1.8920625 299.5218799201177
1.9020625 300.870146772096
1.9120625 302.05106763650286
1.9220625 301.7562942861866
1.9320625 297.26399797420646
1.9420624999999998 285.93018750855697
1.9520624999999998 268.74872870021346
1.9620624999999998 248.4707616919819
1.9720624999999998 --undefined--
1.9820624999999998 --undefined--
1.9920624999999998 --undefined--
2.0020625 --undefined--
2.0120625 --undefined--
2.0220625 --undefined--
2.0320625000000003 --undefined--
2.0420625 --undefined--
2.0520625000000003 --undefined--
2.0620625 --undefined--
2.0720625 --undefined--
2.0820625 283.9561719130185
2.0920625 282.7975964851819
2.1020625 284.11489315537364
2.1120625 281.88303628781637
2.1220625 278.6495717254295
2.1320625 275.08218657211546
2.1420625 271.52786702075474
2.1520625 268.76979818583993
2.1620625 266.7278584662597
2.1720625 265.3303472025717
2.1820625000000002 263.5705654452071
2.1920625 262.21802294163814
2.2020625000000003 262.06802026582295
2.2120625 261.91034464690256
2.2220625000000003 259.21062204570006
2.2320625 251.0121678930536
2.2420625000000003 243.67107668826011
2.2520625 --undefined--
2.2620625000000003 --undefined--
2.2720625 --undefined--
2.2820625000000003 --undefined--
2.2920625 --undefined--
2.3020625000000003 --undefined--
2.3120625 --undefined--
2.3220625000000004 --undefined--
2.3320625 --undefined--
2.3420625 --undefined--
2.3520625 --undefined--
2.3620625 --undefined--
2.3720625 --undefined--
2.3820625 257.66167469337705
2.3920625 255.8057853895629
2.4020625 256.4525419875331
2.4120625 256.77788602185257
2.4220625 256.47176614476825
2.4320625000000002 255.18859266859533
2.4420625 254.6607487162961
2.4520625000000003 254.07399042244973
2.4620625 252.9991437153247
2.4720625000000003 244.25623000785407
2.4820625 224.0521871107766
2.4920625000000003 214.10514588108646
2.5020625 214.48169831840062
2.5120625000000003 --undefined--
2.5220625 --undefined--
2.5320625000000003 243.75166255282872
2.5420625 252.36808889627187
2.5520625000000003 257.29878847856367
2.5620625 257.04727400992147
2.5720625000000004 254.91636745811374
2.5820625 253.26565289259517
2.5920625 250.0481329546618
2.6020625 246.0547428897525
2.6120625 243.7210839238958
2.6220625 241.98333452981842
2.6320625 241.24295673361186
2.6420625 241.81166031128708
2.6520625 242.2846946505874
2.6620625 241.82798007394325
2.6720625 241.3648145619988
2.6820625000000002 240.65317699761445
2.6920625 238.46863491257443
2.7020625000000003 232.5428298180097
2.7120625 215.43975906594926
2.7220625000000003 207.55195759749247
2.7320625 --undefined--
2.7420625000000003 --undefined--
2.7520625 --undefined--
2.7620625000000003 --undefined--
2.7720625 --undefined--
2.7820625000000003 --undefined--
2.7920625 --undefined--
2.8020625000000003 --undefined--
2.8120625 --undefined--
2.8220625000000004 245.24715910666194
2.8320625 218.91422829346376
2.8420625 207.38777553122463
2.8520625 196.79520027954922
2.8620625 188.78237380002514
2.8720625 183.42909067810933
2.8820625 181.2402038909138
2.8920625 180.21487065525864
2.9020625 179.5643202627725
2.9120625 178.90432547192202
2.9220625 178.26282355441256
2.9320625000000002 180.5990130232828
2.9420625 179.50523469798634
2.9520625000000003 --undefined--
2.9620625 --undefined--
2.9720625000000003 --undefined--
2.9820625 --undefined--
2.9920625000000003 --undefined--
3.0020625 --undefined--
3.0120625000000003 --undefined--
3.0220625 --undefined--
3.0320625000000003 --undefined--
3.0420625 --undefined--
3.0520625000000003 --undefined--
3.0620625 --undefined--
3.0720625000000004 --undefined--
3.0820625 --undefined--
3.0920625000000004 --undefined--
3.1020625 --undefined--
3.1120625 --undefined--
3.1220625 --undefined--
3.1320625 --undefined--
3.1420625 --undefined--
3.1520625 --undefined--
3.1620625 --undefined--
3.1720625 --undefined--
3.1820625000000002 --undefined--
3.1920625 --undefined--
3.2020625000000003 --undefined--
3.2120625 --undefined--
3.2220625000000003 --undefined--
3.2320625 --undefined--
3.2420625000000003 --undefined--
3.2520625 --undefined--
3.2620625000000003 --undefined--
3.2720625 --undefined--
3.2820625000000003 382.1064461851669
3.2920625 381.379650284839
3.3020625000000003 380.6873991733616
3.3120625 359.30496303888987
3.3220625000000004 481.5102099945633
3.3320625 484.891106230515
3.3420625000000004 487.6269947923476
3.3520625 486.61180731670464
3.3620625 487.9601522539325
3.3720625 --undefined--
3.3820625 --undefined--
3.3920625 --undefined--
3.4020625 --undefined--
3.4120625 478.1284540048831
3.4220625 480.1257833599309
3.4320625000000002 --undefined--
3.4420625 --undefined--
