mean: 72.69356377222468 std: 5.961438582954553
0.04477083333333313 62.410455524870834
0.05543749999999979 67.31166677138164
0.06610416666666646 70.59126171965116
0.07677083333333312 73.23662100393518
0.08743749999999981 75.40906001623017
0.09810416666666646 77.10947900909449
0.10877083333333312 78.44821653420411
0.11943749999999981 79.76658498202357
0.13010416666666647 81.13899561009178
0.14077083333333315 82.02747718261068
0.1514374999999998 81.80247273551488
0.16210416666666647 80.6612651058373
0.17277083333333312 79.71405519905178
0.1834374999999998 79.26134138566167
0.19410416666666647 79.04251566349751
0.20477083333333315 78.7526695753447
0.2154374999999998 78.37661031219527
0.22610416666666647 78.36387455312578
0.23677083333333315 78.76147519895208
0.2474374999999998 79.0896489170994
0.2581041666666665 79.26775276323423
0.2687708333333332 79.37516492917754
0.27943749999999984 79.30648836998196
0.2901041666666665 78.99564735729422
0.30077083333333315 78.37648465493442
0.31143749999999987 77.51162663536763
0.3221041666666665 76.47629731225427
0.3327708333333332 75.15608667812812
0.34343749999999984 72.86921429705258
0.3541041666666665 69.33900013891943
0.3647708333333332 65.96001184237542
0.37543749999999987 64.98957001565594
0.3861041666666665 64.6954218127245
0.3967708333333332 62.587522901379614
0.40743749999999984 60.79008756664338
0.41810416666666655 59.01787745903014
0.4287708333333332 59.453855512877254
0.43943749999999987 59.404735980100185
0.4501041666666665 60.84352244723035
0.4607708333333332 60.30223755342785
0.4714374999999999 63.56912465903293
0.48210416666666656 69.6221328867323
0.4927708333333332 73.48961579160837
0.5034374999999999 75.35085173988966
0.5141041666666665 76.0960919134299
0.5247708333333332 76.59358620996487
0.5354374999999999 76.85613120798308
0.5461041666666665 76.73529145330528
0.5567708333333331 76.31708308430163
0.5674374999999998 75.96010010380655
0.5781041666666665 75.53086333090809
0.5887708333333331 74.82541768237273
0.5994374999999998 73.76799133976895
0.6101041666666664 72.10702857640935
0.6207708333333332 70.25854695799316
0.6314374999999999 69.17489875850384
0.6421041666666665 69.33213595841292
0.6527708333333332 69.81505558537413
0.6634374999999998 69.65987572076949
0.6741041666666665 68.72122803462223
0.6847708333333332 68.52147799974637
0.6954374999999998 69.22261400054194
0.7061041666666665 69.3284253789383
0.7167708333333331 68.79129091842232
0.7274374999999998 67.89351466343507
0.7381041666666666 67.4636321222371
0.7487708333333332 69.37850444151142
0.7594374999999999 72.54818830538001
0.7701041666666665 74.06949279903499
0.7807708333333332 74.55172080110003
0.7914374999999999 74.87934955227023
0.8021041666666665 74.92381972275038
0.8127708333333332 74.98211080006841
0.8234374999999998 75.15839821304525
0.8341041666666665 75.05188811731256
0.8447708333333332 74.24810281779513
0.8554374999999999 72.79862740263415
0.8661041666666666 70.74284282939284
0.8767708333333332 68.89759462457147
0.8874374999999999 68.07271566935508
0.8981041666666666 68.51884873213282
0.9087708333333332 69.79617017944653
0.9194374999999999 71.6133797506817
0.9301041666666665 72.8784357806415
0.9407708333333332 73.12574447248653
0.9514374999999998 72.60726356653335
0.9621041666666665 71.3516205637768
0.9727708333333333 69.33811197757446
0.9834374999999999 67.58958622881394
0.9941041666666666 67.36248437745402
1.0047708333333332 67.44965657354388
1.0154375 68.27448665742259
1.0261041666666666 68.95273125473452
1.0367708333333332 68.63900305096446
1.0474375 67.65201123791188
1.0581041666666666 66.55798264172677
1.0687708333333332 64.57912627750838
1.0794375 61.32268371744771
1.0901041666666667 56.46265134581465
1.1007708333333333 54.94919898002738
1.1114375 54.53268998493668
1.1221041666666667 52.45430097273338
1.1327708333333333 52.16763013757094
1.1434375 53.55453180987788
1.1541041666666667 57.52513607580966
1.1647708333333333 65.17686465999512
1.1754375 71.4112715389741
1.1861041666666667 74.67482447396996
1.1967708333333333 75.93185269886034
1.2074375 76.26875674218488
1.2181041666666668 76.55255525085002
1.2287708333333334 76.66369620534245
1.2394375 76.61082783759268
1.2501041666666668 76.47319347989806
1.2607708333333334 76.29463367153397
1.2714375 75.90661640094812
1.2821041666666666 74.822305161658
1.2927708333333334 72.369619858879
1.3034375 68.90668400488681
1.3141041666666666 66.7926080472831
1.3247708333333335 64.41349312576239
1.3354375 61.11708771267824
1.3461041666666667 59.54894599059436
1.3567708333333335 62.766761668636974
1.3674375 69.44228620102473
1.3781041666666667 73.62001042242414
1.3887708333333333 75.0833982193379
1.3994375000000001 75.03004330506043
1.4101041666666667 74.52042702502243
1.4207708333333333 74.18105751010687
1.4314375000000001 73.84784359690788
1.4421041666666667 72.92078229268283
1.4527708333333333 70.83851419086591
1.4634375 68.95825641627806
1.4741041666666668 68.29794897085499
1.4847708333333334 67.06334808634809
1.4954375 67.22683128200327
1.5061041666666668 70.51205434257824
1.5167708333333334 72.45309298277411
1.5274375 72.65301435220097
1.5381041666666668 72.0670637156031
1.5487708333333334 70.49766421439972
1.5594375 68.10520427197167
1.5701041666666666 65.32715521255683
1.5807708333333335 63.318211818777385
1.5914375 63.728239842036764
1.6021041666666667 61.23469289796569
1.6127708333333335 61.09546204682264
1.6234375 63.79714867136465
1.6341041666666667 68.80466630180655
1.6447708333333335 71.61748750931261
1.6554375000000001 72.50998562864321
1.6661041666666667 72.81217044628224
1.6767708333333333 73.15721682302348
1.6874375000000001 73.06082927253425
1.6981041666666667 72.45001092048011
1.7087708333333333 72.02667937345103
1.7194375000000002 71.88990180055008
1.7301041666666668 71.61239266089176
1.7407708333333334 71.21892449585707
1.7514375000000002 70.90141745965967
1.7621041666666668 70.51332308224822
1.7727708333333334 70.27117497788004
1.7834375 70.3132317655031
1.7941041666666668 70.6101928574097
1.8047708333333334 70.9639570940744
1.8154375 71.06049722965108
1.8261041666666669 70.6919821247806
1.8367708333333335 70.52552473840767
1.8474375 70.95874392324254
1.8581041666666667 70.90301806867267
1.8687708333333335 70.12020861884415
1.8794375 69.48839601908011
1.8901041666666667 69.80184523013888
1.9007708333333335 69.1004835204385
1.9114375000000001 67.78639351140154
1.9221041666666667 67.4390341938985
1.9327708333333335 65.88135411692446
1.9434375000000002 64.29349373888536
1.9541041666666668 63.769872195863535
1.9647708333333334 63.20515147705293
1.9754375000000002 61.4305674039219
1.9861041666666668 64.94870435722822
1.9967708333333334 66.33390892367773
2.0074375 65.48164481060223
2.018104166666667 64.67850367127652
2.028770833333333 63.85842999518775
2.0394375 62.059403225153
2.050104166666667 62.50648453125284
2.0607708333333337 62.626373898570826
2.0714375 60.99268328106924
2.082104166666667 59.84131175950584
2.0927708333333332 59.41038170066848
2.1034375 64.11074220467171
2.114104166666667 69.88511283210043
2.1247708333333333 73.56928700962852
2.1354375 75.24326580727961
2.146104166666667 75.75370706306384
2.1567708333333333 75.9584237339937
2.1674375 76.00091541471909
2.178104166666667 75.91902072616455
2.1887708333333333 75.92315155263059
2.1994375 75.95079535126499
2.210104166666667 75.90412053472251
2.2207708333333334 75.87615661214873
2.2314375 75.7476168115463
2.242104166666667 75.43885576218271
2.2527708333333334 75.19260354297118
2.2634375 75.39834021522344
2.274104166666667 75.76380893488526
2.2847708333333334 76.04456978848839
2.2954375000000002 76.09114804737077
2.3061041666666666 75.89579735385455
2.3167708333333334 75.68678071137828
2.3274375000000003 75.3630679573749
2.3381041666666667 74.96103546548369
2.3487708333333335 74.41161291072416
2.3594375000000003 74.11146651174252
2.3701041666666667 73.80493195567314
2.3807708333333335 73.32247947148468
2.3914375000000003 72.80930483621692
2.4021041666666667 72.63142188227603
2.4127708333333335 72.56996845464455
2.4234375000000004 72.50627808740664
2.4341041666666667 72.31964976881683
2.4447708333333336 72.17223828106746
2.4554375000000004 71.99607689906753
2.4661041666666668 71.17849236512123
2.4767708333333336 69.41154201408774
2.4874375 67.63720927275612
2.498104166666667 67.32217239634166
2.5087708333333336 66.81654558800979
2.5194375 64.52072133241707
2.530104166666667 61.270453496468434
2.5407708333333336 60.90956017153811
2.5514375 62.436403003330625
2.562104166666667 64.44812348399137
2.5727708333333337 67.45789108302847
2.5834375 70.50685870431015
2.594104166666667 72.34313364950134
2.6047708333333337 72.36179877313167
2.6154375 70.07150574035288
2.626104166666667 65.95267681231918
2.6367708333333337 61.15789570763556
2.6474375 58.89048290101789
2.658104166666667 59.65684334714331
2.6687708333333338 59.05297193806526
2.6794375 56.87415484325237
2.690104166666667 57.75899738739038
2.7007708333333333 63.170687791465305
2.7114375 66.529331322088
2.722104166666667 69.19994121349588
2.7327708333333334 71.20297609068447
2.7434375 71.68317103489426
2.754104166666667 71.84764393614851
2.7647708333333334 72.66778515736274
2.7754375000000002 73.62793190803923
2.786104166666667 74.29627496242982
2.7967708333333334 74.62403816738328
2.8074375000000003 74.51062378199667
2.818104166666667 73.73539703264399
2.8287708333333335 71.81655618370644
2.8394375000000003 68.61546060352215
2.850104166666667 65.30372281801962
2.8607708333333335 62.68281969817896
2.8714375000000003 63.27606474336622
2.8821041666666667 66.54328004445046
2.8927708333333335 70.32533923868907
2.9034375000000003 73.26408532672853
2.9141041666666667 74.56719168012273
2.9247708333333335 73.86283161504396
2.9354375000000004 71.30979237324338
2.9461041666666667 68.2360490866875
2.9567708333333336 65.88683479560389
2.9674375000000004 65.06807907855193
2.9781041666666668 64.83551874570837
2.9887708333333336 63.7991437712789
2.9994375000000004 62.46724323107253
3.010104166666667 64.47049548048626
3.0207708333333336 65.55039661079212
3.0314375000000005 69.55700119534559
3.042104166666667 71.05880007893805
3.0527708333333337 69.03596061880887
3.0634375000000005 66.06062608839426
3.074104166666667 64.3413089393829
3.0847708333333337 67.13363022855548
3.0954375 71.88604281378564
3.106104166666667 74.35275012561506
3.1167708333333337 74.94511519748545
3.1274375 74.66808912746545
3.138104166666667 73.77051970935884
3.1487708333333337 71.73411691019884
3.1594375 68.58070825709129
3.170104166666667 65.68827052015305
3.1807708333333338 63.9151084229419
3.1914375 62.74628917703231
3.202104166666667 64.66613577823199
3.212770833333334 67.3257821261202
3.2234375 68.52939070118477
3.234104166666667 69.61675004429745
3.244770833333334 70.86051373794551
3.2554375 71.78358137871437
3.266104166666667 72.39773036046935
3.2767708333333334 72.66313634166613
3.2874375000000002 72.36777321913287
3.298104166666667 71.21934353741437
3.3087708333333334 70.74794460530524
3.3194375000000003 71.29846757704995
3.330104166666667 71.42082063221777
3.3407708333333335 71.40691432399828
3.3514375000000003 71.81988775474608
3.362104166666667 72.5918899535827
3.3727708333333335 72.89103058231643
3.3834375000000003 73.54573719986313
3.394104166666667 72.9148395685325
3.4047708333333335 69.87568491475072
3.4154375000000003 67.5362139697822
3.426104166666667 69.42451941783689
3.4367708333333336 70.57917712038065
3.4474375000000004 70.832910363891
3.458104166666667 70.33369671743331
3.4687708333333336 69.92206760563305
3.4794375000000004 69.6082732198238
3.490104166666667 68.88781978208996
3.5007708333333336 66.58285116804892
3.5114375000000004 65.14173584021081
3.522104166666667 63.004710405601436
3.5327708333333336 58.34295162435424
3.5434375000000005 53.73982201271304
3.554104166666667 55.49467804636298
3.5647708333333337 57.30865604610071
3.5754375000000005 57.48994343389902
3.586104166666667 56.4926566901908
3.5967708333333337 56.18629620731868
3.6074375000000005 58.06462545292462
3.618104166666667 59.59390632823296
3.6287708333333337 58.954199121438926
3.6394375000000005 58.635317030260346
3.650104166666667 61.04703776309131
