Time_s   F0_Hz
0.036188   --undefined--
0.051188   --undefined--
0.066188   --undefined--
0.081188   --undefined--
0.096188   --undefined--
0.111188   --undefined--
0.126188   --undefined--
0.141188   381.832262
0.156188   --undefined--
0.171188   --undefined--
0.186188   --undefined--
0.201188   280.080214
0.216188   290.850466
0.231188   326.190017
0.246188   326.363915
0.261188   286.154058
0.276188   281.724831
0.291188   260.742378
0.306188   257.460247
0.321188   246.279516
0.336188   238.485256
0.351188   219.334455
0.366188   207.230289
0.381188   194.244640
0.396188   184.708689
0.411188   181.118269
0.426188   177.050260
0.441188   169.849932
0.456188   161.522563
0.471188   --undefined--
0.486188   --undefined--
0.501188   --undefined--
0.516188   --undefined--
0.531188   --undefined--
0.546188   237.375049
0.561188   241.873180
0.576188   --undefined--
0.591188   190.708301
0.606188   189.683965
0.621188   187.039215
0.636188   181.897497
0.651188   176.897779
0.666188   172.069932
0.681188   --undefined--
0.696188   --undefined--
0.711188   --undefined--
0.726188   --undefined--
0.741188   --undefined--
0.756188   --undefined--
0.771188   --undefined--
0.786188   --undefined--
0.801188   --undefined--
0.816188   --undefined--
0.831188   --undefined--
0.846188   --undefined--
0.861188   --undefined--
0.876188   --undefined--
0.891188   --undefined--
0.906188   --undefined--
0.921188   --undefined--
0.936188   --undefined--
0.951188   --undefined--
0.966188   366.320523
0.981188   366.340791
0.996188   367.697867
1.011188   390.966208
1.026188   --undefined--
1.041188   --undefined--
1.056188   58.968347
1.071188   --undefined--
1.086188   --undefined--
1.101188   177.577793
1.116188   172.610041
1.131188   168.905143
1.146188   168.782412
1.161188   169.352113
1.176188   170.166729
1.191188   171.414346
1.206188   167.022210
1.221188   159.029335
1.236188   --undefined--
1.251188   --undefined--
1.266188   --undefined--
1.281188   --undefined--
1.296188   --undefined--
1.311188   --undefined--
1.326188   --undefined--
1.341188   --undefined--
1.356188   --undefined--
1.371188   --undefined--
1.386188   --undefined--
1.401188   --undefined--
1.416188   --undefined--
1.431188   --undefined--
1.446188   --undefined--
1.461188   --undefined--
1.476188   --undefined--
1.491188   172.320955
1.506188   174.896324
1.521188   --undefined--
1.536188   --undefined--
1.551188   --undefined--
1.566188   --undefined--
1.581188   --undefined--
1.596188   --undefined--
1.611188   --undefined--
1.626188   --undefined--
1.641188   --undefined--
1.656188   --undefined--
1.671188   --undefined--
1.686188   --undefined--
1.701188   --undefined--
1.716188   --undefined--
1.731188   --undefined--
1.746188   --undefined--
1.761188   --undefined--
1.776188   --undefined--
1.791188   --undefined--
1.806188   --undefined--
1.821188   --undefined--
1.836188   --undefined--
1.851188   --undefined--
1.866188   --undefined--
1.881188   --undefined--
1.896188   --undefined--
1.911188   --undefined--
1.926188   --undefined--
1.941188   --undefined--
1.956188   --undefined--
1.971188   --undefined--
1.986188   208.961115
2.001187   207.608978
2.016188   205.714223
2.031188   204.646252
2.046187   206.744350
2.061188   211.349397
2.076188   216.588054
2.091187   209.598933
2.106187   201.136279
2.121188   194.750728
2.136188   194.313102
2.151187   194.525270
2.166187   193.903657
2.181188   192.035096
2.196188   190.436451
2.211187   190.408149
2.226188   191.419955
2.241188   194.109757
2.256187   194.853236
2.271187   195.214109
2.286188   195.102684
2.301188   196.478805
2.316187   200.287231
2.331188   203.860241
2.346188   201.363211
2.361187   187.321719
2.376187   --undefined--
2.391188   --undefined--
2.406188   203.982586
2.421187   203.605071
2.436188   226.351603
2.451188   230.052521
2.466187   227.879281
2.481187   220.083880
2.496188   214.488917
2.511188   216.739751
2.526187   230.196096
2.541187   232.733848
2.556188   236.392357
2.571187   240.251229
2.586187   239.513219
2.601188   230.958190
2.616188   226.949400
2.631187   226.549758
2.646187   225.175771
2.661188   222.562908
2.676187   224.043290
2.691187   227.294418
2.706188   226.035559
2.721188   219.701991
2.736187   206.582609
2.751187   221.495246
2.766188   222.825427
2.781188   220.129749
2.796187   212.927756
2.811188   211.118781
2.826188   213.619824
2.841187   221.347310
2.856187   --undefined--
2.871188   --undefined--
2.886188   --undefined--
2.901187   --undefined--
2.916187   --undefined--
2.931188   --undefined--
2.946187   260.609353
2.961187   258.697711
2.976188   258.524181
2.991188   257.431285
3.006187   251.039467
3.021187   253.402676
3.036188   258.977890
3.051187   259.399885
3.066187   248.696223
3.081188   --undefined--
3.096188   --undefined--
3.111187   --undefined--
3.126187   --undefined--
3.141188   --undefined--
3.156188   --undefined--
3.171187   213.314634
3.186188   204.886658
3.201188   190.615884
3.216187   184.000839
3.231187   182.446366
3.246188   181.527603
3.261188   181.704296
3.276187   182.562256
3.291187   183.375239
3.306188   183.930454
3.321187   185.072405
3.336187   187.308982
3.351188   191.558631
3.366188   213.753100
3.381187   224.688996
3.396187   233.177721
3.411188   236.688988
3.426187   236.086802
3.441187   231.154316
3.456188   220.903583
3.471188   212.036433
3.486187   184.341745
3.501187   178.032162
3.516188   175.417040
3.531187   --undefined--
3.546187   244.219359
3.561188   244.663187
3.576188   254.257877
3.591187   257.993577
3.606187   250.621636
3.621188   --undefined--
3.636187   --undefined--
3.651187   --undefined--
3.666187   --undefined--
3.681188   --undefined--
3.696187   --undefined--
3.711187   --undefined--
3.726188   --undefined--
3.741188   --undefined--
3.756187   --undefined--
3.771187   --undefined--
3.786188   --undefined--
3.801187   --undefined--
3.816187   --undefined--
3.831188   --undefined--
3.846188   --undefined--
3.861187   --undefined--
3.876187   --undefined--
3.891188   --undefined--
3.906187   --undefined--
3.921187   --undefined--
3.936188   --undefined--
3.951188   --undefined--
3.966187   --undefined--
3.981187   --undefined--
3.996188   --undefined--
4.011188   --undefined--
4.026187   220.939976
4.041188   218.824768
4.056188   215.006184
4.071188   213.072973
4.086188   209.530293
4.101188   203.368688
4.116188   199.593543
4.131188   197.017631
4.146187   191.178729
4.161188   184.560365
4.176188   179.927233
4.191188   177.061418
4.206188   171.838267
4.221188   169.895362
4.236188   172.651314
4.251188   178.409466
4.266188   196.619962
4.281188   202.070261
4.296188   202.700387
4.311188   199.800640
4.326188   191.231864
4.341188   189.047319
4.356188   189.100151
4.371188   190.368828
4.386188   191.648443
4.401188   192.677325
4.416188   193.419357
4.431188   193.627985
4.446188   193.583111
4.461188   194.636521
4.476188   195.870274
4.491188   196.041958
4.506188   195.745882
4.521187   195.938455
4.536188   196.221357
4.551188   196.018819
4.566188   195.606320
4.581188   194.823464
4.596188   193.777841
4.611188   193.112098
4.626188   192.637483
4.641188   191.936860
4.656188   191.755981
4.671188   192.099359
4.686188   193.041019
4.701188   194.908852
4.716188   195.676832
4.731187   193.777792
4.746188   187.076273
4.761188   183.573642
4.776188   184.735619
4.791188   192.276112
4.806188   191.543138
4.821188   184.682231
4.836188   178.288789
4.851188   177.258840
4.866188   177.722245
4.881188   177.819449
4.896187   176.836962
4.911188   176.453922
4.926188   178.418717
4.941188   178.486237
4.956188   177.833537
4.971188   176.504622
4.986188   175.833098
5.001188   176.234393
5.016188   177.005632
5.031188   177.081232
5.046188   176.594913
5.061188   176.123069
5.076188   174.545630
5.091188   172.935203
5.106187   173.957280
5.121188   181.142942
5.136188   180.785102
5.151188   182.266749
5.166188   --undefined--
5.181188   --undefined--
5.196188   --undefined--
5.211188   --undefined--
5.226188   --undefined--
5.241188   187.212358
5.256188   192.084999
5.271187   190.130424
5.286188   185.696183
5.301188   183.500698
5.316187   183.465081
5.331188   183.264666
5.346188   182.280155
5.361188   183.379315
5.376188   180.638734
5.391188   178.723497
5.406188   176.832918
5.421188   169.142050
5.436188   --undefined--
5.451188   --undefined--
5.466188   --undefined--
5.481187   208.502361
5.496188   204.969782
5.511188   206.201857
5.526188   210.078818
5.541188   214.988740
5.556188   219.522779
5.571188   223.828650
5.586188   225.556351
5.601188   225.918317
5.616188   224.345599
5.631188   220.013735
5.646187   215.891900
5.661188   211.542019
5.676188   207.039930
5.691187   --undefined--
5.706188   --undefined--
5.721188   --undefined--
5.736188   322.459428
5.751188   332.253306
5.766188   --undefined--
5.781188   --undefined--
5.796188   --undefined--
5.811188   --undefined--
5.826188   --undefined--
5.841188   --undefined--
5.856187   --undefined--
5.871188   --undefined--
5.886188   --undefined--
5.901188   --undefined--
5.916188   --undefined--
5.931188   --undefined--
5.946188   --undefined--
5.961188   --undefined--
5.976188   --undefined--
5.991188   --undefined--
6.006188   --undefined--
6.021187   --undefined--
6.036188   191.584624
6.051188   185.425269
6.066187   184.834576
6.081188   186.604380
6.096188   188.208596
6.111188   187.399691
6.126188   176.304374
6.141188   172.599914
6.156188   --undefined--
6.171188   --undefined--
6.186188   --undefined--
6.201188   221.485896
6.216188   214.461781
6.231187   208.559203
6.246188   203.166651
6.261188   198.831750
6.276188   194.702421
6.291188   190.247644
6.306188   --undefined--
6.321188   --undefined--
6.336188   --undefined--
6.351188   --undefined--
6.366188   --undefined--
6.381188   --undefined--
6.396187   --undefined--
6.411188   --undefined--
6.426188   --undefined--
6.441187   --undefined--
6.456188   --undefined--
6.471188   --undefined--
