Time_s   Intensity_dB
0.044229   62.132924
0.054896   63.169446
0.065562   67.081208
0.076229   71.626983
0.086896   74.917015
0.097562   77.261904
0.108229   79.027465
0.118896   79.960499
0.129562   79.324674
0.140229   76.644885
0.150896   73.160642
0.161562   70.264821
0.172229   67.718233
0.182896   66.642478
0.193562   67.382942
0.204229   68.566654
0.214896   69.916560
0.225562   70.027452
0.236229   70.293940
0.246896   71.365080
0.257562   72.535903
0.268229   74.032163
0.278896   75.978317
0.289562   77.262390
0.300229   77.635778
0.310896   78.187676
0.321562   78.623462
0.332229   78.707172
0.342896   78.818745
0.353562   79.005132
0.364229   79.284627
0.374896   79.603832
0.385562   79.411255
0.396229   78.667455
0.406896   77.719684
0.417562   77.046213
0.428229   76.939612
0.438896   77.359201
0.449562   78.084669
0.460229   78.205821
0.470896   77.425801
0.481562   75.729796
0.492229   73.752878
0.502896   72.079024
0.513562   70.826057
0.524229   69.083688
0.534896   66.856627
0.545562   65.693995
0.556229   65.135546
0.566896   63.933032
0.577562   62.367909
0.588229   63.306771
0.598896   65.126320
0.609562   65.653274
0.620229   64.261300
0.630896   63.412310
0.641562   63.368629
0.652229   63.472445
0.662896   63.659934
0.673562   63.882674
0.684229   63.612574
0.694896   61.517539
0.705562   60.169211
0.716229   57.655588
0.726896   55.414176
0.737562   56.144241
0.748229   59.352636
0.758896   60.802924
0.769562   60.801503
0.780229   59.464566
0.790896   58.346781
0.801562   59.041085
0.812229   58.348451
0.822896   59.443617
0.833562   61.013780
0.844229   63.992581
0.854896   67.465517
0.865562   70.897487
0.876229   72.993329
0.886896   74.588273
0.897562   76.003072
0.908229   76.796822
0.918896   76.740290
0.929562   76.465416
0.940229   76.651269
0.950896   76.704858
0.961562   76.157575
0.972229   75.471759
0.982896   75.068811
0.993562   74.997858
1.004229   74.970523
1.014896   75.036159
1.025562   75.152905
1.036229   75.080479
1.046896   74.636366
1.057563   74.138473
1.068229   73.747332
1.078896   73.168252
1.089563   72.088084
1.100229   70.249771
1.110896   67.943491
1.121563   67.549978
1.132229   68.563367
1.142896   68.619521
1.153563   67.730820
1.164229   67.799332
1.174896   67.713612
1.185563   67.568250
1.196229   68.275666
1.206896   67.880548
1.217563   66.241538
1.228229   64.810204
1.238896   65.968994
1.249563   65.435782
1.260229   63.810229
1.270896   62.524299
1.281562   62.513732
1.292229   62.145821
1.302896   62.112593
1.313563   62.541914
1.324229   62.888953
1.334896   62.258651
1.345563   62.924531
1.356229   63.791515
1.366896   64.814646
1.377563   64.691768
1.388229   64.667820
1.398896   65.226725
1.409563   65.775905
1.420229   65.985875
1.430896   65.323960
1.441563   64.651700
1.452229   61.561803
1.462896   59.453729
1.473563   57.618391
1.484229   57.692120
1.494896   57.637656
1.505563   59.275573
1.516229   60.324129
1.526896   59.841819
1.537563   56.644479
1.548229   53.350345
1.558896   52.439192
1.569563   56.392475
1.580229   59.622908
1.590896   61.874067
1.601563   64.433281
1.612229   66.631458
1.622896   67.169100
1.633563   67.733589
1.644229   70.136182
1.654896   71.267175
1.665563   70.004553
1.676229   70.338455
1.686896   72.598237
1.697563   73.253324
1.708229   73.640285
1.718896   74.758751
1.729563   75.294541
1.740229   75.058609
1.750896   74.690056
1.761563   74.662110
1.772229   74.828399
1.782896   75.011117
1.793563   75.470474
1.804229   76.033181
1.814896   76.321170
1.825563   76.230015
1.836229   75.818808
1.846896   75.037639
1.857563   73.546603
1.868229   71.179441
1.878896   68.915487
1.889563   67.404109
1.900229   66.900971
1.910896   67.311548
1.921563   67.763780
1.932229   68.192970
1.942896   68.970358
1.953563   68.021182
1.964229   65.074393
1.974896   65.366342
1.985563   69.331842
1.996229   73.047902
2.006896   75.261153
2.017562   76.140903
2.028229   76.634210
2.038896   77.081104
2.049563   76.978350
2.060229   76.150649
2.070896   74.858313
2.081563   73.451541
2.092229   72.139301
2.102896   70.421122
2.113563   67.716282
2.124229   65.194469
2.134896   63.127296
2.145563   60.043040
2.156229   57.370483
2.166896   57.197341
2.177563   57.079175
2.188229   57.474293
2.198896   58.165862
2.209563   57.609343
2.220229   60.055906
2.230896   63.639694
2.241563   65.195650
2.252229   66.412862
2.262896   67.620584
2.273563   69.119074
2.284229   69.887660
2.294896   69.369230
2.305562   67.948767
2.316229   65.741939
2.326896   64.316008
2.337562   64.626181
2.348229   64.424728
2.358896   61.198544
2.369562   57.818409
2.380229   57.464565
2.390896   57.298802
2.401562   55.059705
2.412229   55.100124
2.422896   57.965632
2.433562   59.864787
2.444229   58.655580
2.454896   58.359061
2.465562   58.598157
2.476229   56.272786
2.486896   55.935038
2.497562   56.786189
2.508229   58.724958
2.518896   60.292502
2.529562   62.288376
2.540229   62.467984
2.550896   63.503387
2.561563   64.479987
2.572229   63.710796
2.582896   63.450908
2.593563   64.427366
2.604229   63.991359
2.614896   63.098008
2.625563   63.498156
2.636229   63.148612
2.646896   61.066649
2.657563   59.493745
2.668229   59.436011
2.678896   61.104531
2.689563   61.808778
2.700229   60.762670
2.710896   61.531108
2.721563   63.216117
2.732229   63.704163
2.742896   63.419253
2.753563   64.072468
2.764229   63.364262
2.774896   62.771948
2.785563   64.813513
2.796229   65.150112
2.806896   63.835189
2.817563   64.424908
2.828229   65.871303
2.838896   64.152227
2.849563   59.955678
2.860229   58.361698
2.870896   59.363131
2.881562   59.696600
2.892229   59.050492
2.902896   58.844242
2.913562   58.215790
2.924229   58.506600
2.934896   58.737946
2.945562   59.825189
2.956229   58.447931
2.966896   57.894459
2.977562   60.985903
2.988229   63.943930
2.998896   64.068025
3.009562   61.679422
3.020229   61.235110
3.030896   61.523683
3.041562   60.227561
3.052229   58.725799
3.062896   62.492595
3.073563   66.112857
3.084229   70.706528
3.094896   75.307440
3.105563   78.338178
3.116229   80.419173
3.126896   82.204582
3.137563   83.263518
3.148229   83.571148
3.158896   83.289488
3.169563   82.359181
3.180229   80.899670
3.190896   78.999947
3.201563   77.234409
3.212229   76.009436
3.222896   74.728116
3.233563   73.040436
3.244229   70.418162
3.254896   67.002312
3.265563   64.310815
3.276229   63.334068
3.286896   64.553856
3.297563   71.309414
3.308229   76.553440
3.318896   78.985812
3.329563   79.468502
3.340229   79.040305
3.350896   79.235404
3.361563   80.702038
3.372229   81.973971
3.382896   82.617596
3.393563   82.964121
3.404229   83.080240
3.414896   82.988828
3.425563   82.462705
3.436229   80.497947
3.446896   76.099948
3.457563   71.487200
3.468229   70.320007
3.478896   69.065752
3.489562   69.462655
3.500229   71.242522
3.510896   71.834781
3.521562   70.919689
3.532229   68.768436
3.542896   66.019541
3.553563   63.690634
3.564229   62.617207
3.574896   61.800066
3.585563   59.781277
3.596229   60.650268
3.606896   62.093716
3.617563   65.966891
3.628229   72.958062
3.638896   77.347438
3.649563   79.091231
3.660229   79.392872
3.670896   79.080347
3.681563   78.534161
3.692229   78.706876
3.702896   79.178958
3.713563   79.131268
3.724229   78.624216
3.734896   77.810309
3.745563   77.231168
3.756229   77.262949
3.766896   77.266510
3.777563   76.884770
3.788229   76.213982
3.798896   75.648749
3.809563   75.425762
3.820229   75.295628
3.830896   75.097922
3.841563   75.044761
3.852229   75.138894
3.862896   75.253189
3.873563   75.165243
3.884229   74.744250
3.894896   73.944922
3.905563   73.047729
3.916229   72.430345
3.926896   71.716132
3.937563   70.246127
3.948229   69.439340
3.958896   69.825293
3.969563   69.868010
3.980229   69.988238
3.990896   70.160649
4.001563   71.045810
4.012229   72.345219
4.022896   71.480069
4.033563   68.137196
4.044229   67.754507
4.054896   71.117348
4.065563   72.873156
4.076229   73.341819
4.086896   73.619812
4.097563   74.055687
4.108229   74.499638
4.118896   74.682053
4.129563   74.423238
4.140229   73.493950
4.150896   71.723667
4.161563   69.304122
4.172229   67.178741
4.182896   67.602513
4.193563   68.647025
4.204229   69.083776
4.214896   69.719889
4.225563   70.466489
4.236229   69.820465
4.246896   67.629245
4.257563   64.856139
4.268229   62.183595
4.278896   60.886975
4.289563   63.152812
4.300229   66.133221
4.310896   66.712648
4.321563   65.858955
4.332229   65.062171
4.342896   65.099221
4.353563   65.446524
4.364229   65.406521
4.374896   64.673879
4.385563   64.608233
4.396229   65.263193
4.406896   64.890506
4.417563   62.285608
4.428229   58.884339
4.438896   57.393869
4.449563   58.323762
4.460229   59.064671
4.470896   59.845874
4.481563   61.038578
4.492229   60.392469
4.502896   58.977889
4.513563   61.291038
4.524229   63.817662
4.534896   65.162624
4.545563   66.056173
4.556229   67.107066
4.566896   67.897768
4.577563   67.620765
4.588229   66.298991
4.598896   65.486625
4.609563   65.638011
4.620229   65.773703
4.630896   66.438911
4.641563   68.280476
4.652229   68.789750
4.662896   67.548513
4.673563   66.478538
4.684229   64.900658
4.694896   61.826954
4.705563   58.204124
4.716229   55.746444
4.726896   56.106189
4.737563   58.911504
4.748229   61.073682
4.758896   61.259656
4.769563   61.318438
4.780229   63.760520
4.790896   64.834445
4.801563   63.044936
4.812229   62.776120
4.822896   64.419148
4.833563   64.198990
4.844229   62.539514
4.854896   60.621001
4.865563   60.517811
4.876229   60.252220
4.886896   61.017341
4.897563   61.177234
4.908229   61.416976
4.918896   63.295267
4.929563   64.761507
4.940229   64.124893
4.950896   62.647025
4.961563   62.444261
4.972229   64.754993
4.982896   65.182468
