mean: 72.77740168379115 std: 5.233988150575582 duration: 6.4435625
0.04311458333333299 64.5263715933566
0.053781249999999656 64.8617470944534
0.06444791666666633 64.99213104776737
0.07511458333333298 65.16622163785307
0.08578124999999967 66.36874795157925
0.09644791666666633 66.60287324512292
0.10711458333333299 65.3492863710434
0.11778124999999967 64.32043576841312
0.12844791666666633 66.87643296590358
0.13911458333333301 69.37700716300225
0.14978124999999967 71.1233713402851
0.16044791666666633 72.62228169379387
0.171114583333333 73.51259004339678
0.18178124999999967 74.17159626976641
0.19244791666666633 74.56362923471491
0.20311458333333302 74.8814413636847
0.21378124999999967 75.49852163808123
0.22444791666666633 75.88940936721231
0.23511458333333302 75.37908121375901
0.24578124999999967 73.97030490660083
0.2564479166666664 72.8053264438109
0.26711458333333304 73.42148464114362
0.2777812499999997 73.83125002092419
0.28844791666666636 73.02959658046697
0.299114583333333 71.57291761413624
0.30978124999999973 69.45820064386714
0.3204479166666664 69.26450231930906
0.33111458333333305 71.3829785370041
0.3417812499999997 71.59440188850924
0.35244791666666636 70.73791197448762
0.3631145833333331 73.80777726311509
0.37378124999999973 76.43306589268012
0.3844479166666664 77.14011366554058
0.39511458333333305 77.35323072881133
0.4057812499999997 77.58187495170522
0.4164479166666664 77.5000550993536
0.4271145833333331 77.40583141761556
0.43778124999999973 77.28891007805736
0.4484479166666664 76.97763716797385
0.45911458333333305 76.59309737458901
0.46978124999999976 76.35004505225231
0.4804479166666664 76.40501649807706
0.4911145833333331 77.0057737233764
0.5017812499999997 77.79482614166328
0.5124479166666663 77.94291978819955
0.523114583333333 76.823767256156
0.5337812499999998 74.5868886977954
0.5444479166666664 72.73046768142672
0.555114583333333 71.20470035244946
0.5657812499999997 68.52797284459213
0.5764479166666664 66.80966111649438
0.587114583333333 68.12690907678915
0.5977812499999997 70.32740053099309
0.6084479166666663 71.87334579358564
0.619114583333333 73.35908680516258
0.6297812499999997 75.03438120687673
0.6404479166666663 76.32870715719682
0.651114583333333 76.92148561981895
0.6617812499999997 76.60105985235388
0.6724479166666664 75.41010630214811
0.6831145833333331 73.60557093745389
0.6937812499999997 71.96450070690159
0.7044479166666664 71.31693472688808
0.715114583333333 71.74661035386512
0.7257812499999997 72.10098080809296
0.7364479166666664 72.00164293208707
0.747114583333333 71.81688363506262
0.7577812499999997 71.76662844269323
0.7684479166666663 71.54826767756802
0.779114583333333 71.65334194847975
0.7897812499999998 71.94461198746961
0.8004479166666664 71.8381963134924
0.8111145833333331 71.82856968498722
0.8217812499999997 72.08100753839874
0.8324479166666664 72.1433822796702
0.8431145833333331 71.81668536704612
0.8537812499999997 72.02792731575632
0.8644479166666664 71.95518616579953
0.875114583333333 71.4646085980487
0.8857812499999997 71.36764015529718
0.8964479166666665 71.3475690741082
0.9071145833333331 71.1143664882188
0.9177812499999998 70.39447847926377
0.9284479166666664 69.64268275611862
0.9391145833333331 68.87233534335272
0.9497812499999997 69.00157017915669
0.9604479166666664 69.47921841330627
0.9711145833333331 69.21255647657827
0.9817812499999997 68.83999270078462
0.9924479166666664 69.31803227361794
1.003114583333333 70.14177718017451
1.0137812499999999 70.13065715117102
1.0244479166666665 69.49386413122996
1.035114583333333 69.01910434408529
1.0457812499999999 70.38395916849795
1.0564479166666665 73.35480066119666
1.067114583333333 75.27228015796686
1.07778125 76.36563961204848
1.0884479166666665 76.66998786183578
1.0991145833333331 76.47776845989638
1.10978125 75.49047130748555
1.1204479166666665 73.14528709139155
1.1311145833333331 70.5518669616668
1.14178125 69.38599988645399
1.1524479166666666 68.69073347837039
1.1631145833333332 69.24620781047065
1.1737812499999998 70.89949715698081
1.1844479166666666 71.93704919049685
1.1951145833333332 72.99388409195464
1.2057812499999998 74.77145877925226
1.2164479166666666 76.53558490739046
1.2271145833333332 77.68258907214984
1.2377812499999998 78.24168466012564
1.2484479166666667 78.3898518762072
1.2591145833333333 78.30311315599411
1.2697812499999999 78.04699585350161
1.2804479166666665 77.97633259877722
1.2911145833333333 78.32749905319056
1.30178125 78.75820972047647
1.3124479166666665 79.05829745887024
1.3231145833333333 78.92934087389622
1.33378125 77.88771117388505
1.3444479166666665 76.15171967988745
1.3551145833333333 74.94654110711677
1.36578125 74.86969790295787
1.3764479166666665 74.85841963038729
1.3871145833333332 74.60890872971152
1.39778125 74.16859437659474
1.4084479166666666 73.6676741236729
1.4191145833333332 73.48106591572234
1.42978125 73.63290533018957
1.4404479166666666 73.973076351498
1.4511145833333332 74.43198801483294
1.4617812499999998 74.75195083442448
1.4724479166666666 74.83145366984854
1.4831145833333332 74.82987810031656
1.4937812499999998 74.61307688585461
1.5044479166666667 74.4163869226513
1.5151145833333333 74.7264508844504
1.5257812499999999 74.8599164147427
1.5364479166666667 74.72916854269647
1.5471145833333333 74.7944462105376
1.55778125 74.51690965206217
1.5684479166666665 73.67878428878926
1.5791145833333333 73.18616240353921
1.58978125 73.07299485272213
1.6004479166666665 72.84657383665923
1.6111145833333333 72.62795911552311
1.62178125 72.99664312567907
1.6324479166666666 73.68040390464421
1.6431145833333334 74.12247706823888
1.65378125 74.1722092438497
1.6644479166666666 73.81648431864225
1.6751145833333332 73.09906516274003
1.68578125 71.78663190156429
1.6964479166666666 69.44769189667275
1.7071145833333332 66.47761836673571
1.71778125 65.95229463095612
1.7284479166666666 69.20060640738089
1.7391145833333332 71.41974210312435
1.74978125 72.1442900830581
1.7604479166666667 72.07050731361973
1.7711145833333333 71.58353693274493
1.7817812499999999 70.81588724798826
1.7924479166666667 69.85848844279587
1.8031145833333333 68.74088777439091
1.81378125 67.4176302514518
1.8244479166666667 65.32698817520382
1.8351145833333333 65.0934551404109
1.84578125 66.91031614327501
1.8564479166666665 68.54408945162969
1.8671145833333334 68.65997550254446
1.87778125 68.38102493260577
1.8884479166666666 67.77287267996618
1.8991145833333334 65.6624107744486
1.90978125 64.93581990661295
1.9204479166666666 64.67286432458877
1.9311145833333334 63.24818395357161
1.94178125 60.47426358640508
1.9524479166666666 61.509061128802045
1.9631145833333332 63.54657512577286
1.97378125 64.95663824593169
1.9844479166666666 67.70474075361327
1.9951145833333332 70.38787985730166
2.00578125 71.49991141203485
2.0164479166666665 71.52389171564501
2.0271145833333333 71.04696390574114
2.03778125 70.92235148829685
2.0484479166666665 70.93469053778547
2.0591145833333333 70.80012375363123
2.0697812499999997 71.03356928730462
2.0804479166666665 71.39377409816575
2.091114583333333 70.81519132058376
2.1017812499999997 69.64258589239132
2.1124479166666665 68.17338478525906
2.123114583333333 66.38045450893554
2.1337812499999997 64.62296481164928
2.1444479166666666 63.625726244954556
2.155114583333333 63.630329690473324
2.1657812499999998 64.99992717965534
2.1764479166666666 66.9098591630362
2.187114583333333 67.92650294023132
2.19778125 68.43511352462932
2.2084479166666666 68.34209952731528
2.219114583333333 66.993877877291
2.22978125 65.46032466291854
2.2404479166666667 63.11140295859896
2.251114583333333 63.98457986523833
2.26178125 65.49409062698817
2.2724479166666667 65.10280027850045
2.283114583333333 64.51765198198474
2.29378125 65.7018095692182
2.3044479166666663 65.89099871299939
2.315114583333333 65.10166663818576
2.32578125 64.59045150126298
2.3364479166666663 66.97342886197691
2.347114583333333 70.59934072487711
2.35778125 72.63838028353693
2.3684479166666663 73.65009075681792
2.379114583333333 74.82593874113422
2.38978125 75.90043549767825
2.4004479166666663 76.34839288664479
2.411114583333333 76.19053539293405
2.42178125 75.79896767233538
2.4324479166666664 75.4093413145316
2.443114583333333 75.12744399672104
2.45378125 75.1471691708499
2.4644479166666664 75.27165364121811
2.4751145833333332 75.27912448665178
2.4857812499999996 75.17913136277635
2.4964479166666664 74.44427929225854
2.5071145833333333 73.06567068107225
2.5177812499999996 70.95578705539934
2.5284479166666665 68.85985222989562
2.5391145833333333 67.8217030238839
2.5497812499999997 67.74495059421608
2.5604479166666665 67.52471260995289
2.5711145833333333 66.79434847234106
2.5817812499999997 68.0248841914672
2.5924479166666665 69.73333093830918
2.6031145833333333 71.3026737922552
2.6137812499999997 72.3353696776076
2.6244479166666665 72.75280225435108
2.6351145833333334 71.70571278804178
2.6457812499999998 69.19204558834402
2.6564479166666666 66.73308435769216
2.6671145833333334 66.10627183530396
2.67778125 64.74586905543701
2.6884479166666666 62.146746467239275
2.699114583333333 61.56218568277555
2.70978125 65.06809111704031
2.7204479166666666 71.74379257366043
2.731114583333333 75.67592114667636
2.74178125 77.22554709839602
2.7524479166666667 77.44392133608466
2.763114583333333 77.12171892265914
2.77378125 76.53748547947161
2.7844479166666667 75.89019014243212
2.795114583333333 75.52795356716744
2.80578125 75.70415330044315
2.8164479166666667 76.30815900954785
2.827114583333333 76.72229693284335
2.83778125 76.68728947861885
2.8484479166666667 76.67482799883439
2.859114583333333 76.74921377289299
2.86978125 76.70648783046194
2.8804479166666663 76.85519653619448
2.891114583333333 77.58630284543217
2.90178125 78.18194812895374
2.9124479166666664 78.48897171408906
2.923114583333333 78.57129675297205
2.93378125 78.17702282966174
2.9444479166666664 77.72975602248911
2.955114583333333 77.09505111360404
2.96578125 75.87436903990772
2.9764479166666664 74.45598584117053
2.9871145833333332 73.17042119347052
2.99778125 71.92659039515794
3.0084479166666664 70.13783259866672
3.0191145833333333 67.79071527167753
3.02978125 66.79669337230634
3.0404479166666665 66.0781202138446
3.0511145833333333 63.524288735615
3.06178125 62.302701210260736
3.0724479166666665 62.32000700125103
3.0831145833333333 65.26382897758847
3.0937812499999997 71.59814905734784
3.1044479166666665 76.15871109677019
3.1151145833333334 78.7903844700914
3.1257812499999997 79.73399113224733
3.1364479166666666 79.32107175331005
3.1471145833333334 78.01883154282125
3.1577812499999998 76.6598438109257
3.1684479166666666 75.69549357243072
3.1791145833333334 75.27250735988841
3.18978125 74.95878557515195
3.2004479166666666 74.11389000572028
3.2111145833333334 72.61399803684345
3.22178125 70.51430145928121
3.2324479166666666 67.40549803463882
3.2431145833333335 62.916071630932166
3.25378125 61.57430158763183
3.2644479166666667 60.67413913454976
3.275114583333333 62.74698019349649
3.28578125 63.15363711395223
3.2964479166666667 64.08804766705146
3.307114583333333 65.95317344429327
3.31778125 67.04291832053802
3.3284479166666667 66.88641202133282
3.339114583333333 66.40631008233485
3.34978125 66.84074826028808
3.3604479166666668 67.21767257085689
3.371114583333333 67.52644641898863
3.38178125 67.91820130650561
3.392447916666667 68.36237837898669
3.403114583333333 69.05781398065457
3.41378125 69.73744336454148
3.424447916666667 70.28593582356811
3.435114583333333 70.48132798641208
3.44578125 70.18902480666598
3.456447916666667 69.50056721440744
3.467114583333333 68.46644679871416
3.47778125 67.47651476005584
3.4884479166666664 66.96963949410329
3.4991145833333333 66.89581492914068
3.50978125 67.06083117658154
3.5204479166666665 66.6134009781199
3.5311145833333333 65.03339899004396
3.54178125 62.05909803392383
3.5524479166666665 60.957472414858636
3.5631145833333333 62.27075733754325
3.57378125 63.11735202843622
3.5844479166666665 64.15855399909174
3.5951145833333333 67.76358431581596
3.60578125 70.45765038233208
3.6164479166666665 70.84667162592224
3.6271145833333334 70.67353957458377
3.63778125 70.26864066331149
3.6484479166666666 69.25004859892071
3.6591145833333334 67.98670020769221
3.6697812499999998 66.55267885967007
3.6804479166666666 64.51751053273208
3.6911145833333334 62.963327882610194
3.70178125 63.74440702968903
3.7124479166666666 63.54744289594667
3.7231145833333334 62.990285784423975
3.73378125 66.45374983978827
3.7444479166666667 71.14154415145205
3.7551145833333335 74.07500490782955
3.76578125 74.54619533208584
3.7764479166666667 73.94364822690551
3.7871145833333335 74.27798214249572
3.79778125 74.66207953568211
3.8084479166666667 74.59053282018822
3.8191145833333335 73.98879101179486
3.82978125 74.18823501790327
3.8404479166666667 75.27947111028
3.851114583333333 75.76229178847453
3.86178125 75.93277250150693
3.8724479166666668 75.8762398571178
3.883114583333333 75.62405662387073
3.89378125 74.71526909745553
3.904447916666667 73.40907108155454
3.915114583333333 72.46139512817392
3.92578125 72.07839698509959
3.936447916666667 72.15835458512275
3.947114583333333 72.10798041792845
3.95778125 71.31870022833304
3.968447916666667 70.7159541660836
3.9791145833333332 70.28405143186123
3.98978125 69.13393653033756
4.000447916666667 68.47914073479879
4.011114583333334 67.20038989725074
4.02178125 64.82201947008369
4.032447916666667 63.30450074118279
4.043114583333334 62.38411816212201
4.05378125 59.592206760626226
4.0644479166666665 60.201310621902344
4.075114583333334 62.36044204864724
4.08578125 62.85318840958661
4.0964479166666665 61.61634278129347
4.107114583333334 59.47870787081207
4.11778125 59.6030789142419
4.1284479166666666 60.546642720941364
4.139114583333333 59.11963185812422
4.14978125 55.58813121034149
4.160447916666667 54.89780631024609
4.171114583333333 59.57817353370964
4.18178125 65.33246656272127
4.192447916666667 68.62712085259952
4.203114583333333 70.16289283837418
4.21378125 71.3047905933432
4.224447916666667 72.77086379203372
4.235114583333333 73.8962844946677
4.24578125 74.11818807123052
4.256447916666667 73.75250650172823
4.267114583333333 74.3164236134908
4.27778125 75.93435388395045
4.288447916666667 76.86886177038505
4.299114583333333 77.48094135382884
4.30978125 78.20582911979216
4.320447916666667 78.71224704843151
4.331114583333333 79.1323291113103
4.34178125 79.43812013358834
4.352447916666667 79.17956016688179
4.363114583333333 78.37282494596757
4.37378125 77.30133443568792
4.384447916666667 76.14843325465722
4.395114583333333 74.82654292919239
4.40578125 72.76838164778114
4.416447916666667 69.608227253089
4.427114583333333 65.89072513912461
4.4377812500000005 63.17470343700908
4.448447916666667 61.25375920177141
4.459114583333333 60.632298437264865
4.4697812500000005 62.55288847553479
4.480447916666667 65.98627122102303
4.491114583333333 68.30368907093789
4.5017812500000005 70.19139825420451
4.512447916666667 71.96144995858864
4.523114583333333 73.78215963097911
4.53378125 75.02312111870773
4.544447916666667 75.05238713462792
4.555114583333333 74.03075971599351
4.56578125 72.31791538210176
4.576447916666667 70.43791652872062
4.587114583333333 68.853409114986
4.59778125 67.44647477803852
4.608447916666667 68.23878985474794
4.619114583333333 71.2025262301698
4.62978125 73.21192241173779
4.640447916666667 73.81307647714635
4.651114583333333 73.7937951488669
4.66178125 73.58847734275318
4.672447916666667 73.42270485308862
4.683114583333333 73.24824192701183
4.69378125 72.99208407518647
4.704447916666667 72.70689843939516
4.715114583333333 71.85930336660772
4.72578125 69.5044489750641
4.736447916666667 66.80459453078475
4.7471145833333335 65.31669199129888
4.75778125 64.55734985486858
4.768447916666667 64.08330355105447
4.7791145833333335 63.099102521849915
4.78978125 64.30327180386455
4.800447916666667 66.6119178298432
4.8111145833333335 69.451133532082
4.82178125 72.33569341197804
4.832447916666667 74.01066200317285
4.843114583333334 74.4420463829797
4.85378125 74.24166219501019
4.864447916666667 73.77247205760595
4.875114583333334 73.04649956012366
4.88578125 71.49318060285553
4.896447916666667 68.97207296430601
4.907114583333334 68.81183766094411
4.91778125 72.14846988291333
4.928447916666666 74.46680805472457
4.939114583333334 75.36375168737344
4.94978125 75.17194722334528
4.960447916666666 74.38544399603067
4.971114583333334 73.41700450392628
4.98178125 72.34641188196498
4.992447916666666 70.51695739485544
5.003114583333334 68.11125024739452
5.01378125 68.13237210999924
5.0244479166666665 69.01610803849246
5.035114583333334 68.99450590662707
5.04578125 68.44619339735013
5.0564479166666665 67.17689558437887
5.067114583333334 66.3974783845576
5.07778125 65.37395478924435
5.0884479166666665 63.741986956148395
5.099114583333334 63.6017282726468
5.10978125 68.47908702176093
5.1204479166666665 72.09350310203176
5.131114583333334 73.67793578490479
5.14178125 73.99213388178316
5.152447916666667 72.77970038222844
5.163114583333334 70.41667578550515
5.17378125 68.55357069532283
5.184447916666667 67.47417533899431
5.195114583333334 64.41963061638867
5.20578125 62.08143540785066
5.216447916666667 61.088721881358445
5.227114583333334 59.24169590038115
5.23778125 56.65667923446271
5.248447916666667 57.0237351818544
5.259114583333334 59.78361625251796
5.26978125 61.356484855920364
5.280447916666667 61.40722257886094
5.291114583333334 59.68718327717809
5.30178125 58.01029495447786
5.312447916666667 63.84243888635683
5.323114583333333 70.30137363564425
5.33378125 74.28336962816323
5.344447916666667 76.01635738741692
5.355114583333333 76.57513100602154
5.36578125 76.61722187023227
5.376447916666667 76.25146542076666
5.387114583333333 75.74189184776456
5.39778125 75.21543595845002
5.408447916666667 74.73392132946314
5.419114583333333 74.31145339780171
5.4297812500000004 73.74727498888653
5.440447916666667 73.46050459804158
5.451114583333333 73.57757691597891
5.4617812500000005 73.65920927607283
5.472447916666667 73.41745751399128
5.483114583333333 72.92561374532342
5.4937812500000005 72.36062093385293
5.504447916666667 72.18935036105024
5.515114583333333 72.25867739168625
5.5257812500000005 72.28524570695852
5.536447916666667 72.26757444564069
5.547114583333333 71.84312737236641
5.557781250000001 70.87725632281146
5.568447916666667 69.08239151195444
5.579114583333333 67.62324934621014
5.589781250000001 66.54051906909795
5.600447916666667 65.7662980176445
5.611114583333333 65.258981648869
5.621781250000001 65.85101537365146
5.632447916666667 68.19832653935615
5.643114583333333 70.43433141028585
5.653781250000001 72.6970083389397
5.664447916666667 74.1283437559432
5.675114583333333 74.40794205654525
5.685781250000001 73.41632165500145
5.696447916666667 72.2800303719467
5.707114583333333 72.13566945415187
5.71778125 73.0518763513933
5.728447916666667 74.13394767879544
5.7391145833333335 74.70525404642994
5.74978125 75.00716287672697
5.760447916666667 75.4053748338149
5.7711145833333335 75.71820184442052
5.78178125 75.63113023773789
5.792447916666667 75.1152905659667
5.8031145833333335 75.07765074166595
5.81378125 75.4104317786735
5.824447916666667 75.54581927004526
5.8351145833333335 75.48531635793454
5.84578125 75.28325617856913
5.856447916666667 75.17771557242145
5.867114583333334 75.08247833633631
5.87778125 75.04704805323948
5.888447916666667 74.97873537844613
5.899114583333334 74.72561870346861
5.90978125 74.42021692502946
5.920447916666667 74.15767642389487
5.931114583333334 73.7228099006982
5.94178125 72.94353933114833
5.952447916666667 71.71089225163898
5.963114583333334 69.70090068475741
5.97378125 66.00189237359389
5.984447916666667 60.70110516846283
5.995114583333334 57.03251763879217
6.00578125 56.7819007331957
6.016447916666667 58.71551474097575
6.027114583333334 61.86914419006488
6.03778125 62.88598658996983
6.048447916666667 62.16195353852168
6.059114583333334 64.9824990429518
6.06978125 68.23598077379988
6.080447916666667 69.8969444397942
6.091114583333334 70.08967873013825
6.10178125 69.72971308127556
6.1124479166666665 70.13590471644609
6.123114583333334 68.75223252285222
6.13378125 65.90801400436267
6.144447916666667 63.99779183908511
6.155114583333334 63.02419512407668
6.16578125 63.414818154778835
6.176447916666667 62.82927935217784
6.187114583333334 60.64192494555048
6.19778125 59.132057927125814
6.208447916666667 59.065043864379746
6.219114583333334 58.84318439187194
6.22978125 58.528385153567
6.240447916666667 59.32470605105141
6.251114583333334 60.78281033348723
6.26178125 60.86941007497387
6.272447916666667 61.24396920208114
6.283114583333334 62.582708842168664
6.29378125 63.00939520532667
6.304447916666667 61.48507238695969
6.315114583333334 60.496710758416484
6.32578125 61.77433024249368
6.336447916666667 62.91573854159866
6.347114583333334 63.76273675718715
6.35778125 62.97528957403523
6.368447916666667 62.159470020326864
6.379114583333334 62.571845801097545
6.38978125 61.62219695987373
6.400447916666667 58.641493829208784
