mean: 239.7028012885937 std: 75.29540055032659
0.024187500000000136 --undefined--
0.034187500000000134 --undefined--
0.044187500000000136 --undefined--
0.05418750000000014 --undefined--
0.06418750000000013 --undefined--
0.07418750000000014 --undefined--
0.08418750000000014 --undefined--
0.09418750000000015 275.48234209984616
0.10418750000000014 277.1251521138755
0.11418750000000014 274.13896831898893
0.12418750000000014 252.26157281791842
0.13418750000000013 244.95133355899014
0.14418750000000014 253.82713383280773
0.15418750000000014 245.96455147363457
0.16418750000000015 243.71938151175868
0.17418750000000013 250.33390022404953
0.18418750000000014 247.91907086709105
0.19418750000000015 249.43210994880027
0.20418750000000013 248.7288715280104
0.21418750000000014 253.05375738063293
0.22418750000000015 273.21478215218383
0.23418750000000013 271.00781018754526
0.24418750000000014 276.81591802857236
0.2541875000000001 285.61393418246627
0.26418750000000013 291.64756598939346
0.27418750000000014 294.69045688758007
0.28418750000000015 291.02263954207456
0.29418750000000016 284.72054554611003
0.30418750000000017 283.10439539752133
0.3141875000000001 282.7227471280489
0.32418750000000013 272.9849067174357
0.33418750000000014 259.38789248800936
0.34418750000000015 248.08169126191694
0.35418750000000015 251.26508614703172
0.36418750000000016 270.17993196115697
0.3741875000000002 264.2414784700485
0.3841875000000001 263.55409455957454
0.39418750000000014 255.5722979695858
0.40418750000000014 255.39839165240716
0.41418750000000015 271.91006997349916
0.42418750000000016 274.8630149161263
0.43418750000000017 315.64563032826493
0.4441875000000001 317.74677910905
0.45418750000000013 --undefined--
0.46418750000000014 --undefined--
0.47418750000000015 --undefined--
0.48418750000000016 --undefined--
0.49418750000000017 --undefined--
0.5041875000000001 --undefined--
0.5141875000000001 --undefined--
0.5241875000000001 --undefined--
0.5341875000000001 496.84695871424356
0.5441875000000002 497.7281905815257
0.5541875000000002 499.7604195558085
0.5641875000000002 492.96456451213
0.5741875000000002 487.51127259960697
0.5841875000000002 480.5634612619577
0.5941875000000002 --undefined--
0.6041875000000001 493.27969355884096
0.6141875000000001 480.72101816927295
0.6241875000000001 454.53392062872837
0.6341875000000001 485.875495577391
0.6441875000000001 477.1684390316536
0.6541875000000001 491.179019022399
0.6641875000000002 498.35701834223266
0.6741875000000002 495.7038486207518
0.6841875000000002 491.0765994014273
0.6941875000000002 484.1223048939849
0.7041875000000002 477.2034861079941
0.7141875000000002 --undefined--
0.7241875000000002 --undefined--
0.7341875000000001 --undefined--
0.7441875000000001 --undefined--
0.7541875000000001 --undefined--
0.7641875000000001 --undefined--
0.7741875000000001 --undefined--
0.7841875000000001 --undefined--
0.7941875000000002 --undefined--
0.8041875000000002 --undefined--
0.8141875000000002 --undefined--
0.8241875000000002 --undefined--
0.8341875000000002 --undefined--
0.8441875000000002 --undefined--
0.8541875000000002 --undefined--
0.8641875000000001 --undefined--
0.8741875000000001 --undefined--
0.8841875000000001 --undefined--
0.8941875000000001 --undefined--
0.9041875000000001 --undefined--
0.9141875000000002 --undefined--
0.9241875000000002 --undefined--
0.9341875000000002 --undefined--
0.9441875000000002 --undefined--
0.9541875000000002 --undefined--
0.9641875000000002 250.9308236432754
0.9741875000000002 248.61037997209394
0.9841875000000001 245.83621846463566
0.9941875000000001 242.66948592240539
1.0041875 241.11791337759158
1.0141875 242.00368184560332
1.0241875 242.38157177239887
1.0341875 241.2386859298556
1.0441875 240.47752119785727
1.0541875 239.63656588438323
1.0641875 238.95516499919222
1.0741875 238.12709183578045
1.0841875 236.67693537280184
1.0941875 234.7643821858427
1.1041875 232.56254174375172
1.1141875 229.44156299529973
1.1241875000000001 226.34997853990643
1.1341875000000001 224.94514649467632
1.1441875000000001 224.23957523375736
1.1541875000000001 223.74468888920794
1.1641875000000002 222.92566115296012
1.1741875000000002 219.10668850053295
1.1841875 217.01127704436533
1.1941875 217.49529521859895
1.2041875 217.76268315500712
1.2141875 216.86226231851228
1.2241875 215.07598347249123
1.2341875 213.56833720036738
1.2441875 211.5413400894736
1.2541875 209.71853443437624
1.2641875 207.73207715667908
1.2741875 205.80932489407522
1.2841875 203.5694136084109
1.2941875 201.56557131786283
1.3041875 200.62283811855303
1.3141875 199.96087601031735
1.3241875 198.78070752212338
1.3341875 196.9704719869431
1.3441875 193.00674993471128
1.3541875 189.99060116216754
1.3641875 188.58133645048215
1.3741875000000001 187.51467726159655
1.3841875000000001 191.3888326704655
1.3941875000000001 --undefined--
1.4041875000000001 250.15518464401188
1.4141875000000002 244.18028475966068
1.4241875000000002 258.98380459187234
1.4341875 257.4247432259074
1.4441875 260.53886889909984
1.4541875 --undefined--
1.4641875 --undefined--
1.4741875 --undefined--
1.4841875 --undefined--
1.4941875 --undefined--
1.5041875 --undefined--
1.5141875 --undefined--
1.5241875 --undefined--
1.5341875 --undefined--
1.5441875 --undefined--
1.5541875 --undefined--
1.5641875 --undefined--
1.5741875 --undefined--
1.5841875 --undefined--
1.5941875 --undefined--
1.6041875 --undefined--
1.6141875 --undefined--
1.6241875000000001 --undefined--
1.6341875000000001 --undefined--
1.6441875000000001 --undefined--
1.6541875000000001 --undefined--
1.6641875000000002 --undefined--
1.6741875000000002 --undefined--
1.6841875000000002 --undefined--
1.6941875 --undefined--
1.7041875 --undefined--
1.7141875 --undefined--
1.7241875 --undefined--
1.7341875 --undefined--
1.7441875 --undefined--
1.7541875 --undefined--
1.7641875 --undefined--
1.7741875 --undefined--
1.7841875 --undefined--
1.7941875 280.7211212716572
1.8041875 302.3881943550529
1.8141875 305.5819020746358
1.8241875 298.0814117446621
1.8341875 289.7175364095922
1.8441875 281.3007020338601
1.8541875 274.30474950396626
1.8641875 272.46993815774624
1.8741875000000001 277.38565472198405
1.8841875000000001 283.754912231588
1.8941875000000001 288.3642459743827
1.9041875000000001 289.82695888916163
1.9141875000000002 290.83575258535143
1.9241875000000002 292.2052711667084
1.9341875000000002 293.7149305346055
1.9441875 294.077082574938
1.9541875 294.8004420870113
1.9641875 296.7755252150105
1.9741875 302.1192947432859
1.9841875 308.8499811613782
1.9941875 317.23107359150595
2.0041875 323.2782866695265
2.0141875000000002 322.9636985890915
2.0241875 279.4471849740842
2.0341875000000003 267.43970836783603
2.0441875 255.68947205938855
2.0541875000000003 --undefined--
2.0641875 --undefined--
2.0741875 --undefined--
2.0841875 --undefined--
2.0941875 --undefined--
2.1041875 --undefined--
2.1141875 --undefined--
2.1241875 --undefined--
2.1341875 --undefined--
2.1441875 305.00340538309115
2.1541875 311.07598326871323
2.1641875 311.84674084570236
2.1741875 305.20563552216845
2.1841875 293.64079789220506
2.1941875 281.6261244621482
2.2041875 265.9539638133235
2.2141875 244.66194799604858
2.2241875 238.48361470465431
2.2341875 230.0153958796011
2.2441875000000002 237.73364551870048
2.2541875 257.73628311559327
2.2641875000000002 270.38909071244785
2.2741875 272.64450265592853
2.2841875000000003 272.9141382564473
2.2941875 272.6698510385433
2.3041875000000003 272.1576603444723
2.3141875 271.04442942402267
2.3241875000000003 270.6188460894553
2.3341875 271.30319173613776
2.3441875 269.95575259755884
2.3541875 262.5260700425711
2.3641875 248.8903854713426
2.3741875 248.03750144927565
2.3841875 261.5258072721836
2.3941875 --undefined--
2.4041875 --undefined--
2.4141875 --undefined--
2.4241875 --undefined--
2.4341875 --undefined--
2.4441875 223.603054579853
2.4541875 224.08135132043387
2.4641875 218.98560917538813
2.4741875 216.71033074671104
2.4841875 211.47620218352066
2.4941875000000002 214.4994884867486
2.5041875 203.76785059236414
2.5141875000000002 195.72225397184988
2.5241875 180.46957370834093
2.5341875000000003 --undefined--
2.5441875 --undefined--
2.5541875000000003 --undefined--
2.5641875 --undefined--
2.5741875000000003 225.23980768900847
2.5841875 224.9686707712634
2.5941875 232.215967690357
2.6041875 238.35620020498106
2.6141875 240.6971111324281
2.6241875 242.7496491826847
2.6341875 245.36648359961447
2.6441875 248.44773765357291
2.6541875 252.54501878335353
2.6641875 253.50423484832473
2.6741875 276.30553628189006
2.6841875 284.38745517783184
2.6941875 285.949446091655
2.7041875 285.36987308918646
2.7141875 261.345382941425
2.7241875 260.0085878837055
2.7341875 284.369234922436
2.7441875000000002 --undefined--
2.7541875 --undefined--
2.7641875000000002 --undefined--
2.7741875 229.30735432515553
2.7841875000000003 221.55202547896658
2.7941875 --undefined--
2.8041875000000003 --undefined--
2.8141875 --undefined--
2.8241875000000003 --undefined--
2.8341875 --undefined--
2.8441875 212.4718117183507
2.8541875 213.01290581447896
2.8641875 211.43578796439263
2.8741875 207.63600967410636
2.8841875 203.6574137120857
2.8941875 201.53506779409832
2.9041875 198.89106606872448
2.9141875 196.21588659891887
2.9241875 193.3167016406978
2.9341875 191.53079086138266
2.9441875 187.58941449013435
2.9541875 184.87798266874415
2.9641875 184.42255692377475
2.9741875 185.2345043368619
2.9841875 186.75857346766577
2.9941875000000002 187.47395674039154
3.0041875 187.73729849875147
3.0141875000000002 187.4171722522778
3.0241875 186.83471302011998
3.0341875000000003 186.40563776293803
3.0441875 186.2654584466929
3.0541875000000003 186.58702634162125
3.0641875 188.18549923559328
3.0741875000000003 188.61690437557868
3.0841875 185.81788157484604
3.0941875000000003 --undefined--
3.1041875 --undefined--
3.1141875 --undefined--
3.1241875 --undefined--
3.1341875 --undefined--
3.1441875 --undefined--
3.1541875 --undefined--
3.1641875 --undefined--
3.1741875 216.17591851340134
3.1841875 214.22566711074558
3.1941875 195.55861153038998
3.2041875 185.88381760195145
3.2141875 183.09921385152097
3.2241875 190.92406593781232
3.2341875 207.04172549757124
3.2441875000000002 206.93188860856142
3.2541875 199.0785457425266
3.2641875000000002 193.3266776513337
3.2741875 189.92083195405934
3.2841875000000003 189.03574398276078
3.2941875 188.11468922422844
3.3041875000000003 187.97945597619957
3.3141875 188.6916286911666
3.3241875000000003 189.39046422808508
3.3341875 190.36735746870525
3.3441875000000003 192.1680089868535
3.3541875 193.97524967001718
3.3641875 --undefined--
3.3741875 --undefined--
3.3841875 --undefined--
3.3941875 --undefined--
3.4041875 --undefined--
3.4141875 --undefined--
3.4241875 --undefined--
3.4341875 --undefined--
3.4441875 --undefined--
3.4541875 226.54936586581712
3.4641875 217.89104043525694
3.4741875 209.8984059369758
3.4841875 198.52323558985367
3.4941875000000002 188.59924194214992
3.5041875 --undefined--
3.5141875000000002 --undefined--
3.5241875 --undefined--
3.5341875000000003 --undefined--
3.5441875 --undefined--
3.5541875000000003 --undefined--
3.5641875 --undefined--
3.5741875000000003 --undefined--
3.5841875 --undefined--
3.5941875000000003 --undefined--
3.6041875 --undefined--
3.6141875 --undefined--
3.6241875 --undefined--
3.6341875 --undefined--
3.6441875 --undefined--
3.6541875 --undefined--
3.6641875 79.53597459142819
3.6741875 79.75347514697282
3.6841875 80.22896100138897
3.6941875 81.56772397518067
3.7041875 --undefined--
3.7141875 --undefined--
3.7241875 --undefined--
3.7341875 --undefined--
3.7441875000000002 --undefined--
3.7541875 --undefined--
3.7641875000000002 --undefined--
3.7741875 --undefined--
3.7841875000000003 --undefined--
3.7941875 --undefined--
3.8041875000000003 --undefined--
3.8141875 --undefined--
3.8241875000000003 --undefined--
3.8341875 --undefined--
3.8441875000000003 --undefined--
3.8541875 --undefined--
3.8641875 --undefined--
3.8741875 --undefined--
3.8841875 --undefined--
3.8941875 --undefined--
3.9041875 --undefined--
3.9141875 --undefined--
3.9241875 496.76709859060986
3.9341875 487.92659788985014
3.9441875 --undefined--
3.9541875 --undefined--
3.9641875 --undefined--
3.9741875 --undefined--
3.9841875 --undefined--
3.9941875000000002 --undefined--
4.0041875000000005 --undefined--
4.0141875 --undefined--
4.0241875 --undefined--
4.0341875 --undefined--
4.0441875000000005 --undefined--
4.0541875 --undefined--
4.0641875 --undefined--
4.0741875 --undefined--
4.0841875000000005 --undefined--
4.0941875 207.63782083168195
4.1041875 195.80765962928982
4.1141875 191.2731071998508
4.1241875 187.32656781528956
4.1341875 184.58578776087765
4.1441875 182.3390768519053
4.1541875 180.34276130955422
4.1641875 178.87989076288252
4.1741875 177.00819807610108
4.1841875 176.6199223480489
4.1941875 178.4223116411291
4.2041875 180.57813789062558
4.2141875 181.70839808973759
4.2241875 181.52617952615773
4.2341875 181.76260908019805
4.2441875 179.73092537782156
4.2541875000000005 --undefined--
4.2641875 --undefined--
4.2741875 --undefined--
4.2841875 --undefined--
4.2941875000000005 --undefined--
4.3041875 --undefined--
4.3141875 --undefined--
4.3241875 --undefined--
4.3341875000000005 --undefined--
4.3441875 --undefined--
4.3541875 --undefined--
4.3641875 --undefined--
4.374187500000001 194.17176381476446
4.3841875 193.74962622843654
4.3941875 192.66924756703486
4.4041875 190.894237688226
4.4141875 189.2857881629766
4.4241875 188.6867162913139
4.4341875 187.98974650899945
4.4441875 186.89662595988412
4.4541875 185.72173483228082
4.4641875 183.37863894427736
4.4741875 181.78879292849612
4.4841875 182.96606057423563
4.4941875 186.93132900636192
4.5041875000000005 190.61502659672263
4.5141875 192.11926969614606
4.5241875 192.43503270315642
4.5341875 191.28801684556836
4.5441875000000005 190.71890541193892
4.5541875 188.91992137217872
4.5641875 187.41096056430126
4.5741875 186.61207239061832
4.5841875000000005 186.3204889018271
4.5941875 186.32548694518758
4.6041875 185.5798284980098
4.6141875 184.48610545961662
4.624187500000001 183.47222089452796
4.6341875 182.45107524116932
4.6441875 181.54826385826772
4.6541875 181.4145735366357
4.6641875 181.521086476896
4.6741875 180.95148449697103
4.6841875 179.89500204327035
4.6941875 179.0881517690127
4.7041875 178.8229546826666
4.7141875 178.72055145680247
4.7241875 178.9032778599161
4.7341875 179.68583766274014
4.7441875 181.20022818719758
4.7541875000000005 183.63241128734663
4.7641875 186.39978142517072
4.7741875 --undefined--
4.7841875 --undefined--
4.7941875000000005 --undefined--
4.8041875 --undefined--
4.8141875 --undefined--
4.8241875 --undefined--
4.8341875000000005 --undefined--
4.8441875 --undefined--
4.8541875 --undefined--
4.8641875 --undefined--
4.874187500000001 --undefined--
4.8841875 --undefined--
4.8941875 --undefined--
4.9041875 --undefined--
4.9141875 --undefined--
4.9241875 --undefined--
4.9341875 445.0494000238025
4.9441875 445.8125407329309
4.9541875 443.1487370868816
4.9641875 --undefined--
4.9741875 389.1829655315017
4.9841875 386.14781579136763
4.9941875 390.09719430256695
5.0041875000000005 389.34451665009624
5.0141875 400.81740245581614
5.0241875 --undefined--
5.0341875 455.7533646727333
5.0441875000000005 --undefined--
5.0541875 --undefined--
5.0641875 --undefined--
5.0741875 --undefined--
5.0841875000000005 --undefined--
5.0941875 --undefined--
5.1041875 --undefined--
5.1141875 --undefined--
5.124187500000001 --undefined--
5.1341875 --undefined--
5.1441875 --undefined--
5.1541875 --undefined--
5.1641875 --undefined--
5.1741875 --undefined--
5.1841875 --undefined--
5.1941875 --undefined--
5.2041875 --undefined--
5.2141875 --undefined--
5.2241875 --undefined--
5.2341875 --undefined--
5.2441875 --undefined--
5.2541875000000005 --undefined--
5.2641875 --undefined--
5.2741875 --undefined--
5.2841875 --undefined--
5.2941875000000005 --undefined--
5.3041875 --undefined--
5.3141875 --undefined--
5.3241875 --undefined--
5.3341875000000005 --undefined--
5.3441875 --undefined--
5.3541875 --undefined--
5.3641875 --undefined--
5.374187500000001 --undefined--
5.3841875 --undefined--
5.3941875 --undefined--
5.4041875 194.01585438750894
5.4141875 210.42356857033926
5.4241875 241.33154821539415
5.4341875 238.6520355072204
5.4441875 234.3019619790485
5.4541875 231.97832080981564
5.4641875 230.53011459493857
5.4741875 228.48603375174122
5.4841875 227.64138012793967
5.4941875 227.30669094326242
5.5041875000000005 227.33708015054663
5.5141875 227.834435095171
5.5241875 227.6147894727408
5.5341875 227.37774957478294
5.5441875000000005 228.70072641842538
5.5541875 227.11506727959883
5.5641875 217.79105753508406
5.5741875 211.69950668661562
5.5841875000000005 206.12417565208438
5.5941875 204.18731755948565
5.6041875 203.22604211703398
5.6141875 203.0935277438014
5.624187500000001 203.17080588024484
5.6341875 203.96629267164823
5.6441875 204.30061332650843
5.6541875 204.21282247311652
5.6641875 205.4127733592051
5.6741875 207.9586831246344
5.6841875 210.6950614855882
5.6941875 213.3667431144704
5.7041875 216.14523454075783
5.7141875 221.10794199094937
5.7241875 227.37295618730212
5.7341875 238.4465225925497
5.7441875 248.4599683779882
5.7541875000000005 256.5251498565931
5.7641875 264.7022298986739
5.7741875 272.24784724412535
5.7841875 281.62739235907173
5.7941875000000005 290.4155016256081
5.8041875 290.81364066435776
5.8141875 288.8952239626808
5.8241875 281.6380838247745
5.8341875000000005 269.0657248809582
5.8441875 257.217566055894
5.8541875 251.85375496287332
5.8641875 254.2796755292401
5.874187500000001 263.58953035768906
5.8841875 --undefined--
5.8941875 --undefined--
5.9041875 --undefined--
5.9141875 --undefined--
5.9241875 --undefined--
5.9341875 --undefined--
5.9441875 --undefined--
5.9541875 --undefined--
5.9641875 --undefined--
5.9741875 --undefined--
5.9841875 --undefined--
5.9941875 --undefined--
6.0041875000000005 --undefined--
6.0141875 --undefined--
6.0241875 --undefined--
6.0341875 --undefined--
6.0441875000000005 --undefined--
6.0541875 --undefined--
6.0641875 --undefined--
6.0741875 215.07699187688294
6.0841875000000005 215.3614433226554
6.0941875 212.09358778851262
6.1041875 206.93557115352056
6.1141875 198.08298396867266
6.124187500000001 187.32356453668947
6.1341875 180.98037467012887
6.1441875 177.1019382425282
6.1541875 175.05552251950368
6.164187500000001 174.3623484573599
6.1741875 174.28388262130625
6.1841875 173.22996705148336
6.1941875 172.45637455091514
6.2041875 172.1375946091169
6.2141875 172.84464263190893
6.2241875 173.52699626757095
6.2341875 174.5752997522285
6.2441875 175.4146828760493
6.2541875000000005 175.34129458240034
6.2641875 175.17404614704176
6.2741875 175.10809586673065
6.2841875 179.08050610257695
6.2941875000000005 183.51568400818093
6.3041875 187.22661268777267
6.3141875 194.0156637505754
6.3241875 203.15162029889834
6.3341875000000005 214.08681679293676
6.3441875 --undefined--
6.3541875 --undefined--
6.3641875 --undefined--
6.374187500000001 --undefined--
6.3841875 --undefined--
6.3941875 --undefined--
6.4041875 --undefined--
6.414187500000001 --undefined--
6.4241875 --undefined--
6.4341875 --undefined--
6.4441875 --undefined--
6.4541875 --undefined--
6.4641875 411.27789572461114
6.4741875 414.6707653931784
6.4841875 --undefined--
6.4941875 --undefined--
6.5041875000000005 --undefined--
6.5141875 206.36204556429297
6.5241875 218.76510795311606
6.5341875 224.9535517705904
6.5441875000000005 206.544280364931
6.5541875 196.0728553305205
6.5641875 189.0799521692886
6.5741875 186.31483343892842
6.5841875000000005 186.62755806080455
6.5941875 186.31242693709552
6.6041875 184.38660259770228
6.6141875 184.1953809756072
6.624187500000001 --undefined--
6.6341875 --undefined--
6.6441875 --undefined--
6.6541875 --undefined--
6.664187500000001 --undefined--
6.6741875 --undefined--
6.6841875 --undefined--
6.6941875 --undefined--
6.7041875 --undefined--
6.7141875 --undefined--
6.7241875 --undefined--
6.7341875 --undefined--
6.7441875 --undefined--
6.7541875000000005 --undefined--
6.7641875 --undefined--
6.7741875 --undefined--
6.7841875 --undefined--
6.7941875000000005 --undefined--
6.8041875 --undefined--
6.8141875 --undefined--
6.8241875 --undefined--
6.8341875000000005 --undefined--
6.8441875 --undefined--
6.8541875 --undefined--
6.8641875 --undefined--
6.874187500000001 --undefined--
6.8841875 --undefined--
6.8941875 --undefined--
6.9041875 --undefined--
6.914187500000001 --undefined--
6.9241875 212.75656892398794
6.9341875 207.2973280024366
6.9441875 200.96978838876973
6.9541875 193.48737517963
6.9641875 188.77896573387645
6.9741875 186.15696566048902
6.9841875 185.39577895429193
6.9941875 184.72906651015992
7.0041875000000005 183.96833618441968
7.0141875 184.80905208334948
7.0241875 186.0311525701989
7.0341875 185.6771289680426
7.0441875000000005 184.59170342961818
7.0541875 184.0489847025648
7.0641875 183.30915381470467
7.0741875 182.64009065926822
7.0841875000000005 182.13551718601394
7.0941875 181.88791057631025
7.1041875 181.37166086175088
7.1141875 181.65586314640402
7.124187500000001 184.38728920994652
7.1341875 187.10637594546776
7.1441875 189.88732376873713
7.1541875 192.62099893110826
7.164187500000001 194.67535782660045
7.1741875 195.08925757835186
7.1841875 193.9060559315951
7.1941875 189.13526336613336
7.2041875 183.82405724760343
7.2141875 --undefined--
7.2241875 --undefined--
7.2341875 --undefined--
7.2441875 --undefined--
7.2541875000000005 --undefined--
7.2641875 --undefined--
7.2741875 --undefined--
7.2841875 --undefined--
7.2941875000000005 --undefined--
7.3041875 235.3399395836966
7.3141875 242.98104204794834
7.3241875 246.2528918250596
7.3341875000000005 251.15283237446383
7.3441875 254.04994189885727
7.3541875 254.6271400068043
7.3641875 253.45105030592
7.374187500000001 249.04709449366854
7.3841875 249.6378820346818
7.3941875 268.49476593225546
7.4041875 288.05314316424557
7.414187500000001 287.7229427588088
7.4241875 284.7481733435352
7.4341875 280.5210002336681
7.4441875 274.5319009859665
7.4541875 270.22680714541275
7.4641875 266.0804185481373
7.4741875 258.01854689450795
7.4841875 252.56492003226703
7.4941875 252.31931579130574
7.5041875000000005 --undefined--
7.5141875 --undefined--
7.5241875 --undefined--
7.5341875 --undefined--
7.5441875000000005 --undefined--
7.5541875 --undefined--
7.5641875 --undefined--
7.5741875 --undefined--
7.5841875000000005 --undefined--
7.5941875 --undefined--
7.6041875 --undefined--
7.6141875 --undefined--
7.624187500000001 --undefined--
7.6341875 --undefined--
7.6441875 --undefined--
7.6541875 --undefined--
7.664187500000001 218.41828510435886
7.6741875 203.23867430229487
7.6841875 187.0990250704605
7.6941875 180.3095730124623
7.7041875 --undefined--
7.7141875 --undefined--
7.7241875 --undefined--
7.7341875 --undefined--
7.7441875 --undefined--
7.7541875000000005 --undefined--
7.7641875 --undefined--
7.7741875 --undefined--
7.7841875 --undefined--
7.7941875000000005 --undefined--
7.8041875 --undefined--
7.8141875 --undefined--
7.8241875 --undefined--
7.8341875000000005 --undefined--
7.8441875 --undefined--
7.8541875 --undefined--
7.8641875 --undefined--
7.874187500000001 110.62956708382116
7.8841875 110.99833693857809
7.8941875 110.14974152835818
7.9041875 --undefined--
7.914187500000001 --undefined--
7.9241875 --undefined--
7.9341875 --undefined--
7.9441875 --undefined--
7.954187500000001 --undefined--
7.9641875 --undefined--
7.9741875 --undefined--
7.9841875 412.92771979194913
7.9941875 405.76656288365115
8.0041875 --undefined--
8.0141875 --undefined--
8.0241875 --undefined--
8.0341875 --undefined--
8.0441875 --undefined--
8.0541875 --undefined--
8.064187500000001 --undefined--
8.0741875 --undefined--
8.0841875 393.6158921384894
8.0941875 395.17300799032563
8.1041875 390.199494164489
8.1141875 --undefined--
8.1241875 446.6083057581863
8.1341875 495.68795743820203
8.144187500000001 --undefined--
8.1541875 470.54158329225754
8.1641875 --undefined--
8.1741875 --undefined--
8.1841875 --undefined--
8.1941875 --undefined--
8.2041875 --undefined--
8.2141875 --undefined--
8.2241875 --undefined--
8.2341875 --undefined--
8.2441875 --undefined--
8.2541875 --undefined--
8.2641875 --undefined--
8.2741875 --undefined--
8.2841875 --undefined--
8.2941875 --undefined--
8.3041875 --undefined--
8.314187500000001 --undefined--
8.3241875 --undefined--
8.3341875 --undefined--
8.3441875 --undefined--
8.3541875 --undefined--
8.3641875 --undefined--
8.3741875 --undefined--
8.3841875 --undefined--
8.394187500000001 --undefined--
8.4041875 --undefined--
8.4141875 --undefined--
8.4241875 --undefined--
8.4341875 --undefined--
8.4441875 --undefined--
8.4541875 --undefined--
8.4641875 --undefined--
8.4741875 --undefined--
8.4841875 --undefined--
8.4941875 --undefined--
8.5041875 254.74555854120905
8.5141875 242.29857802306955
8.5241875 238.74937943915356
8.5341875 234.49441537952364
8.5441875 230.52260638708032
8.5541875 230.60621518430472
8.564187500000001 234.35976548231937
8.5741875 238.7867825033834
8.5841875 241.985096746307
8.5941875 243.7204035045612
8.6041875 243.39735087287318
8.6141875 241.54722254447177
8.6241875 238.67222516967274
8.6341875 236.11771054947152
8.644187500000001 232.59762799460373
8.6541875 230.6909481096063
8.6641875 229.6834945456607
8.6741875 228.99876629962773
8.6841875 228.0742457151166
8.6941875 226.81646823666776
8.7041875 224.7580892719834
8.7141875 222.51121528557937
8.724187500000001 220.7377847085148
8.7341875 219.43254074062426
8.7441875 217.72368384737825
8.7541875 216.167270475451
8.7641875 215.4944177549735
8.7741875 215.0251183234637
8.7841875 214.89430137937248
8.7941875 215.00250169459753
8.8041875 214.45091756768537
8.814187500000001 214.1487375116596
8.8241875 213.11489328739825
8.8341875 212.124433927441
8.8441875 210.9117796011762
8.8541875 209.71217541770528
8.8641875 207.7391990424187
8.8741875 205.38828363345996
8.8841875 202.57586556015687
8.894187500000001 199.8055562070441
8.9041875 197.45040420019058
8.9141875 196.75797520968905
8.9241875 197.86107757735056
8.9341875 198.3995071012579
8.9441875 197.61321119113313
8.9541875 195.80050951814445
8.9641875 194.26995756237258
8.974187500000001 192.73529387982373
8.9841875 191.29599280425575
8.9941875 190.54845416044733
9.0041875 190.15970305926004
9.0141875 190.46882034265224
9.0241875 192.13827279349363
9.0341875 --undefined--
9.0441875 --undefined--
9.0541875 --undefined--
9.064187500000001 --undefined--
9.0741875 --undefined--
9.0841875 82.38667679611602
9.0941875 82.63403086189197
9.1041875 --undefined--
9.1141875 --undefined--
9.1241875 --undefined--
9.1341875 426.4598727287756
9.144187500000001 428.8870186943029
9.1541875 429.7902805905919
9.1641875 --undefined--
9.1741875 --undefined--
9.1841875 --undefined--
9.1941875 --undefined--
9.2041875 --undefined--
9.2141875 --undefined--
9.224187500000001 --undefined--
9.2341875 --undefined--
9.2441875 --undefined--
9.2541875 --undefined--
9.2641875 --undefined--
9.2741875 --undefined--
9.2841875 --undefined--
9.2941875 --undefined--
9.3041875 --undefined--
9.314187500000001 --undefined--
9.3241875 --undefined--
9.3341875 --undefined--
9.3441875 --undefined--
9.3541875 --undefined--
9.3641875 --undefined--
9.3741875 --undefined--
9.3841875 223.53704767544593
9.394187500000001 219.83981786295607
9.4041875 217.2337174681882
9.4141875 216.420208305066
9.4241875 215.98437054008278
9.4341875 214.51468966126515
9.4441875 213.82949825242275
9.4541875 215.40141255900127
9.4641875 217.01690393325188
9.474187500000001 216.39085517085155
9.4841875 215.0526006280024
9.4941875 214.0230140649736
9.5041875 214.78391427944212
9.5141875 216.10617019886104
9.5241875 217.1001066087208
9.5341875 216.7692473036545
9.5441875 216.17707396971676
9.5541875 217.0824609155781
9.564187500000001 218.22985618889365
9.5741875 217.42918991250235
9.5841875 214.96757475494925
9.5941875 209.8783948604712
9.6041875 202.5206539349766
9.6141875 --undefined--
9.6241875 --undefined--
9.6341875 --undefined--
9.644187500000001 456.1577167624412
9.6541875 457.98148306911145
9.6641875 459.32522952610236
9.6741875 439.71222899997423
9.6841875 441.18563915964063
9.6941875 484.33268871685726
9.7041875 278.77142463101245
9.7141875 266.2867070742971
9.724187500000001 266.4659189464393
9.7341875 267.231931923928
9.7441875 266.9613356912788
9.7541875 263.58856625438915
9.7641875 261.163711343934
9.7741875 259.9543310495484
9.7841875 251.77892698693125
9.7941875 249.19112725819753
9.8041875 247.03314871210188
9.814187500000001 238.81356631514532
9.8241875 --undefined--
9.8341875 --undefined--
9.8441875 --undefined--
9.8541875 --undefined--
9.8641875 --undefined--
9.8741875 --undefined--
9.8841875 --undefined--
9.894187500000001 --undefined--
9.9041875 --undefined--
9.9141875 --undefined--
9.9241875 265.3338134798519
9.9341875 258.80300410968727
9.9441875 245.0243633273387
9.9541875 236.94952243695334
9.9641875 229.79517933489413
9.974187500000001 223.25582223768643
9.9841875 217.3015160995223
9.9941875 212.79399303215544
10.0041875 209.36581040764617
10.0141875 204.87099464821708
10.0241875 200.4997865615909
10.0341875 193.93449238650243
10.0441875 187.76688434114942
10.0541875 184.8943677029615
10.064187500000001 186.07279193291075
10.0741875 192.68677813033963
10.0841875 200.83196933285697
10.0941875 205.49594014170503
10.1041875 206.4399130270444
10.1141875 205.4795628955444
10.1241875 206.21111012181566
10.1341875 209.45865025880966
10.144187500000001 213.75476224232378
10.1541875 217.66645182982052
10.1641875 219.0138656858168
10.1741875 --undefined--
10.1841875 --undefined--
10.1941875 --undefined--
10.2041875 --undefined--
10.2141875 --undefined--
10.224187500000001 --undefined--
10.2341875 --undefined--
10.2441875 --undefined--
10.2541875 --undefined--
10.2641875 --undefined--
10.2741875 --undefined--
10.2841875 --undefined--
10.2941875 --undefined--
10.3041875 --undefined--
10.314187500000001 --undefined--
10.3241875 --undefined--
10.3341875 --undefined--
10.3441875 --undefined--
10.3541875 --undefined--
10.3641875 --undefined--
10.3741875 --undefined--
10.3841875 --undefined--
10.394187500000001 --undefined--
10.4041875 --undefined--
10.4141875 --undefined--
10.4241875 --undefined--
10.4341875 --undefined--
10.4441875 --undefined--
10.4541875 --undefined--
10.4641875 --undefined--
10.474187500000001 --undefined--
10.4841875 --undefined--
10.4941875 --undefined--
10.5041875 --undefined--
10.5141875 --undefined--
10.5241875 --undefined--
10.5341875 --undefined--
10.5441875 --undefined--
10.5541875 --undefined--
10.564187500000001 --undefined--
10.5741875 --undefined--
10.5841875 --undefined--
10.5941875 --undefined--
10.6041875 --undefined--
10.6141875 --undefined--
10.6241875 --undefined--
10.6341875 --undefined--
10.644187500000001 --undefined--
10.6541875 241.22086307254904
10.6641875 232.56935388619294
10.6741875 228.1877388218147
10.6841875 224.89071220189567
10.6941875 220.79194700380657
10.7041875 217.6367612074959
10.7141875 215.99160085906223
10.724187500000001 212.86337854568723
10.7341875 209.55384236888847
10.7441875 207.4909418855116
10.7541875 205.46548966622288
10.7641875 203.76380220403607
10.7741875 203.3035879890715
10.7841875 200.75706219993688
10.7941875 194.94142710262483
10.8041875 --undefined--
10.814187500000001 --undefined--
10.8241875 --undefined--
10.8341875 --undefined--
10.8441875 --undefined--
10.8541875 --undefined--
10.8641875 215.26269690125423
10.8741875 208.922375075654
10.8841875 205.08115021343383
10.894187500000001 200.45049131171552
10.9041875 195.88050178000506
10.9141875 192.8571585193887
10.9241875 190.59315492740458
10.9341875 188.78809372398084
10.9441875 188.04152325169704
10.9541875 187.21585743496112
10.9641875 185.28222204756435
10.974187500000001 181.74794768314027
10.9841875 184.3699888874434
10.9941875 184.2739440906534
11.0041875 184.0067239064048
11.0141875 182.7093768331954
11.0241875 --undefined--
11.0341875 --undefined--
11.0441875 --undefined--
11.0541875 --undefined--
11.064187500000001 --undefined--
11.0741875 489.9678042405605
11.0841875 483.0130104314023
11.0941875 --undefined--
11.1041875 --undefined--
11.1141875 --undefined--
11.1241875 --undefined--
11.1341875 447.78873970824645
11.144187500000001 481.22525197878895
11.1541875 --undefined--
11.1641875 --undefined--
11.1741875 --undefined--
11.1841875 --undefined--
11.1941875 --undefined--
11.2041875 --undefined--
11.2141875 --undefined--
11.224187500000001 --undefined--
11.2341875 --undefined--
11.2441875 160.95027659493766
11.2541875 160.2980553497446
11.2641875 162.68708484999252
11.2741875 165.99556778807843
11.2841875 168.78616156871848
11.2941875 --undefined--
11.3041875 --undefined--
11.314187500000001 --undefined--
11.3241875 --undefined--
11.3341875 --undefined--
11.3441875 --undefined--
11.3541875 --undefined--
11.3641875 95.11774364781054
11.3741875 105.39243806855167
11.3841875 --undefined--
11.394187500000001 209.81437292134194
11.4041875 213.4634724290332
11.4141875 219.528122816689
11.4241875 229.32458190319096
11.4341875 245.58667024907933
11.4441875 254.34361818512085
11.4541875 262.0797907595148
11.4641875 270.36321976791385
11.474187500000001 280.9012999602721
11.4841875 292.42689642442474
11.4941875 297.65144345466155
11.5041875 305.95613967257384
11.5141875 316.2530169310117
11.5241875 321.9625837990161
11.5341875 324.1976149127672
11.5441875 313.54300379339156
11.5541875 301.84100023678417
11.564187500000001 302.4666225754683
11.5741875 --undefined--
