mean: 262.26999707805606 std: 65.45386762672237
0.023562499999999816 --undefined--
0.033562499999999815 --undefined--
0.04356249999999982 --undefined--
0.05356249999999982 --undefined--
0.06356249999999981 --undefined--
0.07356249999999982 --undefined--
0.08356249999999982 --undefined--
0.09356249999999983 263.24546737452243
0.10356249999999982 274.3388670468163
0.11356249999999982 292.0838864928544
0.12356249999999983 301.83522796060385
0.1335624999999998 304.20053545173664
0.14356249999999982 292.76675007895045
0.15356249999999982 --undefined--
0.16356249999999983 --undefined--
0.17356249999999981 --undefined--
0.18356249999999982 --undefined--
0.19356249999999983 --undefined--
0.2035624999999998 --undefined--
0.21356249999999982 402.8019059628042
0.22356249999999983 403.52329077140894
0.2335624999999998 400.97731875107854
0.24356249999999982 371.0426571144302
0.2535624999999998 295.35496108862804
0.2635624999999998 235.65759590974756
0.2735624999999998 255.82189890658444
0.28356249999999983 273.35839359574277
0.29356249999999984 280.6218637200418
0.30356249999999985 290.12809428627827
0.3135624999999998 299.9366234625728
0.3235624999999998 309.91852736990467
0.3335624999999998 319.2529590024931
0.3435624999999998 326.49140104404125
0.35356249999999984 332.3303808716452
0.36356249999999984 338.1107239264624
0.37356249999999985 343.4240930894789
0.3835624999999998 348.00344189147967
0.3935624999999998 350.8439211370269
0.4035624999999998 349.32790264676083
0.41356249999999983 342.6085791993433
0.42356249999999984 332.14526154639674
0.43356249999999985 310.479629466846
0.4435624999999998 277.3257052767335
0.4535624999999998 259.50553994049073
0.4635624999999998 246.21826513865577
0.47356249999999983 230.42137017978092
0.48356249999999984 213.61895270986562
0.49356249999999985 201.3044597111017
0.5035624999999998 186.70218131220366
0.5135624999999998 183.53848704699544
0.5235624999999998 182.55998617419255
0.5335624999999998 184.18124612632832
0.5435624999999998 --undefined--
0.5535624999999998 --undefined--
0.5635624999999999 --undefined--
0.5735624999999999 --undefined--
0.5835624999999999 --undefined--
0.5935624999999999 --undefined--
0.6035624999999998 --undefined--
0.6135624999999998 --undefined--
0.6235624999999998 --undefined--
0.6335624999999998 --undefined--
0.6435624999999998 --undefined--
0.6535624999999998 --undefined--
0.6635624999999998 --undefined--
0.6735624999999998 --undefined--
0.6835624999999999 --undefined--
0.6935624999999999 --undefined--
0.7035624999999999 --undefined--
0.7135624999999999 --undefined--
0.7235624999999999 --undefined--
0.7335624999999998 --undefined--
0.7435624999999998 --undefined--
0.7535624999999998 --undefined--
0.7635624999999998 --undefined--
0.7735624999999998 --undefined--
0.7835624999999998 --undefined--
0.7935624999999998 --undefined--
0.8035624999999998 --undefined--
0.8135624999999999 --undefined--
0.8235624999999999 --undefined--
0.8335624999999999 --undefined--
0.8435624999999999 --undefined--
0.8535624999999999 259.60805705879557
0.8635624999999998 242.1043271082626
0.8735624999999998 243.84875166844049
0.8835624999999998 249.7990120744583
0.8935624999999998 257.5140921878153
0.9035624999999998 265.18171815946647
0.9135624999999998 272.47571025061166
0.9235624999999998 279.8270461350433
0.9335624999999999 285.1676433965056
0.9435624999999999 287.88313229298086
0.9535624999999999 287.3934444211841
0.9635624999999999 284.09886714298375
0.9735624999999999 278.33987345980887
0.9835624999999998 271.762775730664
0.9935624999999998 266.60835275787326
1.0035624999999997 261.42720875634745
1.0135624999999997 256.66574754901364
1.0235624999999997 250.02692608797227
1.0335624999999997 241.7339813338788
1.0435624999999997 229.8751822753796
1.0535624999999997 218.18510658725614
1.0635624999999997 206.90879246256833
1.0735624999999998 199.71637949878667
1.0835624999999998 195.70844682473967
1.0935624999999998 193.7933767821799
1.1035624999999998 192.65596779469894
1.1135624999999998 195.4522697721615
1.1235624999999998 --undefined--
1.1335624999999998 --undefined--
1.1435624999999998 259.42677956777595
1.1535624999999998 247.23566998631495
1.1635624999999998 248.9147823738655
1.1735624999999998 250.9889839597116
1.1835624999999996 --undefined--
1.1935624999999996 --undefined--
1.2035624999999996 --undefined--
1.2135624999999997 --undefined--
1.2235624999999997 --undefined--
1.2335624999999997 --undefined--
1.2435624999999997 --undefined--
1.2535624999999997 --undefined--
1.2635624999999997 --undefined--
1.2735624999999997 --undefined--
1.2835624999999997 --undefined--
1.2935624999999997 --undefined--
1.3035624999999997 --undefined--
1.3135624999999997 --undefined--
1.3235624999999998 --undefined--
1.3335624999999998 --undefined--
1.3435624999999998 --undefined--
1.3535624999999998 --undefined--
1.3635624999999998 --undefined--
1.3735624999999998 --undefined--
1.3835624999999998 --undefined--
1.3935624999999998 --undefined--
1.4035624999999998 --undefined--
1.4135624999999998 --undefined--
1.4235624999999998 --undefined--
1.4335624999999996 --undefined--
1.4435624999999996 --undefined--
1.4535624999999996 --undefined--
1.4635624999999997 --undefined--
1.4735624999999997 --undefined--
1.4835624999999997 --undefined--
1.4935624999999997 --undefined--
1.5035624999999997 --undefined--
1.5135624999999997 --undefined--
1.5235624999999997 --undefined--
1.5335624999999997 --undefined--
1.5435624999999997 --undefined--
1.5535624999999997 --undefined--
1.5635624999999997 --undefined--
1.5735624999999998 --undefined--
1.5835624999999998 486.12593086800337
1.5935624999999998 --undefined--
1.6035624999999998 --undefined--
1.6135624999999998 --undefined--
1.6235624999999998 --undefined--
1.6335624999999998 --undefined--
1.6435624999999998 --undefined--
1.6535624999999998 --undefined--
1.6635624999999998 --undefined--
1.6735624999999998 --undefined--
1.6835624999999999 241.84754590843173
1.6935624999999996 230.81695409179653
1.7035624999999996 222.04118212883157
1.7135624999999997 216.7682980362175
1.7235624999999997 214.37909073995408
1.7335624999999997 212.45215113740645
1.7435624999999997 211.95971764894065
1.7535624999999997 213.635381980015
1.7635624999999997 216.3787811414149
1.7735624999999997 219.9316421199408
1.7835624999999997 225.47498885539238
1.7935624999999997 233.1156090014258
1.8035624999999997 238.54472571289367
1.8135624999999997 240.0772086540547
1.8235624999999998 240.393043681695
1.8335624999999998 239.78802609187767
1.8435624999999998 237.7194079996398
1.8535624999999998 232.78359666583847
1.8635624999999998 220.74010239919093
1.8735624999999998 --undefined--
1.8835624999999998 --undefined--
1.8935624999999998 --undefined--
1.9035624999999998 --undefined--
1.9135624999999998 --undefined--
1.9235624999999998 --undefined--
1.9335624999999999 --undefined--
1.9435624999999996 --undefined--
1.9535624999999996 --undefined--
1.9635624999999997 --undefined--
1.9735624999999997 --undefined--
1.9835624999999997 --undefined--
1.9935624999999997 232.63797292375628
2.0035624999999997 226.5670803324234
2.0135625 218.38297185009856
2.0235624999999997 213.32669163495927
2.0335625 213.31960678687165
2.0435624999999997 216.78141548345124
2.0535625 222.4782140975392
2.0635624999999997 230.38026346246872
2.0735624999999995 244.04841892171547
2.0835624999999998 255.18031036269034
2.0935624999999995 266.96805562459565
2.1035625 278.8971949893379
2.1135624999999996 287.14381381563743
2.1235625 299.5342347738224
2.1335624999999996 340.1874064100919
2.1435625 388.175363670742
2.1535624999999996 421.91553940262673
2.1635625 --undefined--
2.1735624999999996 --undefined--
2.1835625 --undefined--
2.1935624999999996 --undefined--
2.2035625 --undefined--
2.2135624999999997 --undefined--
2.2235625 --undefined--
2.2335624999999997 --undefined--
2.2435625 --undefined--
2.2535624999999997 --undefined--
2.2635625 --undefined--
2.2735624999999997 --undefined--
2.2835625 --undefined--
2.2935624999999997 --undefined--
2.3035625 --undefined--
2.3135624999999997 --undefined--
2.3235625 --undefined--
2.3335624999999998 440.4784704921961
2.3435624999999995 452.8618663851229
2.3535625 461.3673053967213
2.3635624999999996 --undefined--
2.3735625 --undefined--
2.3835624999999996 --undefined--
2.3935625 --undefined--
2.4035624999999996 --undefined--
2.4135625 --undefined--
2.4235624999999996 --undefined--
2.4335625 --undefined--
2.4435624999999996 --undefined--
2.4535625 --undefined--
2.4635624999999997 --undefined--
2.4735625 --undefined--
2.4835624999999997 --undefined--
2.4935625 --undefined--
2.5035624999999997 --undefined--
2.5135625 --undefined--
2.5235624999999997 --undefined--
2.5335625 --undefined--
2.5435624999999997 --undefined--
2.5535625 --undefined--
2.5635624999999997 --undefined--
2.5735625 --undefined--
2.5835624999999998 --undefined--
2.5935624999999995 --undefined--
2.6035625 --undefined--
2.6135624999999996 --undefined--
2.6235625 --undefined--
2.6335624999999996 --undefined--
2.6435625 --undefined--
2.6535624999999996 --undefined--
2.6635625 --undefined--
2.6735624999999996 --undefined--
2.6835625 --undefined--
2.6935624999999996 --undefined--
2.7035625 --undefined--
2.7135624999999997 --undefined--
2.7235625 --undefined--
2.7335624999999997 --undefined--
2.7435625 --undefined--
2.7535624999999997 --undefined--
2.7635625 --undefined--
2.7735624999999997 --undefined--
2.7835625 --undefined--
2.7935624999999997 --undefined--
2.8035625 --undefined--
2.8135624999999997 --undefined--
2.8235625 --undefined--
2.8335624999999998 --undefined--
2.8435624999999995 --undefined--
2.8535625 --undefined--
2.8635624999999996 --undefined--
2.8735625 --undefined--
2.8835624999999996 --undefined--
2.8935625 --undefined--
2.9035624999999996 --undefined--
2.9135625 --undefined--
2.9235624999999996 --undefined--
2.9335625 --undefined--
2.9435624999999996 --undefined--
2.9535625 --undefined--
2.9635624999999997 --undefined--
2.9735625 --undefined--
2.9835624999999997 --undefined--
2.9935625 --undefined--
3.0035624999999997 --undefined--
3.0135625 --undefined--
3.0235624999999997 --undefined--
3.0335625 --undefined--
3.0435624999999997 --undefined--
3.0535625 --undefined--
3.0635624999999997 255.80689443773366
3.0735625 246.4281031528362
3.0835624999999998 242.2885009879297
3.0935625 253.6933312212384
3.1035625 255.09332106410073
3.1135624999999996 252.87116906793315
3.1235625 254.5863404328558
3.1335624999999996 255.78162452708784
3.1435625 258.1476313178766
3.1535624999999996 261.6784159467244
3.1635625 265.65425518899434
3.1735624999999996 270.49326096977956
3.1835625 276.23816452195945
3.1935624999999996 283.72186843319093
3.2035625 293.2313573813318
3.2135624999999997 303.5259201284826
3.2235625 308.16795406971545
3.2335624999999997 303.96387786906945
3.2435625 283.2404651942184
3.2535624999999997 257.1299201337222
3.2635625 259.47206214247046
3.2735624999999997 289.50690973644964
3.2835625 361.22405578546716
3.2935624999999997 357.39682349325744
3.3035625 321.7054806213607
3.3135624999999997 319.4387814592151
3.3235625 316.57277014651726
3.3335624999999998 313.5889730993983
3.3435625 308.55595483969364
3.3535625 299.4411340035161
3.3635624999999996 298.29333140256466
3.3735625 296.3881555795788
3.3835624999999996 295.10306953190695
3.3935625 295.3095402583619
3.4035624999999996 295.7344255179811
3.4135625 294.4519595720927
3.4235624999999996 289.9966128435008
3.4335625 281.2335080850904
3.4435624999999996 271.04029755229107
3.4535625 --undefined--
3.4635624999999997 --undefined--
3.4735625 --undefined--
3.4835624999999997 --undefined--
3.4935625 249.6057745892441
3.5035624999999997 246.80960086191294
3.5135625 246.68930350428698
3.5235624999999997 240.47618202995957
3.5335625 233.36025422174328
3.5435624999999997 217.01919428130572
3.5535625 216.1992658746546
3.5635624999999997 --undefined--
3.5735625 --undefined--
3.5835624999999998 --undefined--
3.5935625 --undefined--
3.6035625 388.8509607990005
3.6135624999999996 390.796199222577
3.6235625 260.4076341529792
3.6335624999999996 255.04555776326615
3.6435625 253.45049874909137
3.6535624999999996 250.29566984916303
3.6635625 247.21886841485218
3.6735624999999996 244.50806383587403
3.6835625 241.75792040470785
3.6935624999999996 243.80404092298096
3.7035625 242.58400191826962
3.7135624999999997 240.525034378623
3.7235625 238.84837788924807
3.7335624999999997 237.05759184558482
3.7435625 232.83186206913433
3.7535624999999997 231.57744539030784
3.7635625 231.06447840948832
3.7735624999999997 230.33855948856495
3.7835625 229.5762440341217
3.7935624999999997 227.7245482988028
3.8035625 225.47063601759916
3.8135624999999997 224.126818466152
3.8235625 223.10487739673377
3.8335624999999998 221.21376425159596
3.8435625 220.27564760040812
3.8535625 217.90596875236673
3.8635624999999996 215.89052829129608
3.8735625 212.39919406347462
3.8835624999999996 208.79038948613405
3.8935625 205.87647112719878
3.9035624999999996 203.67406223261847
3.9135625 203.16530330983235
3.9235624999999996 202.61564240238732
3.9335625 201.5672885285204
3.9435624999999996 199.84578766088643
3.9535625 --undefined--
3.9635624999999997 --undefined--
3.9735625 --undefined--
3.9835624999999997 --undefined--
3.9935625 --undefined--
4.0035625 --undefined--
4.0135625 --undefined--
4.0235625 --undefined--
4.0335624999999995 --undefined--
4.0435625 --undefined--
4.0535625 204.13293898966725
4.0635625 195.7676887530232
4.0735624999999995 190.5340654992039
4.0835625 187.8816793367645
4.0935625 187.2775137572272
4.1035625 187.38663265733612
4.1135625 186.60818780912481
4.123562499999999 184.76642410918137
4.1335625 183.59534650414915
4.1435625 182.7860813521128
4.1535625 181.90427112054587
4.163562499999999 181.38886641437384
4.1735625 --undefined--
4.1835625 --undefined--
4.1935625 --undefined--
4.203562499999999 --undefined--
4.2135625 --undefined--
4.2235625 --undefined--
4.2335625 --undefined--
4.2435624999999995 --undefined--
4.2535625 --undefined--
4.2635625 --undefined--
4.2735625 --undefined--
4.2835624999999995 --undefined--
4.2935625 --undefined--
4.3035625 --undefined--
4.3135625 83.97438391393817
4.3235624999999995 83.48405097271844
4.3335625 83.45052691621645
4.3435625 --undefined--
4.3535625 --undefined--
4.3635625 --undefined--
4.3735625 --undefined--
4.3835625 --undefined--
4.3935625 --undefined--
4.4035625 --undefined--
4.413562499999999 --undefined--
4.4235625 --undefined--
4.4335625 --undefined--
4.4435625 --undefined--
4.453562499999999 --undefined--
4.4635625 --undefined--
4.4735625 --undefined--
4.4835625 --undefined--
4.4935624999999995 --undefined--
4.5035625 --undefined--
4.5135625 471.7362486222531
4.5235625 471.3969553968329
4.5335624999999995 473.87345276418074
4.5435625 --undefined--
4.5535625 --undefined--
4.5635625 --undefined--
4.5735624999999995 --undefined--
4.5835625 --undefined--
4.5935625 --undefined--
4.6035625 --undefined--
4.6135625 --undefined--
4.6235625 --undefined--
4.6335625 --undefined--
4.6435625 --undefined--
4.6535625 --undefined--
4.663562499999999 --undefined--
4.6735625 --undefined--
4.6835625 --undefined--
4.6935625 --undefined--
4.703562499999999 --undefined--
4.7135625 --undefined--
4.7235625 --undefined--
4.7335625 --undefined--
4.7435624999999995 --undefined--
4.7535625 --undefined--
4.7635625 --undefined--
4.7735625 --undefined--
4.7835624999999995 --undefined--
4.7935625 --undefined--
4.8035625 --undefined--
4.8135625 --undefined--
4.8235624999999995 --undefined--
4.8335625 --undefined--
4.8435625 --undefined--
4.8535625 --undefined--
4.8635625 --undefined--
4.8735625 --undefined--
4.8835625 --undefined--
4.8935625 --undefined--
4.9035625 --undefined--
4.913562499999999 --undefined--
4.9235625 --undefined--
4.9335625 --undefined--
4.9435625 --undefined--
4.953562499999999 --undefined--
4.9635625 --undefined--
4.9735625 --undefined--
4.9835625 --undefined--
4.9935624999999995 --undefined--
5.0035625 --undefined--
