mean: 228.49816005630262 std: 60.664858365947566
0.021781250000000193 --undefined--
0.03178125000000019 --undefined--
0.04178125000000019 --undefined--
0.051781250000000195 --undefined--
0.06178125000000019 --undefined--
0.0717812500000002 --undefined--
0.0817812500000002 --undefined--
0.0917812500000002 --undefined--
0.1017812500000002 --undefined--
0.11178125000000019 --undefined--
0.1217812500000002 --undefined--
0.13178125000000018 231.9038613177298
0.1417812500000002 223.53174947658763
0.1517812500000002 223.38775567288442
0.1617812500000002 224.58832776534356
0.1717812500000002 228.15617159788903
0.1817812500000002 232.05890607678876
0.1917812500000002 236.24840237023076
0.2017812500000002 239.44726541928398
0.2117812500000002 243.28802134637814
0.2217812500000002 245.58378093839013
0.2317812500000002 247.71616740826371
0.2417812500000002 245.16873514247368
0.2517812500000002 246.25895696321874
0.2617812500000002 --undefined--
0.2717812500000002 --undefined--
0.2817812500000002 --undefined--
0.2917812500000002 --undefined--
0.3017812500000002 --undefined--
0.3117812500000002 --undefined--
0.3217812500000002 --undefined--
0.3317812500000002 --undefined--
0.3417812500000002 --undefined--
0.3517812500000002 --undefined--
0.3617812500000002 258.28820424435725
0.37178125000000023 247.84365176287852
0.3817812500000002 235.33958959149675
0.3917812500000002 225.9606904760752
0.4017812500000002 220.9223267993046
0.4117812500000002 216.5258703017026
0.4217812500000002 212.69873158817978
0.4317812500000002 210.94566040579136
0.4417812500000002 210.1533245232321
0.4517812500000002 210.33832276920583
0.4617812500000002 212.5836637058099
0.4717812500000002 215.98438167084137
0.4817812500000002 221.19856263516888
0.4917812500000002 231.20350416952255
0.5017812500000002 239.82474175698292
0.5117812500000002 250.62094669490284
0.5217812500000002 265.15258460560926
0.5317812500000002 265.89150318393393
0.5417812500000002 253.44628284571994
0.5517812500000002 246.0131945057503
0.5617812500000002 243.3167970579685
0.5717812500000002 232.30201407946902
0.5817812500000002 232.4315428002842
0.5917812500000003 231.5834265621125
0.6017812500000002 226.53302655985146
0.6117812500000002 218.25341097912127
0.6217812500000002 213.59114675937667
0.6317812500000002 212.587724407762
0.6417812500000002 212.82882724425139
0.6517812500000002 213.12067047369115
0.6617812500000002 211.33370392447762
0.6717812500000002 209.68404144780303
0.6817812500000002 206.99455028153602
0.6917812500000002 203.23056669885497
0.7017812500000002 202.89742367990812
0.7117812500000003 202.78176359692276
0.7217812500000003 202.0569399544276
0.7317812500000002 200.04263465106385
0.7417812500000002 197.6281250573569
0.7517812500000002 195.4828184897519
0.7617812500000002 192.45009182570146
0.7717812500000002 189.72861263997981
0.7817812500000002 188.4120983294758
0.7917812500000002 187.37094442515567
0.8017812500000002 185.95903401357353
0.8117812500000002 185.69626239976571
0.8217812500000002 185.32791926638345
0.8317812500000002 184.6322171856213
0.8417812500000003 189.31366782648598
0.8517812500000003 193.14500397565425
0.8617812500000002 192.4074820956526
0.8717812500000002 190.81262139019532
0.8817812500000002 188.7402234190776
0.8917812500000002 186.83446870223622
0.9017812500000002 184.76949852572906
0.9117812500000002 185.06840365329919
0.9217812500000002 184.04758816254156
0.9317812500000002 --undefined--
0.9417812500000002 --undefined--
0.9517812500000002 --undefined--
0.9617812500000003 --undefined--
0.9717812500000003 --undefined--
0.9817812500000002 --undefined--
0.9917812500000002 --undefined--
1.00178125 --undefined--
1.01178125 --undefined--
1.02178125 346.62731131544746
1.03178125 347.0424094670791
1.04178125 307.78788640826076
1.0517812500000001 260.35249051049544
1.0617812500000001 256.9765031366462
1.0717812500000001 254.61352351045417
1.0817812500000001 254.0443935556511
1.0917812500000001 257.0319200167494
1.1017812500000002 261.40014670891753
1.1117812500000002 266.0823807479774
1.1217812500000002 269.3352097699014
1.1317812500000002 255.7259869099914
1.1417812500000002 250.4885261808181
1.1517812500000002 249.3482889015265
1.1617812500000002 253.74235525690221
1.1717812500000002 271.12671369644283
1.18178125 290.3891891143756
1.19178125 301.36138158501404
1.20178125 301.75982877624
1.21178125 297.911640010005
1.22178125 295.966609607287
1.23178125 292.7897153700139
1.24178125 289.3154199496866
1.25178125 286.5590057077284
1.26178125 283.7433273560048
1.27178125 278.9556011264178
1.28178125 273.00476500023825
1.29178125 268.14180590826106
1.3017812500000001 261.80843779352597
1.3117812500000001 257.56031804204525
1.3217812500000001 254.64646202949123
1.3317812500000001 242.98163463848064
1.3417812500000001 236.67206003402612
1.3517812500000002 230.06031653277768
1.3617812500000002 227.47109538606077
1.3717812500000002 226.19540049248727
1.3817812500000002 225.6742543197773
1.3917812500000002 225.66548667008016
1.4017812500000002 225.63369002150486
1.4117812500000002 225.3622788662707
1.4217812500000002 225.40177048531302
1.43178125 225.75195942627323
1.44178125 225.16647077594135
1.45178125 224.72459114175012
1.46178125 224.69692127622582
1.47178125 224.53305160051187
1.48178125 224.54393171099355
1.49178125 224.37507115498553
1.50178125 223.70972941354916
1.51178125 223.2121715897006
1.52178125 225.7466839974539
1.53178125 224.7191804981902
1.54178125 223.77159157238114
1.5517812500000001 224.21572166012166
1.5617812500000001 223.23978007551798
1.5717812500000001 214.98345345639794
1.5817812500000001 213.26625175951497
1.5917812500000001 211.01376501715148
1.6017812500000002 209.39144775902818
1.6117812500000002 207.065169970655
1.6217812500000002 207.45684579141053
1.6317812500000002 208.8672947865027
1.6417812500000002 207.0791093662997
1.6517812500000002 205.97746538024342
1.6617812500000002 203.69817019544726
1.6717812500000002 202.20681546107102
1.6817812500000002 199.39855664684077
1.69178125 195.1843557473862
1.70178125 188.70681203261057
1.71178125 181.06318299793847
1.72178125 207.71495422432648
1.73178125 200.63534357733997
1.74178125 196.03140825269705
1.75178125 190.69810016082377
1.76178125 187.32403926085126
1.77178125 185.7806738934012
1.78178125 185.19070010220787
1.79178125 186.10589208941673
1.8017812500000001 188.17326022434426
1.8117812500000001 187.60300570277752
1.8217812500000001 178.90211000471868
1.8317812500000001 178.09541745894825
1.8417812500000001 --undefined--
1.8517812500000002 --undefined--
1.8617812500000002 --undefined--
1.8717812500000002 470.8635831904486
1.8817812500000002 473.234768176567
1.8917812500000002 475.4168513453553
1.9017812500000002 470.354442800099
1.9117812500000002 475.53340553717845
1.9217812500000002 479.14591843733285
1.9317812500000002 482.1656945213111
1.94178125 490.5730807097384
1.95178125 --undefined--
1.96178125 --undefined--
1.97178125 --undefined--
1.98178125 --undefined--
1.99178125 182.39576772299023
2.00178125 180.12212574159702
2.0117812500000003 177.69841471545905
2.02178125 178.12863939605177
2.0317812500000003 178.48615510786988
2.04178125 178.49151087506294
2.0517812500000003 178.2189570662377
2.06178125 178.98258546101837
2.07178125 181.17827559966705
2.08178125 183.01582119420513
2.09178125 185.96483906327725
2.10178125 188.96398456548195
2.11178125 191.23338807386503
2.12178125 198.15659981501565
2.13178125 199.66333598790504
2.14178125 --undefined--
2.15178125 --undefined--
2.16178125 --undefined--
2.17178125 --undefined--
2.1817812500000002 --undefined--
2.19178125 --undefined--
2.2017812500000002 --undefined--
2.21178125 --undefined--
2.2217812500000003 --undefined--
2.23178125 --undefined--
2.2417812500000003 484.89857840565026
2.25178125 459.32413081748825
2.2617812500000003 --undefined--
2.27178125 --undefined--
2.2817812500000003 --undefined--
2.29178125 --undefined--
2.3017812500000003 --undefined--
2.31178125 --undefined--
2.3217812500000004 --undefined--
2.33178125 --undefined--
2.34178125 --undefined--
2.35178125 232.90607092539102
2.36178125 228.61092788077318
2.37178125 212.59690800603275
2.38178125 209.40169916090193
2.39178125 207.92358012921085
2.40178125 207.27627933848785
2.41178125 206.9032481672981
2.42178125 207.8216696228101
2.4317812500000002 209.08184804420202
2.44178125 210.17663826571152
2.4517812500000002 211.61400872399796
2.46178125 212.37520556789468
2.4717812500000003 211.21926538373708
2.48178125 209.52528106063485
2.4917812500000003 206.57092152494442
2.50178125 203.01800253280894
2.5117812500000003 192.1907433481283
2.52178125 181.9906902994746
2.5317812500000003 182.43789513267987
2.54178125 --undefined--
2.5517812500000003 --undefined--
2.56178125 --undefined--
2.5717812500000004 220.82626433368756
2.58178125 221.09622478448108
2.59178125 231.3338510356885
2.60178125 224.14930233520508
2.61178125 216.94202571333167
2.62178125 210.4225463325662
2.63178125 204.9979643134288
2.64178125 199.20939729725944
2.65178125 175.7905633311026
2.66178125 194.83323772387791
2.67178125 --undefined--
2.6817812500000002 --undefined--
2.69178125 --undefined--
2.7017812500000002 --undefined--
2.71178125 213.61776183410097
2.7217812500000003 215.46093070797937
2.73178125 213.49565329467924
2.7417812500000003 211.72439607099435
2.75178125 208.8159330814857
2.7617812500000003 206.90094455224803
2.77178125 205.59034322677064
2.7817812500000003 205.1714231772906
2.79178125 205.4601244386825
2.8017812500000003 207.10089356117183
2.81178125 210.60490449529198
2.8217812500000004 214.13562100787578
2.83178125 220.56673342728234
2.84178125 223.4595874741078
2.85178125 225.89928098493274
2.86178125 230.47485771131227
2.87178125 236.53915654419262
2.88178125 244.91406662150254
2.89178125 252.31052960012497
2.90178125 259.31695993897347
2.91178125 267.59834388332115
2.92178125 273.1357978445548
2.9317812500000002 278.82450428968406
2.94178125 284.1775166441106
2.9517812500000002 286.0289933942985
2.96178125 286.6978773123688
2.9717812500000003 290.7332614605684
2.98178125 296.79156846211
2.9917812500000003 300.0277456856517
3.00178125 297.32282234654554
3.0117812500000003 297.0797310249112
3.02178125 --undefined--
3.0317812500000003 --undefined--
3.04178125 --undefined--
3.0517812500000003 --undefined--
3.06178125 --undefined--
3.0717812500000004 --undefined--
3.08178125 --undefined--
3.0917812500000004 --undefined--
3.10178125 209.49721099773078
3.11178125 213.32916109704817
3.12178125 213.76880782788115
3.13178125 208.97058740618212
3.14178125 204.09003264417254
3.15178125 200.94938153664944
3.16178125 200.06071634102025
3.17178125 199.27589329935924
3.1817812500000002 198.61301669817146
3.19178125 198.54055195272423
3.2017812500000002 198.6532928076091
3.21178125 198.33250172314104
3.2217812500000003 196.0201772158095
3.23178125 187.86782957408474
3.2417812500000003 --undefined--
3.25178125 --undefined--
3.2617812500000003 --undefined--
3.27178125 --undefined--
3.2817812500000003 --undefined--
3.29178125 --undefined--
3.3017812500000003 --undefined--
3.31178125 --undefined--
3.3217812500000004 --undefined--
3.33178125 --undefined--
3.3417812500000004 --undefined--
3.35178125 --undefined--
3.36178125 --undefined--
3.37178125 --undefined--
3.38178125 204.83383982093554
3.39178125 198.42962698773738
3.40178125 197.97832834334326
3.41178125 195.0084392127702
3.42178125 194.06219319587586
3.4317812500000002 194.12657588931327
3.44178125 193.4824424639363
3.4517812500000002 191.85210167158417
3.46178125 189.95178939454792
3.4717812500000003 189.7118965455924
3.48178125 186.113557136592
3.4917812500000003 186.42721839561415
3.50178125 186.7770732711985
3.5117812500000003 --undefined--
3.52178125 --undefined--
3.5317812500000003 478.4802731779197
3.54178125 478.69269802464436
3.5517812500000003 445.54341090335896
3.56178125 --undefined--
3.5717812500000004 --undefined--
3.58178125 --undefined--
3.5917812500000004 250.25720515398632
3.60178125 216.02116613959214
3.61178125 203.03041997850556
3.62178125 198.31257564098232
3.63178125 195.0298738395395
3.64178125 196.11718510050116
3.65178125 197.9090566016858
3.66178125 208.7992529658963
3.67178125 237.10133878559952
3.6817812500000002 --undefined--
3.69178125 --undefined--
3.7017812500000002 --undefined--
3.71178125 --undefined--
3.7217812500000003 --undefined--
3.73178125 --undefined--
3.7417812500000003 --undefined--
3.75178125 225.6446564902557
3.7617812500000003 224.54877846122886
3.77178125 219.06985711786433
3.7817812500000003 211.5604831527645
3.79178125 208.69914634940304
3.8017812500000003 206.12055337590533
3.81178125 203.64893471663945
3.8217812500000004 201.0396782137007
3.83178125 202.56930643086065
3.8417812500000004 206.52764555736692
3.85178125 207.6663241426756
3.86178125 208.73436312715614
3.87178125 208.48831707951877
3.88178125 210.3201632099662
3.89178125 213.86865671874614
3.90178125 204.49960324468398
3.91178125 201.9368124461168
3.92178125 200.22882623982858
3.9317812500000002 198.48844844723274
3.94178125 196.188244553125
3.9517812500000002 192.45663859608533
3.96178125 187.9638822925874
3.9717812500000003 --undefined--
3.98178125 --undefined--
3.9917812500000003 --undefined--
4.0017812500000005 --undefined--
4.01178125 --undefined--
4.02178125 --undefined--
4.03178125 --undefined--
4.0417812500000005 --undefined--
4.05178125 --undefined--
4.06178125 --undefined--
4.07178125 496.8615922942718
4.081781250000001 489.6571307386978
4.09178125 486.9256009436723
4.10178125 --undefined--
4.11178125 --undefined--
4.12178125 --undefined--
4.13178125 --undefined--
4.14178125 --undefined--
4.15178125 --undefined--
4.16178125 --undefined--
4.17178125 --undefined--
4.18178125 --undefined--
4.19178125 --undefined--
4.20178125 --undefined--
4.2117812500000005 --undefined--
4.22178125 223.23087152242456
4.23178125 222.64558981564574
4.24178125 222.03482832163468
4.2517812500000005 221.8498218885976
4.26178125 221.17412034302757
4.27178125 225.2575032658893
4.28178125 235.76406990917624
4.2917812500000005 240.36741604773934
4.30178125 244.26566550881978
4.31178125 250.67876016866882
4.32178125 254.66924082646145
4.331781250000001 260.88124767199326
4.34178125 265.181911238943
4.35178125 267.8651503168072
4.36178125 269.65088826032684
4.371781250000001 270.4929399923084
4.38178125 268.659162305176
4.39178125 263.51991105967386
4.40178125 258.44317245936026
4.41178125 261.5588400417121
4.42178125 256.95006918025086
4.43178125 256.3343504425766
4.44178125 --undefined--
4.45178125 --undefined--
4.4617812500000005 --undefined--
4.47178125 --undefined--
4.48178125 --undefined--
4.49178125 --undefined--
4.5017812500000005 --undefined--
4.51178125 --undefined--
4.52178125 206.90408835325755
4.53178125 206.32629713565228
4.5417812500000005 204.81087569982708
4.55178125 202.969381451836
4.56178125 201.21401302809014
4.57178125 194.2822133281635
4.581781250000001 185.49314201927177
4.59178125 184.34152257309685
4.60178125 181.50335098054913
4.61178125 198.8679317445412
4.621781250000001 206.32440997207556
4.63178125 205.86365521765273
4.64178125 204.57425853778943
4.65178125 202.739937081901
4.66178125 201.8414873300023
4.67178125 200.95653736717074
4.68178125 200.2094173620561
4.69178125 199.50959683733987
4.70178125 198.47072347705443
4.7117812500000005 196.59596583769533
4.72178125 195.08049666145303
4.73178125 194.84285110106467
4.74178125 180.81167420670388
4.7517812500000005 --undefined--
4.76178125 --undefined--
4.77178125 --undefined--
4.78178125 --undefined--
4.7917812500000005 --undefined--
4.80178125 202.88367899426382
4.81178125 205.03513367146215
4.82178125 205.91061097667492
4.831781250000001 206.32696506076866
4.84178125 202.39228510362045
4.85178125 200.319668872676
4.86178125 198.1887915056156
4.871781250000001 196.50958670111658
4.88178125 195.2265850200514
4.89178125 189.0328290998943
4.90178125 184.16023541720585
4.91178125 204.0125029646044
4.92178125 205.59893104101
4.93178125 205.65162974869105
4.94178125 205.72338219814972
4.95178125 205.4436273060593
4.9617812500000005 204.7143314813396
4.97178125 205.27676912797537
4.98178125 207.59240097408275
4.99178125 204.8934467400371
5.0017812500000005 202.55140486002014
5.01178125 --undefined--
5.02178125 --undefined--
5.03178125 --undefined--
5.0417812500000005 --undefined--
5.05178125 --undefined--
5.06178125 495.910571789313
5.07178125 498.61742852012617
5.081781250000001 --undefined--
5.09178125 --undefined--
5.10178125 --undefined--
5.11178125 239.2223863426384
5.121781250000001 219.11060017223897
5.13178125 209.0995989986744
5.14178125 209.72280042815797
5.15178125 205.59410791083042
5.16178125 202.70335430411745
5.17178125 228.00090061445687
5.18178125 254.23650806002323
5.19178125 255.8599635625072
5.20178125 231.52539040827722
5.2117812500000005 240.7191149935017
5.22178125 --undefined--
5.23178125 --undefined--
5.24178125 --undefined--
5.2517812500000005 --undefined--
5.26178125 --undefined--
5.27178125 --undefined--
5.28178125 --undefined--
5.2917812500000005 --undefined--
5.30178125 --undefined--
5.31178125 --undefined--
5.32178125 --undefined--
5.331781250000001 238.5709100004084
5.34178125 238.2933952761328
5.35178125 236.86471243290686
5.36178125 233.69922132939783
5.371781250000001 229.5519004186144
5.38178125 224.5269652487584
5.39178125 219.3090959079163
5.40178125 213.01163518138898
5.41178125 206.84485606671927
5.42178125 202.35512591582284
5.43178125 199.09938627374373
5.44178125 197.1833136971698
5.45178125 195.32703072420776
5.4617812500000005 193.5276357642113
5.47178125 191.3882121098425
5.48178125 189.49784155217574
5.49178125 186.593833168723
5.5017812500000005 184.3002853207703
5.51178125 187.0821970395394
5.52178125 186.81474923383726
5.53178125 186.61651505188942
5.5417812500000005 186.23463371163072
5.55178125 187.60447379555157
5.56178125 188.849228691767
5.57178125 192.47627223005247
5.581781250000001 --undefined--
5.59178125 --undefined--
5.60178125 --undefined--
5.61178125 --undefined--
5.621781250000001 --undefined--
5.63178125 --undefined--
5.64178125 --undefined--
5.65178125 209.73474000164776
5.66178125 208.42868268423243
5.67178125 209.08613127476247
5.68178125 204.96092508556362
5.69178125 197.56446528440208
5.70178125 196.5815522057515
5.7117812500000005 195.47274971438532
5.72178125 199.85711606172788
5.73178125 203.4917278174134
5.74178125 205.09674329030346
5.7517812500000005 208.74706625242158
5.76178125 212.09875001209969
5.77178125 216.07934078112834
5.78178125 220.69391804588514
5.7917812500000005 218.20318313573623
5.80178125 219.77056995143047
5.81178125 220.52579241642138
5.82178125 220.55314160763803
5.831781250000001 219.54115937274256
5.84178125 216.58458060035753
5.85178125 213.61547467594897
5.86178125 211.27855588824363
5.871781250000001 209.2122666977973
5.88178125 207.80379304241706
5.89178125 205.8165328925399
5.90178125 202.9215917437512
5.91178125 199.4682082549282
5.92178125 196.13672532263718
5.93178125 193.1127549829908
5.94178125 190.20721541228596
5.95178125 187.52515165723872
5.9617812500000005 184.126420251725
5.97178125 179.05823689069229
5.98178125 --undefined--
5.99178125 --undefined--
6.0017812500000005 --undefined--
6.01178125 --undefined--
6.02178125 --undefined--
6.03178125 --undefined--
6.0417812500000005 --undefined--
6.05178125 --undefined--
6.06178125 202.63436437902809
6.07178125 196.9174641999712
6.081781250000001 187.5611914797403
6.09178125 185.65600600064212
6.10178125 --undefined--
6.11178125 --undefined--
6.121781250000001 --undefined--
6.13178125 --undefined--
6.14178125 --undefined--
6.15178125 --undefined--
6.161781250000001 --undefined--
6.17178125 --undefined--
6.18178125 --undefined--
6.19178125 --undefined--
6.20178125 --undefined--
6.2117812500000005 --undefined--
6.22178125 --undefined--
6.23178125 --undefined--
6.24178125 499.5474557190314
6.2517812500000005 --undefined--
6.26178125 --undefined--
6.27178125 --undefined--
6.28178125 --undefined--
6.2917812500000005 --undefined--
6.30178125 --undefined--
6.31178125 --undefined--
6.32178125 --undefined--
6.331781250000001 --undefined--
6.34178125 --undefined--
6.35178125 --undefined--
6.36178125 --undefined--
6.371781250000001 --undefined--
6.38178125 --undefined--
6.39178125 --undefined--
6.40178125 --undefined--
6.411781250000001 --undefined--
6.42178125 --undefined--
