Time_s   F0_Hz
0.023562   --undefined--
0.033562   --undefined--
0.043562   --undefined--
0.053562   --undefined--
0.063562   --undefined--
0.073562   --undefined--
0.083562   --undefined--
0.093562   263.245467
0.103562   274.338867
0.113562   292.083886
0.123562   301.835228
0.133562   304.200535
0.143562   292.766750
0.153562   --undefined--
0.163562   --undefined--
0.173562   --undefined--
0.183562   --undefined--
0.193562   --undefined--
0.203562   --undefined--
0.213562   402.801906
0.223562   403.523291
0.233562   400.977319
0.243562   371.042657
0.253562   295.354961
0.263562   235.657596
0.273562   255.821899
0.283562   273.358394
0.293562   280.621864
0.303562   290.128094
0.313562   299.936623
0.323562   309.918527
0.333562   319.252959
0.343562   326.491401
0.353562   332.330381
0.363562   338.110724
0.373562   343.424093
0.383562   348.003442
0.393562   350.843921
0.403562   349.327903
0.413562   342.608579
0.423562   332.145262
0.433562   310.479629
0.443562   277.325705
0.453562   259.505540
0.463562   246.218265
0.473562   230.421370
0.483562   213.618953
0.493562   201.304460
0.503562   186.702181
0.513562   183.538487
0.523562   182.559986
0.533562   184.181246
0.543562   --undefined--
0.553562   --undefined--
0.563562   --undefined--
0.573562   --undefined--
0.583562   --undefined--
0.593562   --undefined--
0.603562   --undefined--
0.613562   --undefined--
0.623562   --undefined--
0.633562   --undefined--
0.643562   --undefined--
0.653562   --undefined--
0.663562   --undefined--
0.673562   --undefined--
0.683562   --undefined--
0.693562   --undefined--
0.703562   --undefined--
0.713562   --undefined--
0.723562   --undefined--
0.733562   --undefined--
0.743562   --undefined--
0.753562   --undefined--
0.763562   --undefined--
0.773562   --undefined--
0.783562   --undefined--
0.793562   --undefined--
0.803562   --undefined--
0.813562   --undefined--
0.823562   --undefined--
0.833562   --undefined--
0.843562   --undefined--
0.853562   259.608057
0.863562   242.104327
0.873562   243.848752
0.883562   249.799012
0.893562   257.514092
0.903562   265.181718
0.913562   272.475710
0.923562   279.827046
0.933562   285.167643
0.943562   287.883132
0.953562   287.393444
0.963562   284.098867
0.973562   278.339873
0.983562   271.762776
0.993562   266.608353
1.003562   261.427209
1.013562   256.665748
1.023562   250.026926
1.033562   241.733981
1.043562   229.875182
1.053562   218.185107
1.063562   206.908792
1.073562   199.716379
1.083562   195.708447
1.093562   193.793377
1.103562   192.655968
1.113562   195.452270
1.123562   --undefined--
1.133562   --undefined--
1.143562   259.426780
1.153562   247.235670
1.163562   248.914782
1.173562   250.988984
1.183562   --undefined--
1.193562   --undefined--
1.203562   --undefined--
1.213562   --undefined--
1.223562   --undefined--
1.233562   --undefined--
1.243562   --undefined--
1.253562   --undefined--
1.263562   --undefined--
1.273562   --undefined--
1.283562   --undefined--
1.293562   --undefined--
1.303562   --undefined--
1.313562   --undefined--
1.323562   --undefined--
1.333562   --undefined--
1.343562   --undefined--
1.353562   --undefined--
1.363562   --undefined--
1.373562   --undefined--
1.383562   --undefined--
1.393562   --undefined--
1.403562   --undefined--
1.413562   --undefined--
1.423562   --undefined--
1.433562   --undefined--
1.443562   --undefined--
1.453562   --undefined--
1.463562   --undefined--
1.473562   --undefined--
1.483562   --undefined--
1.493562   --undefined--
1.503562   --undefined--
1.513562   --undefined--
1.523562   --undefined--
1.533562   --undefined--
1.543562   --undefined--
1.553562   --undefined--
1.563562   --undefined--
1.573562   --undefined--
1.583562   486.125931
1.593562   --undefined--
1.603562   --undefined--
1.613562   --undefined--
1.623562   --undefined--
1.633562   --undefined--
1.643562   --undefined--
1.653562   --undefined--
1.663562   --undefined--
1.673562   --undefined--
1.683562   241.847546
1.693562   230.816954
1.703562   222.041182
1.713562   216.768298
1.723562   214.379091
1.733562   212.452151
1.743562   211.959718
1.753562   213.635382
1.763562   216.378781
1.773562   219.931642
1.783562   225.474989
1.793562   233.115609
1.803562   238.544726
1.813562   240.077209
1.823562   240.393044
1.833562   239.788026
1.843562   237.719408
1.853562   232.783597
1.863562   220.740102
1.873562   --undefined--
1.883562   --undefined--
1.893562   --undefined--
1.903562   --undefined--
1.913562   --undefined--
1.923562   --undefined--
1.933562   --undefined--
1.943562   --undefined--
1.953562   --undefined--
1.963562   --undefined--
1.973562   --undefined--
1.983562   --undefined--
1.993562   232.637973
2.003562   226.567080
2.013562   218.382972
2.023562   213.326692
2.033562   213.319607
2.043562   216.781415
2.053563   222.478214
2.063562   230.380263
2.073562   244.048419
2.083562   255.180310
2.093562   266.968056
2.103562   278.897195
2.113562   287.143814
2.123562   299.534235
2.133562   340.187406
2.143562   388.175364
2.153562   421.915539
2.163562   --undefined--
2.173562   --undefined--
2.183562   --undefined--
2.193562   --undefined--
2.203562   --undefined--
2.213562   --undefined--
2.223562   --undefined--
2.233562   --undefined--
2.243562   --undefined--
2.253562   --undefined--
2.263562   --undefined--
2.273562   --undefined--
2.283562   --undefined--
2.293562   --undefined--
2.303563   --undefined--
2.313562   --undefined--
2.323563   --undefined--
2.333562   440.478470
2.343562   452.861866
2.353562   461.367305
2.363562   --undefined--
2.373562   --undefined--
2.383562   --undefined--
2.393562   --undefined--
2.403562   --undefined--
2.413562   --undefined--
2.423562   --undefined--
2.433562   --undefined--
2.443562   --undefined--
2.453562   --undefined--
2.463562   --undefined--
2.473562   --undefined--
2.483562   --undefined--
2.493562   --undefined--
2.503562   --undefined--
2.513562   --undefined--
2.523562   --undefined--
2.533562   --undefined--
2.543562   --undefined--
2.553563   --undefined--
2.563562   --undefined--
2.573563   --undefined--
2.583562   --undefined--
2.593562   --undefined--
2.603562   --undefined--
2.613562   --undefined--
2.623562   --undefined--
2.633562   --undefined--
2.643562   --undefined--
2.653562   --undefined--
2.663562   --undefined--
2.673562   --undefined--
2.683562   --undefined--
2.693562   --undefined--
2.703562   --undefined--
2.713562   --undefined--
2.723562   --undefined--
2.733562   --undefined--
2.743562   --undefined--
2.753562   --undefined--
2.763562   --undefined--
2.773562   --undefined--
2.783562   --undefined--
2.793562   --undefined--
2.803563   --undefined--
2.813562   --undefined--
2.823563   --undefined--
2.833562   --undefined--
2.843562   --undefined--
2.853562   --undefined--
2.863562   --undefined--
2.873562   --undefined--
2.883562   --undefined--
2.893562   --undefined--
2.903562   --undefined--
2.913562   --undefined--
2.923562   --undefined--
2.933562   --undefined--
2.943562   --undefined--
2.953562   --undefined--
2.963562   --undefined--
2.973562   --undefined--
2.983562   --undefined--
2.993562   --undefined--
3.003562   --undefined--
3.013562   --undefined--
3.023562   --undefined--
3.033562   --undefined--
3.043562   --undefined--
3.053563   --undefined--
3.063562   255.806894
3.073563   246.428103
3.083562   242.288501
3.093563   253.693331
3.103562   255.093321
3.113562   252.871169
3.123562   254.586340
3.133562   255.781625
3.143562   258.147631
3.153562   261.678416
3.163562   265.654255
3.173562   270.493261
3.183562   276.238165
3.193562   283.721868
3.203562   293.231357
3.213562   303.525920
3.223562   308.167954
3.233562   303.963878
3.243562   283.240465
3.253562   257.129920
3.263562   259.472062
3.273562   289.506910
3.283562   361.224056
3.293562   357.396823
3.303563   321.705481
3.313562   319.438781
3.323563   316.572770
3.333562   313.588973
3.343563   308.555955
3.353562   299.441134
3.363562   298.293331
3.373562   296.388156
3.383562   295.103070
3.393562   295.309540
3.403562   295.734426
3.413562   294.451960
3.423562   289.996613
3.433562   281.233508
3.443562   271.040298
3.453562   --undefined--
3.463562   --undefined--
3.473562   --undefined--
3.483562   --undefined--
3.493562   249.605775
3.503562   246.809601
3.513562   246.689304
3.523562   240.476182
3.533562   233.360254
3.543562   217.019194
3.553563   216.199266
3.563562   --undefined--
3.573563   --undefined--
3.583562   --undefined--
3.593563   --undefined--
3.603562   388.850961
3.613562   390.796199
3.623562   260.407634
3.633562   255.045558
3.643562   253.450499
3.653562   250.295670
3.663562   247.218868
3.673562   244.508064
3.683562   241.757920
3.693562   243.804041
3.703562   242.584002
3.713562   240.525034
3.723562   238.848378
3.733562   237.057592
3.743562   232.831862
3.753562   231.577445
3.763562   231.064478
3.773562   230.338559
3.783562   229.576244
3.793562   227.724548
3.803563   225.470636
3.813562   224.126818
3.823563   223.104877
3.833562   221.213764
3.843563   220.275648
3.853562   217.905969
3.863562   215.890528
3.873562   212.399194
3.883562   208.790389
3.893562   205.876471
3.903562   203.674062
3.913562   203.165303
3.923562   202.615642
3.933562   201.567289
3.943562   199.845788
3.953562   --undefined--
3.963562   --undefined--
3.973562   --undefined--
3.983562   --undefined--
3.993562   --undefined--
4.003563   --undefined--
4.013562   --undefined--
4.023562   --undefined--
4.033562   --undefined--
4.043563   --undefined--
4.053563   204.132939
4.063562   195.767689
4.073562   190.534065
4.083563   187.881679
4.093563   187.277514
4.103562   187.386633
4.113562   186.608188
4.123562   184.766424
4.133563   183.595347
4.143562   182.786081
4.153562   181.904271
4.163562   181.388866
4.173563   --undefined--
4.183562   --undefined--
4.193562   --undefined--
4.203562   --undefined--
4.213563   --undefined--
4.223562   --undefined--
4.233562   --undefined--
4.243562   --undefined--
4.253563   --undefined--
4.263562   --undefined--
4.273562   --undefined--
4.283562   --undefined--
4.293563   --undefined--
4.303563   --undefined--
4.313562   83.974384
4.323562   83.484051
4.333563   83.450527
4.343563   --undefined--
4.353562   --undefined--
4.363562   --undefined--
4.373563   --undefined--
4.383563   --undefined--
4.393562   --undefined--
4.403562   --undefined--
4.413562   --undefined--
4.423563   --undefined--
4.433562   --undefined--
4.443562   --undefined--
4.453562   --undefined--
4.463563   --undefined--
4.473562   --undefined--
4.483562   --undefined--
4.493562   --undefined--
4.503563   --undefined--
4.513562   471.736249
4.523562   471.396955
4.533562   473.873453
4.543563   --undefined--
4.553563   --undefined--
4.563562   --undefined--
4.573562   --undefined--
4.583563   --undefined--
4.593563   --undefined--
4.603562   --undefined--
4.613562   --undefined--
4.623563   --undefined--
4.633563   --undefined--
4.643562   --undefined--
4.653562   --undefined--
4.663562   --undefined--
4.673563   --undefined--
4.683562   --undefined--
4.693562   --undefined--
4.703562   --undefined--
4.713563   --undefined--
4.723562   --undefined--
4.733562   --undefined--
4.743562   --undefined--
4.753563   --undefined--
4.763562   --undefined--
4.773562   --undefined--
4.783562   --undefined--
4.793563   --undefined--
4.803563   --undefined--
4.813562   --undefined--
4.823562   --undefined--
4.833563   --undefined--
4.843563   --undefined--
4.853562   --undefined--
4.863562   --undefined--
4.873563   --undefined--
4.883563   --undefined--
4.893562   --undefined--
4.903562   --undefined--
4.913562   --undefined--
4.923563   --undefined--
4.933562   --undefined--
4.943562   --undefined--
4.953562   --undefined--
4.963563   --undefined--
4.973562   --undefined--
4.983562   --undefined--
4.993562   --undefined--
5.003563   --undefined--
