Time_s   Intensity_dB
0.044292   10.201709
0.054958   9.991138
0.065625   10.169002
0.076292   10.520824
0.086958   10.342578
0.097625   10.062535
0.108292   10.516697
0.118958   10.901846
0.129625   10.790188
0.140292   10.672976
0.150958   10.504986
0.161625   10.400654
0.172292   11.370957
0.182958   14.088315
0.193625   36.900959
0.204292   52.721300
0.214958   63.346041
0.225625   70.429473
0.236292   74.896458
0.246958   77.899693
0.257625   79.649260
0.268292   79.740417
0.278958   78.662855
0.289625   77.142304
0.300292   75.624537
0.310958   74.903095
0.321625   74.726024
0.332292   74.969121
0.342958   77.017104
0.353625   78.686364
0.364292   78.072923
0.374958   76.347070
0.385625   75.857444
0.396292   76.435027
0.406958   77.200400
0.417625   77.747596
0.428292   78.566620
0.438958   79.273785
0.449625   79.116488
0.460292   78.798300
0.470958   79.780994
0.481625   80.743455
0.492292   80.414868
0.502958   80.308982
0.513625   82.065414
0.524292   83.804229
0.534958   84.352088
0.545625   83.723500
0.556292   82.704750
0.566958   82.009060
0.577625   82.178675
0.588292   83.196100
0.598958   83.900212
0.609625   83.760494
0.620292   83.132463
0.630958   82.984606
0.641625   82.882990
0.652292   81.825488
0.662958   79.756618
0.673625   77.636415
0.684292   76.074640
0.694958   74.702903
0.705625   73.794801
0.716292   73.550741
0.726958   73.027875
0.737625   72.078135
0.748292   71.279203
0.758958   70.330899
0.769625   68.727583
0.780292   67.223472
0.790958   66.706417
0.801625   66.409241
0.812292   66.287269
0.822958   66.389020
0.833625   66.043177
0.844292   64.983881
0.854958   63.297498
0.865625   67.657115
0.876292   74.697465
0.886958   78.911678
0.897625   81.241564
0.908292   82.316671
0.918958   81.803312
0.929625   80.803368
0.940292   80.160940
0.950958   78.661854
0.961625   77.461613
0.972292   77.299290
0.982958   77.767895
0.993625   78.229586
1.004292   78.098293
1.014958   77.647663
1.025625   77.106039
1.036292   76.238426
1.046958   74.082807
1.057625   74.076245
1.068292   76.776632
1.078958   77.569723
1.089625   76.510160
1.100292   74.863579
1.110958   72.834906
1.121625   71.804880
1.132292   72.425789
1.142958   74.486706
1.153625   76.707397
1.164292   78.237387
1.174958   79.333626
1.185625   79.056343
1.196292   78.144609
1.206958   77.611831
1.217625   76.042220
1.228292   73.768884
1.238958   72.396882
1.249625   71.398514
1.260292   70.853126
1.270958   72.557622
1.281625   74.217144
1.292292   74.449893
1.302958   73.969617
1.313625   72.916978
1.324292   70.925985
1.334958   68.632488
1.345625   67.129142
1.356292   66.257872
1.366958   67.472919
1.377625   70.423491
1.388292   72.784591
1.398958   73.972732
1.409625   74.175951
1.420292   74.298784
1.430958   75.216630
1.441625   75.072980
1.452292   73.530222
1.462958   73.003199
1.473625   74.152725
1.484292   74.532415
1.494958   73.883144
1.505625   73.373761
1.516292   71.637699
1.526958   68.761060
1.537625   66.963910
1.548292   65.183719
1.558958   62.686577
1.569625   60.611606
1.580292   58.832152
1.590958   59.187986
1.601625   61.876414
1.612292   63.524647
1.622958   62.866402
1.633625   61.978792
1.644292   62.809682
1.654958   64.053286
1.665625   65.023730
1.676292   68.670819
1.686958   73.534239
1.697625   76.453657
1.708292   77.374992
1.718958   78.097741
1.729625   78.859334
1.740292   78.457554
1.750958   76.610427
1.761625   73.611103
1.772292   70.654463
1.782958   69.039879
1.793625   68.489642
1.804292   68.550761
1.814958   70.071572
1.825625   71.444161
1.836292   72.523943
1.846958   73.818644
1.857625   74.039153
1.868292   73.586831
1.878958   75.102351
1.889625   76.086307
1.900292   74.708508
1.910958   72.192310
1.921625   70.098118
1.932292   68.526369
1.942958   67.307152
1.953625   66.022326
1.964292   63.733035
1.974958   62.182277
1.985625   65.433270
1.996292   69.949362
2.006958   73.012089
2.017625   75.172858
2.028292   76.658579
2.038958   77.217125
2.049625   76.716911
2.060292   74.946448
2.070958   73.783307
2.081625   74.482972
2.092292   74.938958
2.102958   74.240738
2.113625   73.140716
2.124292   73.316713
2.134958   73.548307
2.145625   72.034853
2.156292   71.237495
2.166958   73.336281
2.177625   74.212825
2.188292   73.699133
2.198958   73.925996
2.209625   74.985120
2.220292   76.465405
2.230958   77.545878
2.241625   77.098640
2.252292   75.064108
2.262958   73.677170
2.273625   74.193228
2.284292   75.329132
2.294958   75.770232
2.305625   74.568655
2.316292   73.875049
2.326958   74.631876
2.337625   75.006653
2.348292   75.252454
2.358958   76.733812
2.369625   79.300850
2.380292   81.819213
2.390958   83.603268
2.401625   84.419292
2.412292   84.348068
2.422958   84.079290
2.433625   84.173250
2.444292   84.455132
2.454958   84.219724
2.465625   82.921273
2.476292   80.806441
2.486958   78.181510
2.497625   75.562185
2.508292   74.641381
2.518958   73.718811
2.529625   72.084247
2.540292   71.067709
2.550958   70.893141
2.561625   70.261697
2.572292   68.436239
2.582958   66.037238
2.593625   65.929842
2.604292   69.079836
2.614958   73.091582
2.625625   76.587748
2.636292   79.135547
2.646958   80.866150
2.657625   81.817722
2.668292   82.222460
2.678958   82.016047
2.689625   81.297103
2.700292   80.732069
2.710958   79.681000
2.721625   77.912437
2.732292   76.487289
2.742958   75.630341
2.753625   74.816731
2.764292   74.344397
2.774958   74.037659
2.785625   73.213585
2.796292   71.738573
2.806958   70.289776
2.817625   68.940596
2.828292   67.235950
2.838958   66.323603
2.849625   68.236454
2.860292   70.927677
2.870958   72.212947
2.881625   71.684921
2.892292   69.092004
2.902958   65.800787
2.913625   65.349756
2.924292   66.443184
2.934958   66.483044
2.945625   65.152691
2.956292   63.147728
2.966958   60.909179
2.977625   59.356722
2.988292   58.791594
2.998958   58.508933
3.009625   58.163652
3.020292   57.093778
3.030958   56.195503
3.041625   56.079905
3.052292   55.551946
3.062958   54.809980
3.073625   56.311740
3.084292   64.102222
3.094958   72.400373
3.105625   77.708765
3.116292   79.826326
3.126958   79.725064
3.137625   79.497519
3.148292   79.982337
3.158958   80.614030
3.169625   80.679970
3.180292   79.426478
3.190958   78.249283
3.201625   78.848950
3.212292   79.966454
3.222958   81.431661
3.233625   82.324161
3.244292   82.376696
3.254958   82.211677
3.265625   82.126007
3.276292   81.560086
3.286958   79.774621
3.297625   77.212686
3.308292   74.740105
3.318958   72.796030
3.329625   71.259331
3.340292   70.777856
3.350958   71.835060
3.361625   72.173666
3.372292   71.013052
3.382958   68.782156
3.393625   66.281196
3.404292   64.625833
3.414958   66.917963
3.425625   71.052140
3.436292   73.539216
3.446958   75.193022
3.457625   77.146160
3.468292   78.326828
3.478958   77.821120
3.489625   77.238428
3.500292   77.645546
3.510958   76.626985
3.521625   74.341950
3.532292   72.740701
3.542958   72.045413
3.553625   71.273494
3.564292   70.121676
3.574958   69.668150
3.585625   69.126576
3.596292   68.416954
3.606958   69.462697
3.617625   71.771308
3.628292   73.185946
3.638958   73.942332
3.649625   73.741071
3.660292   72.189322
3.670958   71.936192
3.681625   72.921356
3.692292   72.952809
3.702958   72.209178
3.713625   71.275510
3.724292   70.059804
3.734958   68.117630
3.745625   66.569203
3.756292   66.027748
3.766958   65.565439
3.777625   64.970508
3.788292   64.688451
3.798958   64.106592
3.809625   62.511811
3.820292   60.316199
3.830958   58.609686
3.841625   58.751807
3.852292   59.047069
3.862958   58.373189
3.873625   59.613374
3.884292   67.968436
3.894958   74.374896
3.905625   77.423778
3.916292   78.975894
3.926958   79.607834
3.937625   79.036638
3.948292   77.064815
3.958958   73.398288
3.969625   70.017366
3.980292   67.599087
3.990958   64.960881
4.001625   62.884049
4.012292   61.041195
4.022958   59.433549
4.033625   57.953424
4.044292   56.497024
4.054958   55.980869
4.065625   55.812994
4.076292   55.292860
4.086958   55.353873
4.097625   55.325212
4.108292   53.854484
4.118958   52.987854
4.129625   53.868459
4.140292   54.141783
4.150958   54.200347
4.161625   54.085721
4.172292   54.233216
4.182958   54.520894
4.193625   53.669058
4.204292   52.686078
4.214958   52.300669
4.225625   51.282539
4.236292   50.042795
4.246958   49.093846
4.257625   48.482286
4.268292   48.243975
4.278958   47.639807
4.289625   47.973844
4.300292   49.396355
4.310958   49.164568
4.321625   47.238521
4.332292   46.356307
4.342958   45.986827
4.353625   45.767315
4.364292   46.593981
4.374958   47.759545
4.385625   49.129937
4.396292   49.339410
4.406958   47.860701
4.417625   47.519723
4.428292   48.696211
4.438958   56.446157
4.449625   66.950335
4.460292   73.652679
4.470958   77.502318
4.481625   79.385958
4.492292   79.908665
4.502958   79.061198
4.513625   76.848715
4.524292   74.548589
4.534958   73.379111
4.545625   72.513308
4.556292   70.472352
4.566958   67.925694
4.577625   67.823083
4.588292   71.674447
4.598958   75.053334
4.609625   76.884955
4.620292   77.927330
4.630958   78.524887
4.641625   78.051140
4.652292   76.606004
4.662958   75.828668
4.673625   76.688626
4.684292   77.740541
4.694958   77.943051
4.705625   76.969069
4.716292   76.170269
4.726958   77.144051
4.737625   78.107044
4.748292   78.764656
4.758958   78.511482
4.769625   77.064492
4.780292   75.193091
4.790958   73.239565
4.801625   74.132791
4.812292   77.710602
4.822958   80.163638
4.833625   80.964635
4.844292   80.222822
4.854958   78.684208
4.865625   77.800666
4.876292   77.964165
4.886958   77.883114
4.897625   76.079680
4.908292   74.656412
4.918958   75.489368
4.929625   75.217253
4.940292   73.775557
4.950958   72.704952
4.961625   72.204942
4.972292   72.370526
4.982958   72.224551
4.993625   72.392329
5.004292   73.791957
5.014958   75.120915
5.025625   76.096843
5.036292   75.957777
5.046958   75.227585
5.057625   74.742612
5.068292   73.530600
5.078958   73.171272
5.089625   72.244617
5.100292   69.754578
5.110958   69.378281
5.121625   70.519797
5.132292   72.042340
5.142958   73.624496
5.153625   75.138075
5.164292   75.610592
5.174958   75.063089
5.185625   75.262324
5.196292   75.839465
5.206958   74.757009
5.217625   71.850952
5.228292   69.453482
5.238958   69.343250
5.249625   71.224324
5.260292   71.647244
5.270958   69.302228
5.281625   67.219109
5.292292   66.513416
5.302958   65.585186
5.313625   67.267512
5.324292   71.605302
5.334958   76.379564
5.345625   79.656262
5.356292   80.538127
5.366958   81.556340
5.377625   83.896535
5.388292   84.310923
5.398958   82.840897
5.409625   81.352431
5.420292   81.741148
5.430958   82.146382
5.441625   80.452407
5.452292   78.615041
5.462958   78.894551
5.473625   78.999026
5.484292   77.937966
5.494958   76.457915
5.505625   75.561159
5.516292   75.938205
5.526958   76.446728
5.537625   76.745722
5.548292   77.165831
5.558958   77.021099
5.569625   75.918541
5.580292   74.087032
5.590958   72.065882
5.601625   71.034852
5.612292   70.253928
5.622958   69.558404
5.633625   70.193623
5.644292   71.165574
5.654958   70.759595
5.665625   68.472482
5.676292   65.926323
5.686958   64.004813
5.697625   62.062236
5.708292   61.635099
5.718958   63.337487
5.729625   65.738930
5.740292   68.305293
5.750958   71.987384
5.761625   75.334090
5.772292   77.473781
5.782958   78.746291
5.793625   79.271781
5.804292   78.879509
5.814958   77.497961
5.825625   75.048369
5.836292   71.654803
5.846958   69.634018
5.857625   74.163487
5.868292   78.903626
5.878958   81.644817
5.889625   82.825978
5.900292   83.849296
5.910958   85.060836
5.921625   85.210444
5.932292   84.749192
5.942958   84.064258
5.953625   82.465307
5.964292   80.027905
5.974958   77.913581
5.985625   76.171884
5.996292   74.078731
6.006958   72.966599
6.017625   73.234842
6.028292   74.186078
6.038958   74.917534
6.049625   73.555611
6.060292   71.047684
6.070958   68.856479
6.081625   66.122958
6.092292   64.498054
6.102958   64.236354
6.113625   67.247687
6.124292   73.188735
6.134958   78.443833
6.145625   81.875412
6.156292   83.678068
6.166958   84.206040
6.177625   83.374446
6.188292   82.250713
6.198958   81.899916
6.209625   81.222396
6.220292   80.198903
6.230958   79.469609
6.241625   78.915458
6.252292   78.123356
6.262958   78.172879
6.273625   78.319789
6.284292   77.282537
6.294958   75.719337
6.305625   76.365816
6.316292   77.958495
6.326958   78.900319
6.337625   78.888434
6.348292   78.920484
6.358958   80.583034
6.369625   81.969172
6.380292   81.931098
6.390958   80.816127
6.401625   79.348013
6.412292   78.073099
6.422958   76.472901
6.433625   76.311942
6.444292   76.906551
6.454958   77.343537
6.465625   77.703105
6.476292   77.423393
6.486958   76.413993
6.497625   74.789379
6.508292   72.537749
6.518958   69.821814
6.529625   67.911238
6.540292   68.088934
6.550958   68.815812
6.561625   69.507409
6.572292   69.169013
6.582958   67.597823
6.593625   66.126699
6.604292   65.463503
6.614958   64.531232
6.625625   63.905193
6.636292   64.606896
6.646958   64.650649
6.657625   63.318483
6.668292   62.426452
6.678958   62.277710
6.689625   62.873812
6.700292   65.339121
6.710958   70.354599
6.721625   75.215866
6.732292   78.552841
6.742958   79.766748
6.753625   79.281800
6.764292   78.775077
6.774958   78.991636
6.785625   78.748419
6.796292   78.019447
6.806958   77.737307
6.817625   77.378252
6.828292   76.338687
6.838958   75.158614
6.849625   73.617521
6.860292   71.516332
6.870958   69.982700
6.881625   68.264139
6.892292   67.108702
6.902958   69.533391
6.913625   72.727693
6.924292   75.821137
6.934958   78.835339
6.945625   80.347835
6.956292   80.660606
6.966958   81.895490
6.977625   83.448213
6.988292   83.539387
6.998958   82.312885
7.009625   80.893422
7.020292   80.077952
7.030958   80.144091
7.041625   80.816909
7.052292   81.294101
7.062958   80.794900
7.073625   78.906125
7.084292   76.354942
7.094958   75.597938
7.105625   76.272078
7.116292   76.030926
7.126958   75.024747
7.137625   74.909862
7.148292   75.381959
7.158958   74.425206
7.169625   72.935859
7.180292   72.737430
7.190958   71.959596
7.201625   70.504159
7.212292   70.506110
7.222958   72.815654
7.233625   75.560246
7.244292   76.834279
7.254958   77.507528
7.265625   78.253181
7.276292   77.566238
7.286958   76.117401
7.297625   76.389100
7.308292   77.217125
7.318958   77.897060
7.329625   77.969112
7.340292   77.037562
7.350958   75.781572
7.361625   74.815970
7.372292   73.949572
7.382958   73.092218
7.393625   72.364587
7.404292   71.402883
7.414958   70.532436
7.425625   70.905645
7.436292   70.891364
7.446958   69.479040
7.457625   67.473836
7.468292   66.544174
7.478958   69.730358
7.489625   74.542642
7.500292   78.346603
7.510958   80.937961
7.521625   81.917052
7.532292   81.555372
7.542958   81.305929
7.553625   81.353458
7.564292   80.717896
7.574958   79.496591
7.585625   78.561428
7.596292   78.157301
7.606958   77.236148
7.617625   75.818927
7.628292   74.290582
7.638958   72.428436
7.649625   71.075924
7.660292   71.167663
7.670958   71.286053
7.681625   69.806927
7.692292   68.190090
7.702958   68.180573
7.713625   67.279323
7.724292   65.528148
7.734958   65.365443
7.745625   65.678450
7.756292   64.685509
7.766958   62.973940
7.777625   61.637311
7.788292   61.433336
7.798958   61.564047
7.809625   60.510165
7.820292   58.742181
7.830958   58.246047
7.841625   61.512256
7.852292   64.947281
7.862958   64.944486
7.873625   61.393670
7.884292   56.961831
7.894958   55.231770
7.905625   56.223983
7.916292   56.549860
7.926958   55.313065
7.937625   52.887136
7.948292   51.620305
7.958958   51.838561
7.969625   51.734378
7.980292   52.621566
7.990958   52.983309
8.001625   51.328007
8.012292   49.714364
8.022958   49.628448
8.033625   50.599966
8.044292   51.566100
8.054958   51.452475
8.065625   52.111533
8.076292   51.838720
8.086958   49.894179
8.097625   49.005236
8.108292   48.641141
8.118958   47.992211
8.129625   46.494997
8.140292   45.439832
8.150958   46.847785
8.161625   48.565320
8.172292   49.064910
8.182958   49.340970
8.193625   50.316806
8.204292   60.058515
8.214958   69.329914
8.225625   75.068593
8.236292   78.925823
8.246958   82.355977
8.257625   84.487789
8.268292   84.673235
8.278958   84.070298
8.289625   83.470812
8.300292   82.164178
8.310958   80.252971
8.321625   78.667190
8.332292   78.197967
8.342958   77.640268
8.353625   76.638581
8.364292   75.558394
8.374958   74.590573
8.385625   73.410312
8.396292   73.855707
8.406958   77.595281
8.417625   80.999834
8.428292   83.319876
8.438958   84.639386
8.449625   85.272496
8.460292   85.578824
8.470958   85.457557
8.481625   84.820364
8.492292   84.303263
8.502958   84.592792
8.513625   85.512788
8.524292   86.069222
8.534958   86.034640
8.545625   85.601776
8.556292   84.925879
8.566958   83.857755
8.577625   82.189092
8.588292   80.575427
8.598958   80.367408
8.609625   81.142443
8.620292   81.121139
8.630958   80.061383
8.641625   79.119944
8.652292   79.270157
8.662958   80.887292
8.673625   82.121544
8.684292   82.088382
8.694958   81.556288
8.705625   81.090310
8.716292   80.670321
8.726958   79.715619
8.737625   78.978452
8.748292   79.372282
8.758958   79.405457
8.769625   78.430819
8.780292   76.629419
8.790958   75.301737
8.801625   74.607447
8.812292   73.792141
8.822958   73.201800
8.833625   72.507922
8.844292   71.401103
8.854958   71.422504
8.865625   73.428283
8.876292   76.209487
8.886958   79.746486
8.897625   83.204075
8.908292   84.685551
8.918958   84.231152
8.929625   83.530408
8.940292   83.059489
8.950958   81.769727
8.961625   80.148694
8.972292   79.138527
8.982958   77.947164
8.993625   76.500333
9.004292   74.925345
9.014958   73.625234
9.025625   72.823428
9.036292   72.746057
9.046958   72.525631
9.057625   71.766093
9.068292   70.987557
9.078958   71.125204
9.089625   71.260901
9.100292   69.391295
9.110958   66.267781
9.121625   64.493902
9.132292   65.473582
9.142958   69.117575
9.153625   72.936472
9.164292   75.846859
9.174958   78.666978
9.185625   81.446871
9.196292   82.858447
9.206958   83.282794
9.217625   83.449020
9.228292   82.970982
9.238958   81.639618
9.249625   79.580815
9.260292   76.791184
9.270958   74.901325
9.281625   75.053965
9.292292   75.953769
9.302958   76.275508
9.313625   75.465116
9.324292   74.556700
9.334958   74.298398
9.345625   73.121645
9.356292   70.958735
9.366958   69.686285
9.377625   70.830613
9.388292   72.630838
9.398958   72.987262
9.409625   72.362939
9.420292   72.559165
9.430958   73.724682
9.441625   74.278501
9.452292   74.136085
9.462958   74.975531
9.473625   75.841198
9.484292   75.211505
9.494958   72.544896
9.505625   68.306426
9.516292   66.196520
9.526958   66.453825
9.537625   65.469316
9.548292   63.297658
9.558958   64.974041
9.569625   70.439904
9.580292   73.581622
9.590958   73.936753
9.601625   73.112028
9.612292   72.769532
9.622958   72.601924
9.633625   72.647510
9.644292   72.984214
9.654958   72.832802
9.665625   71.821509
9.676292   73.823973
9.686958   76.359346
9.697625   77.662659
9.708292   78.949178
9.718958   80.193201
9.729625   81.043819
9.740292   82.068109
9.750958   82.565438
9.761625   82.278275
9.772292   83.172001
9.782958   83.927006
9.793625   83.493313
9.804292   82.850644
9.814958   81.912635
9.825625   80.996566
9.836292   79.795779
9.846958   78.526630
9.857625   78.138531
9.868292   77.597698
9.878958   77.224623
9.889625   77.834177
9.900292   77.839903
9.910958   76.101065
9.921625   73.881212
9.932292   73.497312
9.942958   73.076001
9.953625   71.534784
9.964292   69.784998
9.974958   68.247873
9.985625   67.155414
9.996292   66.952935
10.006958   66.529461
10.017625   64.816435
10.028292   62.603202
10.038958   61.568159
10.049625   61.125298
10.060292   60.217213
10.070958   59.277603
10.081625   58.772993
10.092292   58.536525
10.102958   58.108562
10.113625   57.201878
10.124292   57.149150
10.134958   58.256853
10.145625   58.081440
10.156292   56.424499
10.166958   56.230827
10.177625   56.757982
10.188292   56.337886
10.198958   54.644146
10.209625   53.058403
10.220292   55.100625
10.230958   56.524989
10.241625   55.769108
10.252292   55.209660
10.262958   54.887602
10.273625   60.732267
10.284292   68.937079
10.294958   73.358477
10.305625   74.497779
10.316292   74.333179
10.326958   74.625545
10.337625   74.573106
10.348292   73.398093
10.358958   71.484376
10.369625   69.155902
10.380292   66.897254
10.390958   64.890244
10.401625   63.329855
10.412292   62.044568
10.422958   61.777858
10.433625   61.410155
10.444292   60.195654
10.454958   59.561771
10.465625   59.547503
10.476292   59.907750
10.486958   60.103099
10.497625   59.001391
10.508292   57.230631
10.518958   56.948804
10.529625   58.340341
10.540292   64.251954
10.550958   70.970265
10.561625   74.315722
10.572292   74.141147
10.582958   71.315814
10.593625   68.382606
10.604292   67.743513
10.614958   67.942036
10.625625   67.692980
10.636292   70.090086
10.646958   74.421864
10.657625   77.548936
10.668292   78.922843
10.678958   79.007897
10.689625   78.125278
10.700292   75.723608
10.710958   72.775210
10.721625   70.871144
10.732292   68.951032
10.742958   67.481598
10.753625   68.008791
10.764292   68.153032
10.774958   66.449452
10.785625   64.465705
10.796292   62.871331
10.806958   61.779115
10.817625   62.673383
10.828292   65.868604
10.838958   68.826360
10.849625   69.780389
10.860292   69.348499
10.870958   69.207563
10.881625   69.558359
10.892292   68.686235
10.902958   67.041749
10.913625   66.422657
10.924292   65.819547
10.934958   64.308062
10.945625   62.771548
10.956292   61.848118
10.966958   60.619300
10.977625   59.059562
10.988292   58.043776
10.998958   57.192695
11.009625   56.179249
11.020292   54.932073
11.030958   54.670717
11.041625   54.615985
11.052292   53.874077
11.062958   53.383731
11.073625   53.430244
11.084292   54.100391
11.094958   54.479731
11.105625   53.542402
11.116292   51.448112
11.126958   49.813862
11.137625   49.911314
11.148292   51.818863
11.158958   51.869904
11.169625   50.917325
11.180292   50.259479
11.190958   50.083651
11.201625   51.666765
11.212292   51.125358
11.222958   48.964821
11.233625   48.651888
11.244292   49.821245
11.254958   50.794284
11.265625   52.317515
11.276292   52.433649
11.286958   50.816329
11.297625   49.729511
11.308292   48.855736
11.318958   47.374209
11.329625   46.893912
11.340292   48.125598
11.350958   51.393772
11.361625   56.883566
11.372292   62.397551
11.382958   66.737553
11.393625   69.694796
11.404292   70.959580
11.414958   71.006627
11.425625   70.993737
11.436292   71.460698
11.446958   72.029746
11.457625   71.677430
11.468292   69.826575
11.478958   67.342929
11.489625   65.666611
11.500292   64.635929
11.510958   63.345160
11.521625   62.352804
11.532292   62.522364
11.542958   62.848259
11.553625   63.090650
11.564292   64.861199
11.574958   67.563524
11.585625   69.822772
11.596292   71.395858
11.606958   72.374964
11.617625   72.588461
11.628292   71.755426
11.638958   69.597331
11.649625   66.892493
11.660292   65.401459
11.670958   64.876379
11.681625   64.339182
11.692292   63.663508
11.702958   62.998195
11.713625   62.036775
11.724292   60.493303
11.734958   59.521563
11.745625   58.930077
11.756292   58.006735
11.766958   57.822491
11.777625   56.963682
11.788292   56.168682
11.798958   55.747553
11.809625   55.074866
11.820292   54.229889
11.830958   52.773858
11.841625   51.725960
11.852292   51.358598
11.862958   51.227391
11.873625   50.825291
11.884292   50.609117
11.894958   50.765521
11.905625   50.133020
11.916292   48.375392
11.926958   47.024336
11.937625   46.578122
11.948292   46.794378
11.958958   46.550746
11.969625   45.495086
11.980292   45.214989
11.990958   46.068585
12.001625   45.908225
12.012292   44.487304
12.022958   42.767661
12.033625   41.042885
12.044292   39.769859
12.054958   41.174648
12.065625   43.145988
12.076292   42.805806
12.086958   41.199625
12.097625   40.595382
12.108292   40.082499
12.118958   39.462813
12.129625   39.928226
12.140292   40.833545
12.150958   39.919000
