Time_s   Intensity_dB
0.064000   65.599563
0.080000   71.443468
0.096000   74.371146
0.112000   74.550133
0.128000   73.915831
0.144000   74.842587
0.160000   75.975670
0.176000   75.536836
0.192000   72.924665
0.208000   70.884040
0.224000   75.389084
0.240000   77.938890
0.256000   76.032450
0.272000   71.192719
0.288000   70.971879
0.304000   73.951984
0.320000   77.083345
0.336000   78.674886
0.352000   77.866320
0.368000   75.659816
0.384000   74.558309
0.400000   73.596662
0.416000   72.553191
0.432000   73.035625
0.448000   73.766037
0.464000   73.420959
0.480000   73.682749
0.496000   77.029228
0.512000   77.567606
0.528000   73.802478
0.544000   69.360367
0.560000   72.977199
0.576000   75.885985
0.592000   76.878342
0.608000   76.498091
0.624000   74.881155
0.640000   73.426260
0.656000   72.795947
0.672000   73.163690
0.688000   73.909114
0.704000   73.795586
0.720000   73.444588
0.736000   73.468570
0.752000   72.525684
0.768000   69.424799
0.784000   65.229994
0.800000   62.552386
0.816000   61.343825
0.832000   60.829509
0.848000   59.425212
0.864000   57.123444
0.880000   55.578513
0.896000   56.011088
0.912000   58.618412
0.928000   65.725507
0.944000   71.290165
0.960000   73.752856
0.976000   74.181478
0.992000   74.621140
1.008000   76.127478
1.024000   77.423263
1.040000   78.089186
1.056000   78.785628
1.072000   79.395854
1.088000   79.066505
1.104000   76.902955
1.120000   73.854571
1.136000   72.387240
1.152000   72.195731
1.168000   71.570079
1.184000   70.952306
1.200000   71.204352
1.216000   72.259798
1.232000   72.420305
1.248000   71.112874
1.264000   69.691507
1.280000   70.200249
1.296000   71.887504
1.312000   73.054980
1.328000   73.966639
1.344000   74.676173
1.360000   74.121890
1.376000   72.755376
1.392000   70.955427
1.408000   67.646027
1.424000   63.199536
1.440000   60.330352
1.456000   60.344164
1.472000   61.890697
1.488000   66.119026
1.504000   69.733211
1.520000   70.982369
1.536000   70.491200
1.552000   69.295925
1.568000   69.425570
1.584000   70.361499
1.600000   72.372048
1.616000   75.449474
1.632000   76.715015
1.648000   75.203341
1.664000   72.890249
1.680000   71.421928
1.696000   68.249715
1.712000   64.966803
1.728000   63.850725
1.744000   64.210776
1.760000   64.524886
1.776000   64.081163
1.792000   63.679582
1.808000   62.968193
1.824000   61.771695
1.840000   62.176786
1.856000   63.553236
1.872000   63.930724
1.888000   62.883870
1.904000   64.047759
1.920000   70.161030
1.936000   74.984416
1.952000   77.286203
1.968000   77.389382
1.984000   76.745728
2.000000   75.487245
2.016000   72.552852
2.032000   70.315881
2.048000   70.369261
2.064000   70.766516
2.080000   69.993352
2.096000   69.614561
2.112000   70.443483
2.128000   70.842545
2.144000   70.470608
2.160000   68.509531
2.176000   66.507037
2.192000   67.144413
2.208000   67.958407
2.224000   68.112600
2.240000   69.452563
2.256000   70.828698
2.272000   71.686702
2.288000   71.137134
2.304000   68.983648
2.320000   68.318437
2.336000   68.948418
2.352000   69.692531
2.368000   72.546131
2.384000   74.095778
2.400000   73.789712
2.416000   72.705606
2.432000   70.975244
2.448000   68.444957
2.464000   66.232814
2.480000   68.566858
2.496000   72.213494
2.512000   74.424400
2.528000   75.334459
2.544000   75.457392
2.560000   74.747314
2.576000   73.300603
2.592000   72.666692
2.608000   72.899818
2.624000   72.881249
2.640000   72.325040
2.656000   71.499260
2.672000   71.358455
2.688000   71.800318
2.704000   72.286994
2.720000   73.392965
2.736000   73.454349
2.752000   72.799277
2.768000   72.593602
2.784000   72.800436
2.800000   74.259962
2.816000   75.308882
2.832000   74.920276
2.848000   73.387891
2.864000   71.042931
2.880000   68.571282
2.896000   68.136172
2.912000   69.688790
2.928000   70.690467
2.944000   70.505103
2.960000   69.802863
2.976000   68.698596
2.992000   67.467989
3.008000   67.100435
3.024000   68.384485
3.040000   72.214996
3.056000   74.714338
3.072000   75.302178
3.088000   75.780270
3.104000   76.378024
3.120000   75.594290
3.136000   72.814019
3.152000   69.441168
3.168000   67.124296
3.184000   64.941008
3.200000   62.727556
3.216000   63.162985
3.232000   65.274114
3.248000   65.351457
3.264000   63.112953
3.280000   61.034978
3.296000   64.718379
3.312000   68.734160
3.328000   70.753841
3.344000   70.942755
3.360000   69.560521
3.376000   67.246086
3.392000   64.368720
3.408000   61.900836
3.424000   63.676233
3.440000   66.245861
3.456000   68.555977
3.472000   71.920894
3.488000   73.577240
3.504000   73.842222
3.520000   74.206980
3.536000   74.361067
3.552000   74.306632
3.568000   74.430829
3.584000   73.839595
3.600000   72.541992
3.616000   71.475843
3.632000   71.596653
3.648000   72.250919
3.664000   72.803135
3.680000   72.853181
3.696000   72.301522
3.712000   71.896374
3.728000   71.730457
3.744000   71.085229
3.760000   69.955899
3.776000   68.856610
3.792000   67.912766
3.808000   67.271128
3.824000   66.872557
3.840000   66.466241
3.856000   66.420616
3.872000   67.644298
3.888000   69.346721
3.904000   69.859749
3.920000   68.695244
3.936000   66.422297
3.952000   65.289008
3.968000   64.875353
3.984000   63.429718
4.000000   61.770463
4.016000   62.485279
4.032000   63.207010
4.048000   61.632492
4.064000   58.284807
4.080000   54.656253
4.096000   52.688342
4.112000   56.734806
4.128000   61.670148
4.144000   65.806752
4.160000   68.265979
4.176000   68.648717
4.192000   67.558709
4.208000   65.263022
4.224000   61.699193
4.240000   58.595037
4.256000   57.919025
4.272000   57.944573
4.288000   59.144625
4.304000   60.847525
4.320000   65.605871
4.336000   72.100654
4.352000   76.981669
4.368000   79.894569
4.384000   81.062638
4.400000   81.281361
4.416000   81.015144
4.432000   79.998376
4.448000   78.184681
4.464000   76.611852
4.480000   76.057762
4.496000   75.561311
4.512000   74.855740
4.528000   75.274577
4.544000   76.119065
4.560000   76.129138
4.576000   74.648000
4.592000   71.697314
4.608000   68.633784
4.624000   65.458722
4.640000   62.717988
4.656000   62.297640
4.672000   64.353943
4.688000   67.964954
4.704000   71.231265
4.720000   73.174309
4.736000   73.255315
4.752000   72.005755
4.768000   70.957845
4.784000   70.748080
4.800000   71.069282
4.816000   70.598958
4.832000   69.271084
4.848000   69.301785
4.864000   69.070770
4.880000   67.889928
4.896000   68.209289
4.912000   70.192349
4.928000   72.123673
4.944000   72.992550
4.960000   72.611046
4.976000   72.387037
4.992000   72.968515
5.008000   73.540109
5.024000   73.619144
5.040000   72.659808
5.056000   70.435172
5.072000   69.605034
5.088000   70.900630
5.104000   71.695238
5.120000   72.142604
5.136000   72.808243
5.152000   73.265364
5.168000   72.224764
5.184000   69.089180
5.200000   65.544930
5.216000   64.016359
5.232000   62.522646
5.248000   59.838308
5.264000   57.800676
5.280000   56.518446
5.296000   58.990230
5.312000   65.072881
5.328000   68.743554
5.344000   70.593586
5.360000   71.235675
5.376000   70.948897
5.392000   70.827058
5.408000   70.946866
5.424000   71.081932
5.440000   70.860713
5.456000   70.119453
5.472000   68.794356
5.488000   67.935742
5.504000   69.420343
5.520000   72.018519
5.536000   73.776331
5.552000   73.758999
5.568000   71.828751
5.584000   68.718024
5.600000   66.235546
5.616000   67.129968
5.632000   69.792251
5.648000   70.937940
5.664000   69.731642
5.680000   66.591468
5.696000   63.844100
5.712000   62.144951
5.728000   59.883586
5.744000   57.791401
5.760000   56.531054
5.776000   55.868509
5.792000   55.575945
5.808000   55.243077
5.824000   54.391620
5.840000   53.415326
5.856000   52.972119
5.872000   53.159623
5.888000   53.572927
5.904000   53.556349
5.920000   53.079442
5.936000   52.374353
5.952000   51.240329
5.968000   49.611883
5.984000   48.766749
6.000000   52.830116
6.016000   58.671721
6.032000   62.604824
6.048000   67.441733
6.064000   72.258963
6.080000   73.529731
6.096000   71.830203
6.112000   71.294436
6.128000   70.830175
6.144000   67.284019
6.160000   63.654678
6.176000   63.911907
6.192000   62.810093
6.208000   60.339205
6.224000   58.322012
6.240000   58.121434
6.256000   60.200876
6.272000   62.035316
6.288000   63.038717
6.304000   63.346615
6.320000   62.274022
6.336000   59.108731
6.352000   55.682189
6.368000   54.625091
6.384000   54.607461
6.400000   56.028973
6.416000   57.990611
6.432000   59.145329
6.448000   57.840072
6.464000   53.795267
6.480000   49.884506
6.496000   47.848015
6.512000   45.815265
6.528000   44.405957
6.544000   43.322188
6.560000   41.939834
6.576000   44.662912
6.592000   52.785021
6.608000   58.240665
6.624000   61.155130
6.640000   62.678416
6.656000   63.297122
6.672000   63.839528
6.688000   64.006762
6.704000   63.634222
6.720000   63.314105
6.736000   63.864192
6.752000   64.868455
6.768000   65.933782
6.784000   67.320947
6.800000   67.355785
6.816000   64.797277
6.832000   59.921669
6.848000   55.047699
6.864000   51.854975
6.880000   49.271666
6.896000   46.451636
6.912000   44.285486
6.928000   43.094937
6.944000   41.763712
6.960000   40.835307
6.976000   39.365469
6.992000   36.847700
7.008000   34.085333
7.024000   32.383848
7.040000   32.194687
7.056000   32.165109
7.072000   32.117186
7.088000   32.529262
7.104000   32.315736
7.120000   30.802433
7.136000   28.979950
7.152000   29.196159
7.168000   30.263235
7.184000   30.981865
7.200000   31.782375
7.216000   30.914552
7.232000   28.294052
7.248000   27.192572
7.264000   26.821118
7.280000   25.674951
7.296000   24.549178
7.312000   24.183917
7.328000   25.779137
7.344000   27.021588
7.360000   26.912261
7.376000   25.746663
7.392000   24.458810
7.408000   23.723690
7.424000   22.671616
7.440000   21.767703
7.456000   24.966956
7.472000   33.719172
7.488000   48.842343
7.504000   60.052124
7.520000   66.780891
7.536000   70.589413
7.552000   72.579272
7.568000   73.322747
7.584000   73.330009
7.600000   71.989572
7.616000   68.505895
7.632000   65.153742
7.648000   67.894579
7.664000   70.777565
7.680000   71.494026
7.696000   71.186334
7.712000   71.213909
7.728000   70.197190
7.744000   67.052094
7.760000   64.285843
7.776000   66.821172
7.792000   69.614346
7.808000   70.179653
7.824000   71.232396
7.840000   73.701634
7.856000   76.055047
7.872000   77.254229
7.888000   77.588256
7.904000   78.089048
7.920000   78.379045
7.936000   78.094899
7.952000   77.969510
7.968000   78.367460
7.984000   78.349329
8.000000   78.038066
8.016000   78.115496
8.032000   77.753305
8.048000   76.421236
8.064000   75.223279
8.080000   74.104086
8.096000   72.198618
8.112000   70.725951
8.128000   69.781703
8.144000   68.231726
8.160000   68.136490
8.176000   69.514252
8.192000   69.747383
8.208000   69.975975
8.224000   71.046465
8.240000   71.462969
8.256000   70.727503
8.272000   72.925450
8.288000   75.670573
8.304000   76.221182
8.320000   75.906241
8.336000   76.554233
8.352000   77.488681
8.368000   77.133413
8.384000   75.852671
8.400000   75.395749
8.416000   75.374673
8.432000   74.928458
8.448000   73.877005
8.464000   72.463098
8.480000   71.465391
8.496000   70.963451
8.512000   70.121382
8.528000   69.453828
8.544000   68.805318
8.560000   67.642502
8.576000   70.013666
8.592000   74.313766
8.608000   76.997014
8.624000   78.689304
8.640000   79.138565
8.656000   78.052440
8.672000   77.107329
8.688000   76.532737
8.704000   76.020281
8.720000   75.392457
8.736000   73.995215
8.752000   72.017982
8.768000   70.988426
8.784000   71.826245
8.800000   72.406431
8.816000   74.049573
8.832000   76.116973
8.848000   77.614126
8.864000   78.476466
8.880000   78.117513
8.896000   77.177639
8.912000   76.665237
8.928000   76.663851
8.944000   76.847069
8.960000   76.781000
8.976000   76.090692
8.992000   74.612958
9.008000   71.908759
9.024000   67.748521
9.040000   63.547847
9.056000   60.419120
9.072000   58.299908
9.088000   56.412423
9.104000   55.159110
9.120000   54.745577
9.136000   53.652401
9.152000   51.887558
9.168000   51.046602
9.184000   51.309347
9.200000   51.116876
9.216000   50.526366
9.232000   50.057151
9.248000   49.235082
9.264000   47.214148
9.280000   44.338472
9.296000   42.360112
9.312000   41.417815
9.328000   42.316202
9.344000   51.207642
9.360000   58.652182
9.376000   63.000735
9.392000   65.806201
9.408000   67.775071
9.424000   69.051855
9.440000   71.353572
9.456000   75.695632
9.472000   78.538093
9.488000   79.223155
9.504000   77.633383
9.520000   73.707814
9.536000   72.774016
9.552000   77.497044
9.568000   79.305688
9.584000   77.901558
9.600000   74.798832
9.616000   71.247707
9.632000   70.872048
9.648000   75.607938
9.664000   78.840284
9.680000   79.817188
9.696000   79.185373
9.712000   78.955747
9.728000   79.435279
9.744000   79.202106
9.760000   78.000698
9.776000   76.887761
9.792000   76.759278
9.808000   76.500192
9.824000   74.686439
9.840000   71.836774
9.856000   69.378885
9.872000   66.543541
9.888000   63.525595
9.904000   61.856318
9.920000   63.329713
9.936000   70.739231
9.952000   75.457571
9.968000   76.912529
9.984000   76.156908
10.000000   73.583416
10.016000   69.441438
10.032000   67.291666
10.048000   67.482126
10.064000   66.576840
10.080000   64.371885
10.096000   63.135329
10.112000   67.186309
10.128000   71.368442
10.144000   73.421674
10.160000   73.942126
10.176000   73.701969
10.192000   73.344047
10.208000   72.954904
10.224000   72.300029
10.240000   71.528513
10.256000   70.848722
10.272000   70.118964
10.288000   69.875375
10.304000   71.886423
10.320000   74.939146
10.336000   78.380921
10.352000   80.964479
10.368000   81.486803
10.384000   80.715143
10.400000   80.348524
10.416000   80.417879
10.432000   80.144135
10.448000   79.827188
10.464000   80.037411
10.480000   78.913894
10.496000   75.654326
10.512000   71.733582
10.528000   68.601103
10.544000   66.805027
10.560000   65.957800
10.576000   63.723257
10.592000   60.925214
10.608000   59.647560
10.624000   58.488188
10.640000   57.554353
10.656000   57.188855
10.672000   56.682682
10.688000   58.634249
10.704000   65.467069
10.720000   69.952768
10.736000   71.075170
10.752000   69.972457
10.768000   68.416523
10.784000   68.998864
10.800000   71.145731
10.816000   72.242891
10.832000   72.896250
10.848000   73.682855
10.864000   74.189226
10.880000   74.180689
10.896000   75.288593
10.912000   78.252078
10.928000   79.406966
10.944000   78.106786
10.960000   76.144812
10.976000   76.050272
10.992000   76.871105
11.008000   77.001803
11.024000   77.062224
11.040000   77.403424
11.056000   76.723832
11.072000   74.287488
11.088000   70.896624
11.104000   69.611154
11.120000   70.710806
11.136000   70.574300
11.152000   68.294156
11.168000   66.559986
11.184000   66.448482
11.200000   67.458702
11.216000   70.490647
11.232000   73.987164
11.248000   76.171617
11.264000   75.996119
11.280000   74.833331
11.296000   75.804290
11.312000   77.194044
11.328000   78.173311
11.344000   78.737101
11.360000   78.336433
11.376000   76.429944
11.392000   73.434989
11.408000   71.103447
11.424000   70.027236
11.440000   69.806444
11.456000   69.807049
11.472000   69.055500
11.488000   66.359862
11.504000   61.883593
11.520000   58.546747
11.536000   61.282748
11.552000   66.679658
11.568000   69.273555
11.584000   68.626607
11.600000   67.034316
11.616000   66.976635
11.632000   65.908566
11.648000   63.307888
11.664000   60.494104
11.680000   56.742741
11.696000   54.784337
11.712000   60.180318
11.728000   64.487226
11.744000   65.700019
11.760000   63.952720
11.776000   60.552854
11.792000   58.674779
11.808000   57.592412
11.824000   55.656613
11.840000   52.905503
11.856000   50.676039
11.872000   50.079845
11.888000   50.503165
11.904000   51.111386
11.920000   51.328458
11.936000   51.238970
11.952000   54.544377
11.968000   64.935195
11.984000   71.924854
12.000000   75.460902
12.016000   77.736460
12.032000   79.998600
12.048000   80.682881
12.064000   79.568682
12.080000   78.477019
12.096000   78.319584
12.112000   77.990784
12.128000   77.789839
12.144000   77.678071
12.160000   77.905146
12.176000   78.096490
12.192000   77.313928
12.208000   76.384931
12.224000   75.785825
12.240000   75.179462
12.256000   74.271384
12.272000   73.015432
12.288000   71.468123
12.304000   69.235864
12.320000   67.631807
12.336000   66.925523
12.352000   66.288922
12.368000   64.775391
12.384000   63.447102
12.400000   64.138132
12.416000   65.010809
12.432000   65.379436
12.448000   69.082711
12.464000   73.471831
12.480000   74.317731
12.496000   72.017928
12.512000   69.621048
12.528000   69.067954
12.544000   68.741310
12.560000   68.429103
12.576000   68.983541
12.592000   69.285012
12.608000   68.957475
12.624000   68.627820
12.640000   68.297391
12.656000   67.104474
12.672000   64.999084
12.688000   63.628447
12.704000   63.924184
12.720000   65.152184
12.736000   66.317699
12.752000   66.997669
12.768000   66.570281
12.784000   64.744223
12.800000   63.803089
12.816000   62.923815
12.832000   59.726600
12.848000   62.835526
12.864000   70.596128
12.880000   73.694603
12.896000   72.181779
12.912000   66.788581
12.928000   60.914458
12.944000   58.403866
12.960000   58.146430
12.976000   58.015522
12.992000   59.508218
13.008000   61.763266
13.024000   63.455249
13.040000   64.582728
13.056000   65.179188
13.072000   63.954493
13.088000   60.489922
13.104000   57.821351
13.120000   59.989473
13.136000   63.279108
13.152000   64.469822
13.168000   64.140623
13.184000   64.489503
13.200000   65.495004
13.216000   65.835044
13.232000   64.926156
13.248000   62.785373
13.264000   60.548839
13.280000   59.320869
13.296000   57.959060
13.312000   55.561276
13.328000   56.165379
13.344000   63.999691
13.360000   69.428446
13.376000   72.158746
13.392000   73.720034
13.408000   74.347771
13.424000   72.976857
13.440000   69.378321
13.456000   68.358322
13.472000   71.867106
13.488000   73.092384
13.504000   71.787739
13.520000   70.333787
13.536000   69.825916
13.552000   68.321170
13.568000   65.436440
13.584000   63.676178
13.600000   63.415190
13.616000   64.992217
13.632000   67.751023
13.648000   69.575141
13.664000   70.871034
13.680000   71.760678
13.696000   71.741487
13.712000   70.781239
13.728000   69.515020
13.744000   68.320450
13.760000   67.240169
13.776000   66.173911
13.792000   64.970616
13.808000   64.406523
13.824000   65.673421
13.840000   66.475968
13.856000   65.588380
13.872000   63.769843
13.888000   61.803580
13.904000   62.142078
13.920000   66.450808
13.936000   69.888409
13.952000   70.653284
13.968000   69.932982
13.984000   69.447515
14.000000   69.990426
14.016000   71.081760
14.032000   70.451197
14.048000   68.109551
14.064000   67.877889
14.080000   68.814699
14.096000   68.258352
14.112000   67.895833
14.128000   68.243912
14.144000   68.084210
14.160000   68.563812
14.176000   69.468581
14.192000   69.254127
14.208000   68.684362
14.224000   69.774676
14.240000   71.271424
14.256000   71.824978
14.272000   71.490060
14.288000   70.907393
14.304000   69.669846
14.320000   68.640341
14.336000   69.719049
14.352000   71.750074
14.368000   72.898865
14.384000   72.565866
14.400000   72.585209
14.416000   74.425404
14.432000   74.904876
14.448000   72.912789
14.464000   70.121678
14.480000   68.613685
14.496000   67.106906
14.512000   64.821482
14.528000   62.561316
14.544000   60.590658
14.560000   58.110811
14.576000   56.313414
14.592000   55.170415
14.608000   54.368652
14.624000   55.805152
14.640000   58.069269
14.656000   60.320064
14.672000   63.888897
14.688000   66.002483
14.704000   65.500472
14.720000   63.267629
14.736000   61.877037
14.752000   60.517275
14.768000   58.113549
14.784000   58.411239
14.800000   58.752663
14.816000   57.710961
14.832000   56.776636
14.848000   56.857106
14.864000   58.674136
14.880000   60.686010
14.896000   61.482904
14.912000   61.005846
14.928000   61.087917
14.944000   63.555353
14.960000   65.953613
14.976000   67.823650
14.992000   69.136994
15.008000   69.334973
15.024000   67.976380
15.040000   65.963351
15.056000   64.372293
15.072000   62.632995
15.088000   60.280215
15.104000   56.961988
15.120000   52.911387
15.136000   49.677350
15.152000   47.778880
15.168000   46.392501
15.184000   45.735506
15.200000   45.551003
15.216000   46.261753
15.232000   47.694793
15.248000   48.596468
15.264000   48.801542
15.280000   48.118557
15.296000   46.782594
15.312000   44.862826
15.328000   41.896063
15.344000   39.503760
15.360000   42.219595
15.376000   51.993584
15.392000   59.252705
15.408000   62.524251
15.424000   62.602137
15.440000   60.284029
15.456000   56.388335
15.472000   54.536888
15.488000   54.634902
15.504000   52.938049
15.520000   55.170172
15.536000   64.144155
15.552000   69.308079
15.568000   70.361580
15.584000   68.122394
15.600000   64.856327
15.616000   65.769270
15.632000   67.816610
15.648000   68.333283
15.664000   67.062770
15.680000   64.885327
15.696000   63.995544
15.712000   65.111444
15.728000   66.044118
15.744000   65.609218
15.760000   63.506943
15.776000   59.954587
15.792000   56.583999
15.808000   53.798140
15.824000   51.882619
15.840000   53.514962
15.856000   55.756828
15.872000   57.259655
15.888000   59.496445
15.904000   61.730269
15.920000   63.101067
15.936000   62.210118
15.952000   59.124513
15.968000   57.785801
15.984000   56.710595
16.000000   54.243964
16.016000   54.012549
16.032000   53.637886
16.048000   52.057181
16.064000   50.737547
16.080000   49.883903
16.096000   48.344830
16.112000   46.151809
16.128000   45.533376
16.144000   45.564043
16.160000   44.092539
16.176000   41.574156
16.192000   38.379763
16.208000   34.980077
16.224000   34.163879
16.240000   33.674427
16.256000   33.129499
16.272000   32.658116
16.288000   32.508807
16.304000   33.022440
16.320000   32.582687
16.336000   31.611756
16.352000   30.474067
16.368000   29.388951
16.384000   29.282056
16.400000   28.339667
16.416000   25.304685
16.432000   21.180965
16.448000   17.904279
16.464000   17.737553
16.480000   18.745941
16.496000   18.317297
16.512000   17.843327
16.528000   17.531047
16.544000   17.294781
16.560000   16.592654
16.576000   15.243427
16.592000   13.986159
16.608000   12.936971
16.624000   12.193412
16.640000   11.510046
16.656000   11.083378
16.672000   11.115325
16.688000   11.040332
16.704000   10.719355
16.720000   10.574473
16.736000   10.045371
16.752000   9.528740
16.768000   9.664849
16.784000   10.047619
16.800000   10.290277
16.816000   10.236434
16.832000   10.162766
16.848000   9.984699
16.864000   9.802871
16.880000   9.885536
16.896000   9.826067
16.912000   9.857553
16.928000   10.112248
16.944000   10.180354
16.960000   9.650988
16.976000   9.440219
16.992000   9.837727
17.008000   10.030930
17.024000   9.816280
17.040000   9.635888
17.056000   9.785669
17.072000   10.171614
17.088000   10.253264
17.104000   9.703805
17.120000   9.096874
17.136000   8.955338
17.152000   9.545273
17.168000   10.314958
17.184000   10.809787
17.200000   10.451855
17.216000   9.826860
17.232000   10.167441
17.248000   10.750855
17.264000   10.652336
17.280000   10.187602
17.296000   9.914938
17.312000   9.971396
17.328000   9.833440
17.344000   9.855869
17.360000   10.152854
17.376000   10.297899
17.392000   9.885156
17.408000   9.475586
17.424000   9.689456
17.440000   9.956499
17.456000   9.844644
17.472000   9.438745
17.488000   9.388586
17.504000   9.829874
17.520000   10.436649
17.536000   10.890631
17.552000   10.881246
17.568000   10.343484
17.584000   9.974032
17.600000   10.078438
17.616000   10.152127
17.632000   10.240051
17.648000   10.576144
17.664000   10.457119
17.680000   10.464929
17.696000   10.605338
17.712000   10.402289
17.728000   10.176687
17.744000   10.164563
17.760000   10.144780
17.776000   10.496884
17.792000   10.997823
17.808000   11.097704
17.824000   10.876317
17.840000   10.259129
17.856000   9.837144
17.872000   9.979889
17.888000   10.173727
17.904000   9.931308
17.920000   9.603625
17.936000   9.291329
17.952000   9.497796
17.968000   9.911211
17.984000   9.926898
18.000000   10.165169
18.016000   10.303898
18.032000   10.047667
18.048000   9.991099
18.064000   10.059609
18.080000   10.111244
18.096000   10.087830
18.112000   10.182416
18.128000   10.192597
18.144000   10.119064
18.160000   10.443793
18.176000   10.736716
18.192000   10.456873
18.208000   10.268637
18.224000   10.256279
18.240000   9.944791
18.256000   9.961133
18.272000   10.017451
18.288000   9.750697
