mean: 76.52999212920415 std: 12.01157933126627
0.044291666666665876 10.201708665399575
0.05495833333333254 9.991137561600178
0.06562499999999921 10.169002394524062
0.07629166666666587 10.520823766062776
0.08695833333333255 10.342578485643724
0.09762499999999921 10.062534570173058
0.10829166666666587 10.51669715560229
0.11895833333333256 10.90184591588854
0.1296249999999992 10.790188468454168
0.1402916666666659 10.672976232716598
0.15095833333333256 10.504985733042956
0.1616249999999992 10.40065379060766
0.17229166666666587 11.370957421055934
0.18295833333333256 14.088314859578727
0.19362499999999921 36.90095901507899
0.2042916666666659 52.72130041397335
0.21495833333333256 63.34604117423705
0.22562499999999922 70.4294734559314
0.2362916666666659 74.8964577065278
0.24695833333333256 77.89969283195246
0.25762499999999927 79.6492604567197
0.26829166666666593 79.74041725411125
0.2789583333333326 78.66285472637745
0.28962499999999924 77.14230387080082
0.3002916666666659 75.62453702807143
0.3109583333333326 74.90309529434025
0.3216249999999993 74.72602372221836
0.33229166666666593 74.96912078466818
0.3429583333333326 77.01710447409897
0.35362499999999925 78.68636410599376
0.36429166666666596 78.07292339651548
0.3749583333333326 76.34707002813532
0.3856249999999993 75.8574444456081
0.39629166666666593 76.43502728877107
0.4069583333333326 77.20039991714215
0.4176249999999993 77.74759576944687
0.42829166666666596 78.56661990630965
0.4389583333333326 79.27378475294528
0.4496249999999993 79.1164880418406
0.46029166666666593 78.79829950267711
0.47095833333333265 79.78099432733019
0.4816249999999993 80.7434547905835
0.49229166666666596 80.41486760826116
0.5029583333333326 80.30898246654507
0.5136249999999992 82.06541384508657
0.5242916666666659 83.8042286089788
0.5349583333333326 84.35208758335068
0.5456249999999992 83.72349958238541
0.5562916666666659 82.70475007563698
0.5669583333333326 82.00905993174324
0.5776249999999993 82.17867460127168
0.5882916666666659 83.19610022892923
0.5989583333333326 83.90021159411691
0.6096249999999992 83.76049429062937
0.6202916666666659 83.13246280336696
0.6309583333333326 82.98460635412775
0.6416249999999992 82.88299036714938
0.6522916666666659 81.82548807677419
0.6629583333333325 79.75661823318488
0.6736249999999993 77.63641523289957
0.684291666666666 76.07464001677421
0.6949583333333326 74.70290335865376
0.7056249999999993 73.79480102772912
0.7162916666666659 73.55074143835625
0.7269583333333326 73.02787495348689
0.7376249999999993 72.07813487542658
0.7482916666666659 71.27920302437425
0.7589583333333326 70.33089850542024
0.7696249999999992 68.72758300549978
0.7802916666666659 67.22347215017392
0.7909583333333327 66.70641690297826
0.8016249999999993 66.40924055921501
0.812291666666666 66.2872688934708
0.8229583333333326 66.38902027152807
0.8336249999999993 66.04317654960948
0.844291666666666 64.98388130941932
0.8549583333333326 63.297498058269746
0.8656249999999993 67.65711461797346
0.8762916666666659 74.69746518241178
0.8869583333333326 78.91167847761072
0.8976249999999993 81.2415635257668
0.9082916666666659 82.3166714414517
0.9189583333333327 81.80331168801992
0.9296249999999993 80.80336760253832
0.940291666666666 80.16093966906527
0.9509583333333326 78.66185428944956
0.9616249999999993 77.46161339120044
0.972291666666666 77.29929010097223
0.9829583333333326 77.76789549196086
0.9936249999999993 78.22958626652174
1.004291666666666 78.098292740606
1.0149583333333327 77.64766304418336
1.0256249999999993 77.10603885579803
1.036291666666666 76.23842621277183
1.0469583333333328 74.08280696015834
1.0576249999999994 74.07624458127815
1.068291666666666 76.776632073275
1.0789583333333328 77.56972276100831
1.0896249999999994 76.51015968413984
1.100291666666666 74.86357889872838
1.1109583333333328 72.83490605078472
1.1216249999999994 71.80487974622851
1.132291666666666 72.42578896510304
1.1429583333333329 74.4867058960885
1.1536249999999995 76.70739673876783
1.164291666666666 78.23738672585722
1.1749583333333327 79.33362613987575
1.1856249999999995 79.05634332856582
1.196291666666666 78.14460898611455
1.2069583333333327 77.61183097193694
1.2176249999999995 76.04221951011242
1.2282916666666661 73.76888441772711
1.2389583333333327 72.39688232197761
1.2496249999999995 71.398514459316
1.2602916666666661 70.85312555361911
1.2709583333333327 72.5576216404691
1.2816249999999993 74.21714423359697
1.2922916666666662 74.44989254251331
1.3029583333333328 73.96961650055032
1.3136249999999994 72.91697843028874
1.3242916666666662 70.92598535202217
1.3349583333333328 68.63248759747557
1.3456249999999994 67.12914193372026
1.3562916666666662 66.25787151414896
1.3669583333333328 67.47291861597047
1.3776249999999994 70.42349083298782
1.388291666666666 72.78459085634387
1.3989583333333329 73.97273184037911
1.4096249999999995 74.17595077664011
1.420291666666666 74.29878367967467
1.4309583333333329 75.21662971481146
1.4416249999999995 75.07298012228718
1.452291666666666 73.53022183742038
1.4629583333333327 73.00319865430846
1.4736249999999995 74.15272539143653
1.4842916666666661 74.53241512911343
1.4949583333333327 73.88314426946619
1.5056249999999995 73.37376072075517
1.5162916666666661 71.63769919650731
1.5269583333333328 68.76105998527667
1.5376249999999996 66.96391015889434
1.5482916666666662 65.18371887749485
1.5589583333333328 62.68657721851564
1.5696249999999994 60.61160586229423
1.5802916666666662 58.8321523361807
1.5909583333333328 59.18798649131577
1.6016249999999994 61.87641374779898
1.6122916666666662 63.524647237291035
1.6229583333333328 62.866401807586314
1.6336249999999994 61.978792013268105
1.6442916666666663 62.80968217106739
1.6549583333333329 64.05328604576441
1.6656249999999995 65.02373046688086
1.676291666666666 68.67081879273746
1.686958333333333 73.53423888144454
1.6976249999999995 76.4536574622991
1.708291666666666 77.37499195454717
1.718958333333333 78.09774141429331
1.7296249999999995 78.85933389820747
1.7402916666666661 78.45755428154071
1.750958333333333 76.61042704914439
1.7616249999999996 73.61110301037837
1.7722916666666662 70.65446318813397
1.7829583333333328 69.03987945524038
1.7936249999999996 68.48964201296556
1.8042916666666662 68.55076067046967
1.8149583333333328 70.07157236011993
1.8256249999999996 71.44416080352332
1.8362916666666662 72.52394286260424
1.8469583333333328 73.8186443817999
1.8576249999999994 74.03915314921161
1.8682916666666662 73.5868312067631
1.8789583333333328 75.10235073071519
1.8896249999999994 76.08630678241083
1.9002916666666663 74.70850788513272
1.9109583333333329 72.19230991328965
1.9216249999999995 70.09811801996388
1.9322916666666663 68.52636947080032
1.942958333333333 67.3071523342895
1.9536249999999995 66.02232555956633
1.964291666666666 63.73303532772109
1.974958333333333 62.18227674394711
1.9856249999999995 65.43327041465358
1.9962916666666661 69.94936241148127
2.006958333333333 73.0120894621544
2.0176249999999993 75.1728578258884
2.028291666666666 76.65857934099878
2.038958333333333 77.21712485717663
2.0496249999999994 76.71691132478803
2.060291666666666 74.94644787933458
2.0709583333333326 73.78330699375306
2.0816249999999994 74.48297230391326
2.0922916666666658 74.938957537895
2.1029583333333326 74.24073836316504
2.1136249999999994 73.14071559968896
2.124291666666666 73.31671290255903
2.1349583333333326 73.54830720745711
2.1456249999999994 72.03485273258993
2.156291666666666 71.23749521185152
2.1669583333333327 73.33628077042113
2.1776249999999995 74.21282480047223
2.188291666666666 73.69913304114147
2.1989583333333327 73.92599573383524
2.2096249999999995 74.98512013313956
2.220291666666666 76.46540535466059
2.2309583333333327 77.54587836607291
2.2416249999999995 77.09864009990775
2.252291666666666 75.06410819699195
2.2629583333333327 73.67716950533848
2.2736249999999996 74.19322837365573
2.284291666666666 75.32913240990247
2.2949583333333328 75.77023219755198
2.305624999999999 74.56865529359438
2.316291666666666 73.87504924719512
2.326958333333333 74.631875757557
2.337624999999999 75.0066529388164
2.348291666666666 75.25245424759244
2.358958333333333 76.73381236191224
2.369624999999999 79.30084961444176
2.380291666666666 81.81921322001261
2.390958333333333 83.60326813958179
2.4016249999999992 84.4192923663894
2.412291666666666 84.34806801558402
2.422958333333333 84.07929011130037
2.4336249999999993 84.17324975443003
2.444291666666666 84.45513221100823
2.454958333333333 84.21972420928404
2.4656249999999993 82.92127299722077
2.476291666666666 80.80644121495128
2.4869583333333325 78.18151039642616
2.4976249999999993 75.56218513825046
2.508291666666666 74.64138143320866
2.5189583333333325 73.71881063392694
2.5296249999999993 72.08424688292348
2.540291666666666 71.06770897121925
2.5509583333333326 70.8931413647525
2.5616249999999994 70.26169740618951
2.572291666666666 68.43623874476249
2.5829583333333326 66.03723805956149
2.5936249999999994 65.92984203794033
2.6042916666666662 69.07983620300672
2.6149583333333326 73.09158150593095
2.6256249999999994 76.58774818988323
2.6362916666666663 79.13554669514673
2.6469583333333326 80.86615032078942
2.6576249999999995 81.81772215205493
2.6682916666666663 82.22245963300392
2.6789583333333327 82.01604714929951
2.6896249999999995 81.29710317378678
2.700291666666666 80.73206855451325
2.7109583333333327 79.68100017177241
2.7216249999999995 77.91243680654178
2.732291666666666 76.48728850127553
2.7429583333333327 75.63034057268285
2.7536249999999995 74.8167311641218
2.764291666666666 74.34439683027861
2.7749583333333327 74.03765866257648
2.7856249999999996 73.21358507603067
2.796291666666666 71.73857260777291
2.8069583333333328 70.28977597700332
2.8176249999999996 68.94059598559832
2.828291666666666 67.23595010888916
2.838958333333333 66.32360349179666
2.8496249999999996 68.23645366442668
2.860291666666666 70.92767673645032
2.870958333333333 72.21294744862
2.881624999999999 71.68492135528254
2.892291666666666 69.09200400375994
2.902958333333333 65.80078730047578
2.9136249999999992 65.34975561951474
2.924291666666666 66.44318425324117
2.934958333333333 66.48304436130599
2.9456249999999993 65.15269122770982
2.956291666666666 63.14772848542107
2.966958333333333 60.90917949721448
2.9776249999999993 59.356721789312346
2.988291666666666 58.791593549812845
2.998958333333333 58.50893318516546
3.0096249999999993 58.163651924380304
3.020291666666666 57.09377765456708
3.030958333333333 56.19550266751877
3.0416249999999994 56.079904635192435
3.052291666666666 55.551945956721134
3.062958333333333 54.80998040408794
3.0736249999999994 56.31174017475888
3.084291666666666 64.10222239973542
3.0949583333333326 72.40037271749476
3.1056249999999994 77.70876539731066
3.1162916666666662 79.82632635685277
3.1269583333333326 79.72506436347446
3.1376249999999994 79.4975194707566
3.1482916666666663 79.98233718004688
3.1589583333333326 80.61402975805919
3.1696249999999995 80.67996953809853
3.1802916666666663 79.42647825047773
3.1909583333333327 78.2492826644076
3.2016249999999995 78.84895010027996
3.2122916666666663 79.96645351643627
3.2229583333333327 81.43166146178906
3.2336249999999995 82.32416082333911
3.2442916666666664 82.37669640371024
3.2549583333333327 82.21167721480293
3.2656249999999996 82.12600650642885
3.276291666666666 81.56008645482964
3.2869583333333328 79.7746210708055
3.2976249999999996 77.2126857159188
3.308291666666666 74.74010490689585
3.318958333333333 72.79603010232374
3.3296249999999996 71.25933116364347
3.340291666666666 70.77785642831711
3.350958333333333 71.83506040735855
3.3616249999999996 72.17366558667005
3.372291666666666 71.01305232849172
3.382958333333333 68.7821561303827
3.3936249999999997 66.28119587482621
3.404291666666666 64.62583316071353
3.414958333333333 66.91796336519205
3.4256249999999997 71.05214017866511
3.436291666666666 73.53921644377911
3.446958333333333 75.19302197404704
3.4576249999999997 77.14615974260015
3.468291666666666 78.32682785913578
3.478958333333333 77.8211197688117
3.4896249999999993 77.23842775189317
3.500291666666666 77.64554624288402
3.510958333333333 76.62698506976483
3.5216249999999993 74.34195022861641
3.532291666666666 72.74070053904452
3.542958333333333 72.04541320445644
3.5536249999999994 71.2734940216201
3.564291666666666 70.12167557110186
3.574958333333333 69.66815044427518
3.5856249999999994 69.12657591383416
3.596291666666666 68.41695443476408
3.606958333333333 69.46269662180765
3.6176249999999994 71.77130822673135
3.6282916666666662 73.18594617452008
3.638958333333333 73.94233229150566
3.6496249999999995 73.74107071158687
3.6602916666666663 72.18932249458234
3.6709583333333327 71.93619220945591
3.6816249999999995 72.9213558942163
3.6922916666666663 72.95280929833325
3.7029583333333327 72.20917837610475
3.7136249999999995 71.2755095945052
3.7242916666666663 70.05980385370324
3.7349583333333327 68.11763035873287
3.7456249999999995 66.56920294969426
3.7562916666666664 66.02774830182409
3.7669583333333327 65.56543912344972
3.7776249999999996 64.97050829298377
3.7882916666666664 64.68845083455257
3.7989583333333328 64.10659235118104
3.8096249999999996 62.51181085602533
3.8202916666666664 60.31619857222934
3.830958333333333 58.609685577524864
3.8416249999999996 58.75180676185134
3.852291666666666 59.047068560256186
3.862958333333333 58.373189481775725
3.8736249999999997 59.61337427644552
3.884291666666666 67.96843575694476
3.894958333333333 74.3748955318162
3.9056249999999997 77.42377838333329
3.916291666666666 78.97589408720086
3.926958333333333 79.60783389560264
3.9376249999999997 79.03663797269802
3.948291666666666 77.0648145758258
3.958958333333333 73.3982883543188
3.9696249999999997 70.01736599933363
3.980291666666666 67.59908694810332
3.990958333333333 64.96088063609952
4.001625 62.884048852886146
4.012291666666666 61.04119458854839
4.022958333333333 59.43354890802385
4.033625 57.95342396192005
4.044291666666667 56.49702418098498
4.054958333333333 55.980868750769986
4.065625 55.81299384760098
4.076291666666667 55.29286005771307
4.0869583333333335 55.35387326742772
4.097625 55.32521208197786
4.108291666666667 53.85448441535235
4.1189583333333335 52.987854353395754
4.129625 53.86845903627982
4.140291666666666 54.141783356830864
4.1509583333333335 54.20034682800116
4.161625 54.08572110945937
4.172291666666666 54.23321552586904
4.182958333333334 54.52089356009306
4.193625 53.669058114929456
4.204291666666666 52.68607800268157
4.214958333333334 52.300668669710824
4.225625 51.28253933882991
4.236291666666666 50.04279473294092
4.246958333333334 49.09384626201144
4.257625 48.48228649617538
4.268291666666666 48.24397506340273
4.278958333333334 47.63980729104502
4.289625 47.973843601347994
4.300291666666666 49.396354943044926
4.310958333333334 49.16456821280585
4.321625 47.23852112817543
4.332291666666666 46.35630719293413
4.342958333333334 45.986827275167535
4.353625 45.76731488801055
4.3642916666666665 46.593980959677396
4.374958333333334 47.759545385395796
4.385625 49.129937280643276
4.3962916666666665 49.339409932165516
4.406958333333334 47.86070148214091
4.417625 47.51972348643008
4.4282916666666665 48.69621052490069
4.438958333333334 56.44615671438061
4.449625 66.95033515632795
4.4602916666666665 73.65267858704672
4.470958333333334 77.50231793486105
4.481625 79.38595768707816
4.492291666666667 79.90866535426281
4.502958333333334 79.06119799015359
4.513625 76.84871496520114
4.524291666666667 74.54858937130066
4.534958333333333 73.37911131385661
4.545625 72.51330822361571
4.556291666666667 70.47235187214206
4.566958333333333 67.92569402066589
4.577625 67.82308266914535
4.588291666666667 71.67444662648334
4.598958333333333 75.05333375561328
4.609625 76.88495535638275
4.620291666666667 77.92732969613739
4.630958333333333 78.52488664978927
4.641625 78.05114022145158
4.652291666666667 76.606004366895
4.662958333333333 75.82866834966356
4.673625 76.68862601695159
4.684291666666667 77.74054094447499
4.694958333333333 77.94305064180766
4.705625 76.96906855122077
4.716291666666667 76.17026924387127
4.726958333333333 77.14405121159646
4.737625 78.1070436680926
4.748291666666667 78.76465564881843
4.758958333333333 78.51148238649502
4.7696250000000004 77.06449186680346
4.780291666666667 75.19309056915408
4.790958333333333 73.23956517059526
4.8016250000000005 74.13279122708866
4.812291666666667 77.71060248240099
4.822958333333333 80.16363755760915
4.8336250000000005 80.96463460772549
4.844291666666667 80.22282178349496
4.854958333333333 78.6842081940547
4.8656250000000005 77.80066574716838
4.876291666666667 77.96416485527538
4.886958333333333 77.88311440444954
4.897625000000001 76.07968019240045
4.908291666666667 74.65641233914826
4.918958333333333 75.4893682427342
4.929625 75.21725310956923
4.940291666666667 73.77555734650113
4.950958333333333 72.70495214156158
4.961625 72.20494151306536
4.972291666666667 72.37052590733822
4.982958333333333 72.22455056191083
4.993625 72.39232883913763
5.004291666666667 73.79195743438078
5.014958333333333 75.12091548944574
5.025625 76.09684349606809
5.036291666666667 75.95777689221066
5.046958333333333 75.22758487274746
5.057625 74.7426123853786
5.068291666666667 73.53060027439251
5.0789583333333335 73.17127178585358
5.089625 72.24461746129828
5.100291666666667 69.75457841557535
5.1109583333333335 69.3782809404467
5.121625 70.51979694640801
5.132291666666667 72.0423403741614
5.1429583333333335 73.62449612959597
5.153625 75.13807527065894
5.164291666666667 75.61059236405276
5.1749583333333335 75.06308909678367
5.185625 75.26232352838475
5.196291666666667 75.83946521461638
5.206958333333334 74.75700901438
5.217625 71.85095155912366
5.228291666666667 69.45348168031536
5.238958333333334 69.34324997496327
5.249625 71.22432401895183
5.260291666666667 71.64724375713382
5.270958333333334 69.302228105116
5.281625 67.21910944524171
5.292291666666667 66.51341588993043
5.302958333333334 65.58518614128418
5.313625 67.26751156993072
5.324291666666666 71.60530228614574
5.334958333333334 76.37956430385485
5.345625 79.65626177321775
5.3562916666666665 80.53812670894612
5.366958333333334 81.55634003612661
5.377625 83.89653491444636
5.3882916666666665 84.31092328264538
5.398958333333334 82.84089723034097
5.409625 81.35243109059476
5.4202916666666665 81.74114818361707
5.430958333333334 82.14638165466121
5.441625 80.45240719559445
5.4522916666666665 78.61504055370385
5.462958333333334 78.89455123121644
5.473625 78.99902591335636
5.484291666666667 77.93796625192248
5.494958333333334 76.45791496526505
5.505625 75.56115852893117
5.516291666666667 75.93820542109984
5.526958333333334 76.44672810933757
5.537625 76.7457222115584
5.548291666666667 77.16583131831112
5.558958333333334 77.0210987713139
5.569625 75.91854122633237
5.580291666666667 74.08703153896005
5.590958333333334 72.06588179233508
5.601625 71.03485190602237
5.612291666666667 70.25392783476383
5.622958333333334 69.55840380759369
5.633625 70.19362337507775
5.644291666666667 71.16557439854506
5.654958333333334 70.75959481424383
5.665625 68.47248168306882
5.676291666666667 65.92632299479848
5.686958333333334 64.00481251802246
5.697625 62.06223572403833
5.708291666666667 61.63509916043778
5.718958333333333 63.33748689589321
5.729625 65.73892989542986
5.740291666666667 68.30529336987314
5.750958333333333 71.98738401906684
5.761625 75.33409023430349
5.772291666666667 77.47378095434603
5.782958333333333 78.74629110251449
5.7936250000000005 79.27178125853558
5.804291666666667 78.87950876186164
5.814958333333333 77.49796050545173
5.8256250000000005 75.04836900855929
5.836291666666667 71.6548027820029
5.846958333333333 69.63401783873445
5.8576250000000005 74.16348728779668
5.868291666666667 78.90362625133497
5.878958333333333 81.64481739797256
5.8896250000000006 82.82597782437085
5.900291666666667 83.84929597130255
5.910958333333333 85.06083568441659
5.921625000000001 85.21044392538917
5.932291666666667 84.74919176929146
5.942958333333333 84.06425806131693
5.953625000000001 82.46530708828217
5.964291666666667 80.02790523542035
5.974958333333333 77.91358086794511
5.985625000000001 76.17188370582312
5.996291666666667 74.07873055761716
6.006958333333333 72.96659913970582
6.017625000000001 73.23484197340017
6.028291666666667 74.18607837335706
6.038958333333333 74.91753409304822
6.049625000000001 73.55561134688092
6.060291666666667 71.04768353896708
6.0709583333333335 68.8564791532938
6.081625000000001 66.12295811517468
6.092291666666667 64.49805442201036
6.1029583333333335 64.23635394945751
6.113625 67.24768729232667
6.124291666666667 73.18873485476603
6.1349583333333335 78.44383293768703
6.145625 81.87541209523835
6.156291666666667 83.6780684098899
6.1669583333333335 84.20603952958129
6.177625 83.37444606671727
6.188291666666667 82.25071252520672
6.198958333333334 81.8999155957683
6.209625 81.22239557103981
6.220291666666667 80.19890332222155
6.230958333333334 79.46960913061197
6.241625 78.91545801998818
6.252291666666667 78.12335638894099
6.262958333333334 78.172878898648
6.273625 78.31978908836084
6.284291666666667 77.2825372789861
6.294958333333334 75.71933728689498
6.305625 76.36581550050872
6.316291666666667 77.95849472857897
6.326958333333334 78.9003191798765
6.337625 78.88843438040573
6.348291666666667 78.92048379727059
6.358958333333334 80.58303446687262
6.369625 81.96917201038717
6.380291666666667 81.93109801871066
6.390958333333334 80.81612683985261
6.401625 79.34801342532778
6.412291666666667 78.07309889612804
6.422958333333334 76.47290076757548
6.433625 76.31194162022761
6.444291666666667 76.9065507101926
6.454958333333334 77.34353657209161
6.465625 77.70310499437605
6.4762916666666674 77.4233931324015
6.486958333333334 76.41399338079174
6.497625 74.78937924777586
6.508291666666667 72.53774893228164
6.518958333333334 69.82181362210356
6.529625 67.91123829583238
6.540291666666667 68.08893418382014
6.550958333333334 68.81581248508871
6.561625 69.50740899881404
6.572291666666667 69.16901272962717
6.582958333333334 67.59782309977147
6.593625 66.12669910472245
6.604291666666667 65.46350269863554
6.614958333333334 64.53123246858388
6.625625 63.90519319134495
6.636291666666667 64.60689552899458
6.646958333333334 64.65064882624405
6.657625 63.31848321659059
6.668291666666667 62.42645243961623
6.678958333333334 62.277709566859
6.689625 62.87381210949447
6.700291666666667 65.33912146591442
6.710958333333334 70.35459919007435
6.721625 75.21586610083376
6.732291666666667 78.55284142746106
6.742958333333334 79.76674788766809
6.753625 79.28179965103243
6.764291666666667 78.77507727030037
6.774958333333334 78.99163605187051
6.7856250000000005 78.74841878780785
6.796291666666667 78.0194472130138
6.806958333333334 77.73730692558594
6.8176250000000005 77.37825204058802
6.828291666666667 76.33868683408052
6.838958333333334 75.15861413959767
6.8496250000000005 73.61752079166038
6.860291666666667 71.5163317322904
6.870958333333334 69.98269976271618
6.8816250000000005 68.26413938510194
6.892291666666667 67.10870180582079
6.902958333333333 69.53339118362949
6.913625000000001 72.72769300349208
6.924291666666667 75.82113684578552
6.934958333333333 78.83533888170146
6.945625000000001 80.34783512195102
6.956291666666667 80.66060565318995
6.966958333333333 81.89548969110658
6.977625000000001 83.44821255371023
6.988291666666667 83.53938681255212
6.998958333333333 82.31288534519058
7.009625000000001 80.89342223166372
7.020291666666667 80.07795206800023
7.030958333333333 80.14409121427938
7.041625000000001 80.81690889172704
7.052291666666667 81.29410129518332
7.0629583333333334 80.79489951474903
7.073625000000001 78.9061253721961
7.084291666666667 76.35494210803108
7.0949583333333335 75.59793799282006
7.105625000000001 76.27207824478592
7.116291666666667 76.03092580309537
7.1269583333333335 75.02474719388128
7.137625000000001 74.90986242051841
7.148291666666667 75.3819593432618
7.1589583333333335 74.42520638712536
7.169625000000001 72.93585943727126
7.180291666666667 72.73742950304094
7.190958333333334 71.95959597760074
7.201625000000001 70.50415892696466
7.212291666666667 70.50610985106377
7.222958333333334 72.8156543344255
7.233625000000001 75.56024592200005
7.244291666666667 76.83427931327203
7.254958333333334 77.50752794990787
7.265625 78.25318100980195
7.276291666666667 77.56623795541225
7.286958333333334 76.1174012769557
7.297625 76.38910005728857
7.308291666666667 77.21712505561823
7.318958333333334 77.89705955241496
7.329625 77.96911245351096
7.340291666666667 77.03756200582247
7.350958333333334 75.78157160017922
7.361625 74.81597039936557
7.372291666666667 73.94957221933569
7.382958333333334 73.09221791092335
7.393625 72.36458675841556
7.404291666666667 71.40288282311597
7.414958333333334 70.53243582899454
7.425625 70.90564504485708
7.436291666666667 70.89136413675679
7.446958333333334 69.47903996034553
7.457625 67.47383592356816
7.468291666666667 66.54417371499642
7.478958333333334 69.73035841685358
7.489625 74.5426423833947
7.5002916666666675 78.34660344920502
7.510958333333334 80.93796103514987
7.521625 81.91705178431104
7.5322916666666675 81.55537188788672
7.542958333333334 81.3059294201818
7.553625 81.35345753972823
7.5642916666666675 80.71789558623139
7.574958333333334 79.49659090547904
7.585625 78.56142799678166
7.5962916666666676 78.15730057131518
7.606958333333334 77.23614812090017
7.617625 75.81892688905857
7.628291666666668 74.29058218883002
7.638958333333334 72.4284362154843
7.649625 71.0759235139986
7.660291666666667 71.16766327892182
7.670958333333334 71.28605270935824
7.681625 69.80692676869967
7.692291666666667 68.19009010187807
7.702958333333334 68.18057266224146
7.713625 67.27932341212622
7.724291666666667 65.52814838024219
7.734958333333334 65.36544328854038
7.745625 65.6784503928846
7.756291666666667 64.68550930383232
7.766958333333334 62.97394040193648
7.7776250000000005 61.637311178454794
7.788291666666667 61.43333591045456
7.798958333333334 61.56404736960162
7.8096250000000005 60.510165321310545
7.820291666666667 58.74218121438724
7.830958333333334 58.246047340149964
7.8416250000000005 61.51225582425874
7.852291666666667 64.94728139000946
7.862958333333334 64.94448558099597
7.8736250000000005 61.39366962683974
7.884291666666667 56.961831318966595
7.894958333333334 55.23177035505641
7.905625000000001 56.22398318857045
7.916291666666667 56.54985957374028
7.926958333333334 55.3130648069483
7.937625000000001 52.887135503248494
7.948291666666667 51.620305294125274
7.958958333333334 51.83856082155211
7.969625000000001 51.73437827003081
7.980291666666667 52.62156609255924
7.990958333333334 52.983308849941764
8.001625 51.32800727209801
8.012291666666666 49.71436371868804
8.022958333333333 49.62844767157259
8.033625 50.59996582781289
8.044291666666668 51.56610043061847
8.054958333333333 51.45247509236074
8.065625 52.11153280875998
8.076291666666668 51.838720126021485
8.086958333333333 49.89417877348699
8.097625 49.00523566634795
8.108291666666668 48.64114125785413
8.118958333333333 47.992211320850195
8.129625 46.49499666880408
8.140291666666668 45.43983191032431
8.150958333333334 46.8477847604817
8.161625 48.565319577457885
8.172291666666668 49.06490996779843
8.182958333333334 49.3409701556541
8.193625 50.3168061565469
8.204291666666668 60.058515135888356
8.214958333333334 69.32991371296545
8.225625 75.06859273357395
8.236291666666666 78.92582330300186
8.246958333333334 82.35597676977417
8.257625 84.48778904280219
8.268291666666666 84.67323547146295
8.278958333333334 84.07029787129966
8.289625000000001 83.47081222695135
8.300291666666666 82.164178325927
8.310958333333334 80.25297098358556
8.321625000000001 78.66718963035197
8.332291666666666 78.1979665885208
8.342958333333334 77.64026760963941
8.353625000000001 76.63858068663049
8.364291666666666 75.55839394967994
8.374958333333334 74.59057275120819
8.385625000000001 73.41031179890093
8.396291666666666 73.85570683802423
8.406958333333334 77.59528122719158
8.417625000000001 80.99983383658078
8.428291666666667 83.31987586391395
8.438958333333334 84.63938575068391
8.449625000000001 85.27249581355889
8.460291666666667 85.57882437249675
8.470958333333334 85.45755716041921
8.481625000000001 84.82036443230274
8.492291666666667 84.30326254093217
8.502958333333334 84.59279245387258
8.513625000000001 85.51278834800323
8.524291666666667 86.06922231203495
8.534958333333334 86.03464035072835
8.545625000000001 85.6017761630887
8.556291666666667 84.92587865222829
8.566958333333334 83.85775463810461
8.577625000000001 82.18909215454035
8.588291666666667 80.5754273474509
8.598958333333334 80.36740808533773
8.609625000000001 81.14244276160078
8.620291666666667 81.12113905395661
8.630958333333334 80.06138272834872
8.641625000000001 79.11994420917526
8.652291666666667 79.27015686107367
8.662958333333334 80.88729172531077
8.673625000000001 82.12154439542003
8.684291666666667 82.0883815472879
8.694958333333334 81.55628768212287
8.705625000000001 81.09031042372786
8.716291666666667 80.67032107106151
8.726958333333334 79.71561917412428
8.737625000000001 78.9784518792134
8.748291666666667 79.37228236369246
8.758958333333334 79.40545688292494
8.769625000000001 78.43081949364836
8.780291666666667 76.62941916700045
8.790958333333334 75.30173663820017
8.801625000000001 74.60744675019444
8.812291666666667 73.79214079336839
8.822958333333334 73.20180043452729
8.833625000000001 72.50792152291318
8.844291666666667 71.40110320136479
8.854958333333334 71.42250370359311
8.865625000000001 73.42828316151116
8.876291666666667 76.2094866255407
8.886958333333334 79.74648606694723
8.897625000000001 83.204075181372
8.908291666666667 84.68555119019307
8.918958333333334 84.23115182524496
8.929625000000001 83.53040821853398
8.940291666666667 83.05948907453475
8.950958333333334 81.76972664996528
8.961625000000002 80.1486938681673
8.972291666666667 79.13852749184927
8.982958333333334 77.9471642899131
8.993625000000002 76.50033304572152
9.004291666666667 74.92534487881584
9.014958333333334 73.62523379827739
9.025625 72.82342817172082
9.036291666666667 72.74605667398237
9.046958333333334 72.5256314502072
9.057625 71.7660930552424
9.068291666666667 70.98755688236562
9.078958333333334 71.12520401585266
9.089625 71.26090077155904
9.100291666666667 69.39129501803743
9.110958333333334 66.26778075268064
9.121625 64.49390249215665
9.132291666666667 65.47358175464507
9.142958333333334 69.11757516972779
9.153625 72.93647216495329
9.164291666666667 75.84685896623978
9.174958333333334 78.66697826544835
9.185625 81.446870588177
9.196291666666667 82.8584469258484
9.206958333333334 83.28279374070075
9.217625 83.44901961828046
9.228291666666667 82.97098223457171
9.238958333333334 81.63961846315827
9.249625 79.58081535874142
9.260291666666667 76.79118372848882
9.270958333333335 74.90132471208845
9.281625 75.05396539381888
9.292291666666667 75.95376945964107
9.302958333333335 76.27550825064681
9.313625 75.46511574359441
9.324291666666667 74.55669955991333
9.334958333333335 74.29839815978667
9.345625 73.12164520758421
9.356291666666667 70.95873492305901
9.366958333333335 69.6862848539172
9.377625 70.83061332034553
9.388291666666667 72.63083774946796
9.398958333333335 72.98726167961583
9.409625 72.3629392674732
9.420291666666667 72.55916542213298
9.430958333333335 73.72468207323357
9.441625 74.278501134015
9.452291666666667 74.1360845361847
9.462958333333335 74.97553134789263
9.473625 75.84119808601477
9.484291666666667 75.21150484306075
9.494958333333335 72.54489648614872
9.505625 68.30642579171227
9.516291666666667 66.19651980823201
9.526958333333335 66.45382468382518
9.537625 65.46931570806875
9.548291666666668 63.29765836666521
9.558958333333335 64.97404100770736
9.569625 70.43990393002312
9.580291666666668 73.58162217260796
9.590958333333335 73.93675312686578
9.601625 73.11202820142712
9.612291666666668 72.76953184722483
9.622958333333335 72.60192364451495
9.633625 72.64751024337608
9.644291666666668 72.98421380353533
9.654958333333335 72.83280225204713
9.665625 71.82150859772541
9.676291666666668 73.82397269420576
9.686958333333335 76.35934564409976
9.697625 77.6626587177792
9.708291666666668 78.94917773301205
9.718958333333335 80.1932010511224
9.729625 81.04381891504875
9.740291666666668 82.06810853880322
9.750958333333335 82.5654381230353
9.761625 82.27827520698453
9.772291666666668 83.17200062543029
9.782958333333335 83.92700609277641
9.793625 83.49331302894329
9.804291666666668 82.85064362548621
9.814958333333333 81.91263543215084
9.825625 80.99656584799298
9.836291666666668 79.7957786211513
9.846958333333333 78.5266297066754
9.857625 78.13853059990726
9.868291666666668 77.59769795945492
9.878958333333333 77.22462281309072
9.889625 77.8341774149152
9.900291666666668 77.83990290321246
9.910958333333333 76.10106541902503
9.921625 73.88121168755511
9.932291666666668 73.49731228154764
9.942958333333333 73.07600124256635
9.953625 71.53478415642589
9.964291666666668 69.78499794698809
9.974958333333333 68.2478734244342
9.985625 67.15541357370795
9.996291666666668 66.95293454498697
10.006958333333333 66.52946090818403
10.017625 64.81643520283774
10.028291666666668 62.60320195882702
10.038958333333333 61.568159064974004
10.049625 61.125298235061685
10.060291666666668 60.21721253669331
10.070958333333333 59.277603366148085
10.081625 58.7729934419048
10.092291666666668 58.53652521069401
10.102958333333333 58.108561740714144
10.113625 57.20187831368281
10.124291666666668 57.149150138173106
10.134958333333334 58.25685347915695
10.145625 58.081439997891096
10.156291666666668 56.42449937191372
10.166958333333334 56.23082718038495
10.177625 56.757981824453154
10.188291666666668 56.33788606473821
10.198958333333334 54.64414564648237
10.209625 53.05840339358599
10.220291666666668 55.10062492617125
10.230958333333334 56.524988826733555
10.241625 55.76910783478197
10.252291666666668 55.2096597750447
10.262958333333334 54.88760194179487
10.273625000000001 60.732267217055664
10.284291666666668 68.93707906464027
10.294958333333334 73.35847712873635
10.305625000000001 74.4977790643823
10.316291666666668 74.33317879061975
10.326958333333334 74.62554539419318
10.337625000000001 74.57310634014968
10.348291666666668 73.39809261966258
10.358958333333334 71.48437631830926
10.369625000000001 69.1559018172905
10.380291666666668 66.8972544356345
10.390958333333334 64.89024398833716
10.401625000000001 63.32985474987151
10.412291666666668 62.04456753479181
10.422958333333334 61.777858417383946
10.433625000000001 61.4101547342819
10.444291666666668 60.19565421905918
10.454958333333334 59.56177063528646
10.465625000000001 59.54750278139129
10.476291666666668 59.90774994550743
10.486958333333334 60.10309889313039
10.497625000000001 59.001390550981085
10.508291666666668 57.23063114043221
10.518958333333334 56.948804441346496
10.529625000000001 58.34034103572282
10.540291666666668 64.25195413119704
10.550958333333334 70.970264826993
10.561625000000001 74.31572237238703
10.572291666666668 74.14114668649
10.582958333333334 71.31581392291233
10.593625000000001 68.38260550522995
10.604291666666667 67.74351264066026
10.614958333333334 67.9420361653035
10.625625000000001 67.69298010281088
10.636291666666667 70.09008570236352
10.646958333333334 74.42186356563488
10.657625000000001 77.54893551226276
10.668291666666667 78.9228430951198
10.678958333333334 79.00789680178428
10.689625000000001 78.12527797664367
10.700291666666667 75.72360819754637
10.710958333333334 72.77521009556911
10.721625000000001 70.8711442301534
10.732291666666667 68.95103222108295
10.742958333333334 67.48159754296813
10.753625000000001 68.00879112292742
10.764291666666667 68.15303207128005
10.774958333333334 66.44945170896793
10.785625000000001 64.46570529551148
10.796291666666667 62.87133062580756
10.806958333333334 61.77911533260293
10.817625000000001 62.67338335646498
10.828291666666667 65.86860412207548
10.838958333333334 68.82636007703437
10.849625000000001 69.78038870459454
10.860291666666667 69.34849851966607
10.870958333333334 69.20756310138765
10.881625000000001 69.55835883239203
10.892291666666667 68.68623488947945
10.902958333333334 67.04174851367718
10.913625000000001 66.42265716680913
10.924291666666667 65.81954716519456
10.934958333333334 64.30806225857779
10.945625000000001 62.77154840671595
10.956291666666667 61.84811788901591
10.966958333333334 60.61930025575572
10.977625000000002 59.05956151445213
10.988291666666667 58.04377614707641
10.998958333333334 57.192694709686776
11.009625000000002 56.179248981109176
11.020291666666667 54.932073258695524
11.030958333333334 54.6707165513745
11.041625000000002 54.61598484759097
11.052291666666667 53.874077441770716
11.062958333333334 53.38373103344758
11.073625000000002 53.43024417147493
11.084291666666667 54.100391203351386
11.094958333333334 54.479730967558226
11.105625000000002 53.54240166547122
11.116291666666667 51.44811199823229
11.126958333333334 49.813862359322194
11.137625000000002 49.911313642416665
11.148291666666667 51.818862849342906
11.158958333333334 51.869903600092435
11.169625000000002 50.91732460824625
11.180291666666667 50.25947884408236
11.190958333333334 50.08365105001473
11.201625000000002 51.66676498983297
11.212291666666667 51.12535797215752
11.222958333333334 48.96482142903097
11.233625000000002 48.651888390832376
11.244291666666667 49.82124506481767
11.254958333333335 50.79428415897119
11.265625000000002 52.317515436434796
11.276291666666667 52.43364928916556
11.286958333333335 50.816328932210936
11.297625000000002 49.72951147261572
11.308291666666667 48.85573641266014
11.318958333333335 47.3742088165993
11.329625000000002 46.89391195765769
11.340291666666667 48.12559798676483
11.350958333333335 51.393771750671576
11.361625 56.8835655315293
11.372291666666667 62.3975512142829
11.382958333333335 66.737552925987
11.393625 69.69479573024219
11.404291666666667 70.9595804771253
11.414958333333335 71.00662650356287
11.425625 70.993736892708
11.436291666666667 71.46069804982776
11.446958333333335 72.02974644239768
11.457625 71.6774301082357
11.468291666666667 69.82657492175507
11.478958333333335 67.342929335484
11.489625 65.66661104741387
11.500291666666667 64.6359291201273
11.510958333333335 63.34516043308861
11.521625 62.35280435112731
11.532291666666667 62.52236368367431
11.542958333333335 62.84825858502826
11.553625 63.09065034705028
11.564291666666668 64.86119919756459
11.574958333333335 67.56352366584656
11.585625 69.82277210950346
11.596291666666668 71.39585788479634
11.606958333333335 72.37496425709328
11.617625 72.58846102459977
11.628291666666668 71.75542622299884
11.638958333333335 69.5973309865416
11.649625 66.89249313944802
11.660291666666668 65.40145916482275
11.670958333333335 64.87637873174832
11.681625 64.3391819300023
11.692291666666668 63.663507849275554
11.702958333333335 62.99819452526816
11.713625 62.03677450310916
11.724291666666668 60.493302934334075
11.734958333333335 59.521563232250394
11.745625 58.93007708041279
11.756291666666668 58.006735081102896
11.766958333333335 57.82249056567587
11.777625 56.96368237091225
11.788291666666668 56.16868223486871
11.798958333333335 55.74755330160887
11.809625 55.074866457297766
11.820291666666668 54.22988926585571
11.830958333333335 52.77385763647251
11.841625 51.725959717076265
11.852291666666668 51.35859771210687
11.862958333333335 51.22739121002118
11.873625 50.82529050083802
11.884291666666668 50.609116950406595
11.894958333333335 50.76552050659191
11.905625 50.13302010075317
11.916291666666668 48.37539152938081
11.926958333333335 47.0243360511213
11.937625 46.57812205262118
11.948291666666668 46.79437847285779
11.958958333333335 46.550745819217695
11.969625 45.49508609668342
11.980291666666668 45.21498871294242
11.990958333333335 46.06858468365685
12.001625 45.908225211366585
12.012291666666668 44.48730385597587
12.022958333333335 42.76766072361161
12.033625 41.042885035197656
12.044291666666668 39.76985900935626
12.054958333333335 41.1746476358715
12.065625 43.14598812066464
12.076291666666668 42.80580580989081
12.086958333333335 41.199624748390626
12.097625 40.595382440834626
12.108291666666668 40.082499053133574
12.118958333333335 39.462813297865985
12.129625 39.928226194014464
12.140291666666668 40.83354469763186
12.150958333333334 39.91900002089887
