Time_s   F0_Hz
0.021781   --undefined--
0.031781   --undefined--
0.041781   --undefined--
0.051781   --undefined--
0.061781   --undefined--
0.071781   --undefined--
0.081781   --undefined--
0.091781   --undefined--
0.101781   --undefined--
0.111781   --undefined--
0.121781   --undefined--
0.131781   231.903861
0.141781   223.531749
0.151781   223.387756
0.161781   224.588328
0.171781   228.156172
0.181781   232.058906
0.191781   236.248402
0.201781   239.447265
0.211781   243.288021
0.221781   245.583781
0.231781   247.716167
0.241781   245.168735
0.251781   --undefined--
0.261781   --undefined--
0.271781   --undefined--
0.281781   --undefined--
0.291781   --undefined--
0.301781   --undefined--
0.311781   --undefined--
0.321781   --undefined--
0.331781   --undefined--
0.341781   --undefined--
0.351781   --undefined--
0.361781   258.288204
0.371781   247.843652
0.381781   235.339590
0.391781   225.960690
0.401781   220.922327
0.411781   216.525870
0.421781   212.698732
0.431781   210.945660
0.441781   210.153325
0.451781   210.338323
0.461781   212.583664
0.471781   215.984382
0.481781   221.198563
0.491781   231.203504
0.501781   239.824742
0.511781   250.620947
0.521781   265.152585
0.531781   265.891503
0.541781   253.446283
0.551781   246.013195
0.561781   243.316797
0.571781   232.302014
0.581781   232.431543
0.591781   231.583427
0.601781   226.533027
0.611781   218.253411
0.621781   213.591147
0.631781   212.587724
0.641781   212.828827
0.651781   213.120670
0.661781   211.333704
0.671781   209.684041
0.681781   206.994550
0.691781   203.230567
0.701781   202.897424
0.711781   202.781764
0.721781   202.056940
0.731781   200.042635
0.741781   197.628125
0.751781   195.482818
0.761781   192.450092
0.771781   189.728613
0.781781   188.412098
0.791781   187.370944
0.801781   185.959034
0.811781   185.696262
0.821781   185.327919
0.831781   184.632217
0.841781   189.313668
0.851781   193.145004
0.861781   192.407482
0.871781   190.812621
0.881781   188.740223
0.891781   186.834469
0.901781   184.769499
0.911781   185.068404
0.921781   184.047588
0.931781   --undefined--
0.941781   --undefined--
0.951781   --undefined--
0.961781   --undefined--
0.971781   --undefined--
0.981781   --undefined--
0.991781   --undefined--
1.001781   --undefined--
1.011781   --undefined--
1.021781   --undefined--
1.031781   --undefined--
1.041781   --undefined--
1.051781   260.352491
1.061781   256.976503
1.071781   254.613524
1.081781   254.044394
1.091781   257.031920
1.101781   261.400147
1.111781   266.082381
1.121781   269.335210
1.131781   255.725987
1.141781   250.488526
1.151781   249.348289
1.161781   253.742355
1.171781   271.126714
1.181781   290.389189
1.191781   301.361382
1.201781   301.759829
1.211781   297.911640
1.221781   295.966610
1.231781   292.789715
1.241781   289.315420
1.251781   286.559006
1.261781   283.743327
1.271781   278.955601
1.281781   273.004765
1.291781   268.141806
1.301781   261.808438
1.311781   257.560318
1.321781   254.646462
1.331781   242.981635
1.341781   236.672060
1.351781   230.060317
1.361781   227.471095
1.371781   226.195400
1.381781   225.674254
1.391781   225.665487
1.401781   225.633690
1.411781   225.362279
1.421781   225.401770
1.431781   225.751959
1.441781   225.166471
1.451781   224.724591
1.461781   224.696921
1.471781   224.533052
1.481781   224.543932
1.491781   224.375071
1.501781   223.709729
1.511781   223.212172
1.521781   225.746684
1.531781   224.719180
1.541781   223.771592
1.551781   224.215722
1.561781   223.239780
1.571781   214.983453
1.581781   213.266252
1.591781   211.013765
1.601781   209.391448
1.611781   207.065170
1.621781   207.456846
1.631781   208.867295
1.641781   207.079109
1.651781   205.977465
1.661781   203.698170
1.671781   202.206815
1.681781   199.398557
1.691781   195.184356
1.701781   188.706812
1.711781   --undefined--
1.721781   --undefined--
1.731781   200.635344
1.741781   196.031408
1.751781   190.698100
1.761781   187.324039
1.771781   185.780674
1.781781   185.190700
1.791781   186.105892
1.801781   188.173260
1.811781   187.603006
1.821781   178.902110
1.831781   --undefined--
1.841781   --undefined--
1.851781   --undefined--
1.861781   --undefined--
1.871781   --undefined--
1.881781   --undefined--
1.891781   --undefined--
1.901781   --undefined--
1.911781   --undefined--
1.921781   --undefined--
1.931781   --undefined--
1.941781   --undefined--
1.951781   --undefined--
1.961781   --undefined--
1.971781   --undefined--
1.981781   --undefined--
1.991781   --undefined--
2.001781   180.122126
2.011781   177.698415
2.021781   178.128639
2.031781   178.486155
2.041781   178.491511
2.051781   178.218957
2.061781   178.982585
2.071781   181.178276
2.081781   183.015821
2.091781   185.964839
2.101781   188.963985
2.111781   191.233388
2.121781   198.156600
2.131781   199.663336
2.141781   --undefined--
2.151781   --undefined--
2.161781   --undefined--
2.171781   --undefined--
2.181781   --undefined--
2.191781   --undefined--
2.201781   --undefined--
2.211781   --undefined--
2.221781   --undefined--
2.231781   --undefined--
2.241781   --undefined--
2.251781   --undefined--
2.261781   --undefined--
2.271781   --undefined--
2.281781   --undefined--
2.291781   --undefined--
2.301781   --undefined--
2.311781   --undefined--
2.321781   --undefined--
2.331781   --undefined--
2.341781   --undefined--
2.351781   --undefined--
2.361781   228.610928
2.371781   212.596908
2.381781   209.401699
2.391781   207.923580
2.401781   207.276279
2.411781   206.903248
2.421781   207.821670
2.431781   209.081848
2.441781   210.176638
2.451781   211.614009
2.461781   212.375206
2.471781   211.219265
2.481781   209.525281
2.491781   206.570922
2.501781   203.018003
2.511781   192.190743
2.521781   181.990690
2.531781   --undefined--
2.541781   --undefined--
2.551781   --undefined--
2.561781   --undefined--
2.571781   --undefined--
2.581781   221.096225
2.591781   231.333851
2.601781   224.149302
2.611781   216.942026
2.621781   210.422546
2.631781   204.997964
2.641781   199.209397
2.651781   175.790563
2.661781   --undefined--
2.671781   --undefined--
2.681781   --undefined--
2.691781   --undefined--
2.701781   --undefined--
2.711781   213.617762
2.721781   215.460931
2.731781   213.495653
2.741781   211.724396
2.751781   208.815933
2.761781   206.900945
2.771781   205.590343
2.781781   205.171423
2.791781   205.460124
2.801781   207.100894
2.811781   210.604904
2.821781   214.135621
2.831781   220.566733
2.841781   223.459587
2.851781   225.899281
2.861781   230.474858
2.871781   236.539157
2.881781   244.914067
2.891781   252.310530
2.901781   259.316960
2.911781   267.598344
2.921781   273.135798
2.931781   278.824504
2.941781   284.177517
2.951781   286.028993
2.961781   286.697877
2.971781   290.733261
2.981781   296.791568
2.991781   300.027746
3.001781   297.322822
3.011781   297.079731
3.021781   --undefined--
3.031781   --undefined--
3.041781   --undefined--
3.051781   --undefined--
3.061781   --undefined--
3.071781   --undefined--
3.081781   --undefined--
3.091781   --undefined--
3.101781   --undefined--
3.111781   213.329161
3.121781   213.768808
3.131781   208.970587
3.141781   204.090033
3.151781   200.949382
3.161781   200.060716
3.171781   199.275893
3.181781   198.613017
3.191781   198.540552
3.201781   198.653293
3.211781   198.332502
3.221781   196.020177
3.231781   --undefined--
3.241781   --undefined--
3.251781   --undefined--
3.261781   --undefined--
3.271781   --undefined--
3.281781   --undefined--
3.291781   --undefined--
3.301781   --undefined--
3.311781   --undefined--
3.321781   --undefined--
3.331781   --undefined--
3.341781   --undefined--
3.351781   --undefined--
3.361781   --undefined--
3.371781   --undefined--
3.381781   --undefined--
3.391781   198.429627
3.401781   197.978328
3.411781   195.008439
3.421781   194.062193
3.431781   194.126576
3.441781   193.482442
3.451781   191.852102
3.461781   189.951789
3.471781   189.711897
3.481781   186.113557
3.491781   186.427218
3.501781   --undefined--
3.511781   --undefined--
3.521781   --undefined--
3.531781   --undefined--
3.541781   --undefined--
3.551781   --undefined--
3.561781   --undefined--
3.571781   --undefined--
3.581781   --undefined--
3.591781   --undefined--
3.601781   --undefined--
3.611781   203.030420
3.621781   198.312576
3.631781   195.029874
3.641781   196.117185
3.651781   197.909057
3.661781   --undefined--
3.671781   --undefined--
3.681781   --undefined--
3.691781   --undefined--
3.701781   --undefined--
3.711781   --undefined--
3.721781   --undefined--
3.731781   --undefined--
3.741781   --undefined--
3.751781   225.644656
3.761781   224.548778
3.771781   219.069857
3.781781   211.560483
3.791781   208.699146
3.801781   206.120553
3.811781   203.648935
3.821781   201.039678
3.831781   202.569306
3.841781   206.527646
3.851781   207.666324
3.861781   208.734363
3.871781   208.488317
3.881781   210.320163
3.891781   213.868657
3.901781   204.499603
3.911781   201.936812
3.921781   200.228826
3.931781   198.488448
3.941781   196.188245
3.951781   192.456639
3.961781   187.963882
3.971781   --undefined--
3.981781   --undefined--
3.991781   --undefined--
4.001781   --undefined--
4.011781   --undefined--
4.021781   --undefined--
4.031781   --undefined--
4.041781   --undefined--
4.051781   --undefined--
4.061781   --undefined--
4.071781   --undefined--
4.081781   --undefined--
4.091781   --undefined--
4.101781   --undefined--
4.111781   --undefined--
4.121781   --undefined--
4.131781   --undefined--
4.141781   --undefined--
4.151781   --undefined--
4.161781   --undefined--
4.171781   --undefined--
4.181781   --undefined--
4.191781   --undefined--
4.201781   --undefined--
4.211781   --undefined--
4.221781   223.230872
4.231781   222.645590
4.241781   222.034828
4.251781   221.849822
4.261781   221.174120
4.271781   225.257503
4.281781   235.764070
4.291781   240.367416
4.301781   244.265666
4.311781   250.678760
4.321781   254.669241
4.331781   260.881248
4.341781   265.181911
4.351781   267.865150
4.361781   269.650888
4.371781   270.492940
4.381781   268.659162
4.391781   263.519911
4.401781   258.443172
4.411781   261.558840
4.421781   --undefined--
4.431781   --undefined--
4.441781   --undefined--
4.451781   --undefined--
4.461781   --undefined--
4.471781   --undefined--
4.481781   --undefined--
4.491781   --undefined--
4.501781   --undefined--
4.511781   --undefined--
4.521781   206.904088
4.531781   206.326297
4.541781   204.810876
4.551781   202.969381
4.561781   201.214013
4.571781   194.282213
4.581781   185.493142
4.591781   184.341523
4.601781   181.503351
4.611781   198.867932
4.621781   206.324410
4.631781   205.863655
4.641781   204.574259
4.651781   202.739937
4.661781   201.841487
4.671781   200.956537
4.681781   200.209417
4.691781   199.509597
4.701781   198.470723
4.711781   196.595966
4.721781   195.080497
4.731781   194.842851
4.741781   --undefined--
4.751781   --undefined--
4.761781   --undefined--
4.771781   --undefined--
4.781781   --undefined--
4.791781   --undefined--
4.801781   --undefined--
4.811781   205.035134
4.821781   205.910611
4.831781   206.326965
4.841781   202.392285
4.851781   200.319669
4.861781   198.188792
4.871781   196.509587
4.881781   195.226585
4.891781   189.032829
4.901781   --undefined--
4.911781   --undefined--
4.921781   205.598931
4.931781   205.651630
4.941781   205.723382
4.951781   205.443627
4.961781   204.714331
4.971781   205.276769
4.981781   207.592401
4.991781   204.893447
5.001781   202.551405
5.011781   --undefined--
5.021781   --undefined--
5.031781   --undefined--
5.041781   --undefined--
5.051781   --undefined--
5.061781   --undefined--
5.071781   --undefined--
5.081781   --undefined--
5.091781   --undefined--
5.101781   --undefined--
5.111781   --undefined--
5.121781   219.110600
5.131781   209.099599
5.141781   209.722800
5.151781   205.594108
5.161781   202.703354
5.171781   228.000901
5.181781   254.236508
5.191781   255.859964
5.201781   231.525390
5.211781   --undefined--
5.221781   --undefined--
5.231781   --undefined--
5.241781   --undefined--
5.251781   --undefined--
5.261781   --undefined--
5.271781   --undefined--
5.281781   --undefined--
5.291781   --undefined--
5.301781   --undefined--
5.311781   --undefined--
5.321781   --undefined--
5.331781   238.570910
5.341781   238.293395
5.351781   236.864712
5.361781   233.699221
5.371781   229.551900
5.381781   224.526965
5.391781   219.309096
5.401781   213.011635
5.411781   206.844856
5.421781   202.355126
5.431781   199.099386
5.441781   197.183314
5.451781   195.327031
5.461781   193.527636
5.471781   191.388212
5.481781   189.497842
5.491781   186.593833
5.501781   184.300285
5.511781   187.082197
5.521781   186.814749
5.531781   186.616515
5.541781   186.234634
5.551781   187.604474
5.561781   188.849229
5.571781   192.476272
5.581781   --undefined--
5.591781   --undefined--
5.601781   --undefined--
5.611781   --undefined--
5.621781   --undefined--
5.631781   --undefined--
5.641781   --undefined--
5.651781   209.734740
5.661781   208.428683
5.671781   209.086131
5.681781   204.960925
5.691781   197.564465
5.701781   196.581552
5.711781   195.472750
5.721781   199.857116
5.731781   203.491728
5.741781   205.096743
5.751781   208.747066
5.761781   212.098750
5.771781   216.079341
5.781781   220.693918
5.791781   218.203183
5.801781   219.770570
5.811781   220.525792
5.821781   220.553142
5.831781   219.541159
5.841781   216.584581
5.851781   213.615475
5.861781   211.278556
5.871781   209.212267
5.881781   207.803793
5.891781   205.816533
5.901781   202.921592
5.911781   199.468208
5.921781   196.136725
5.931781   193.112755
5.941781   190.207215
5.951781   187.525152
5.961781   184.126420
5.971781   179.058237
5.981781   --undefined--
5.991781   --undefined--
6.001781   --undefined--
6.011781   --undefined--
6.021781   --undefined--
6.031781   --undefined--
6.041781   --undefined--
6.051781   --undefined--
6.061781   --undefined--
6.071781   196.917464
6.081781   187.561191
6.091781   185.656006
6.101781   --undefined--
6.111781   --undefined--
6.121781   --undefined--
6.131781   --undefined--
6.141781   --undefined--
6.151781   --undefined--
6.161781   --undefined--
6.171781   --undefined--
6.181781   --undefined--
6.191781   --undefined--
6.201781   --undefined--
6.211781   --undefined--
6.221781   --undefined--
6.231781   --undefined--
6.241781   --undefined--
6.251781   --undefined--
6.261781   --undefined--
6.271781   --undefined--
6.281781   --undefined--
6.291781   --undefined--
6.301781   --undefined--
6.311781   --undefined--
6.321781   --undefined--
6.331781   --undefined--
6.341781   --undefined--
6.351781   --undefined--
6.361781   --undefined--
6.371781   --undefined--
6.381781   --undefined--
6.391781   --undefined--
6.401781   --undefined--
6.411781   --undefined--
6.421781   --undefined--
