Time_s   Intensity_dB
0.043115   64.526372
0.053781   64.861747
0.064448   64.992131
0.075115   65.166222
0.085781   66.368748
0.096448   66.602873
0.107115   65.349286
0.117781   64.320436
0.128448   66.876433
0.139115   69.377007
0.149781   71.123371
0.160448   72.622282
0.171115   73.512590
0.181781   74.171596
0.192448   74.563629
0.203115   74.881441
0.213781   75.498522
0.224448   75.889409
0.235115   75.379081
0.245781   73.970305
0.256448   72.805326
0.267115   73.421485
0.277781   73.831250
0.288448   73.029597
0.299115   71.572918
0.309781   69.458201
0.320448   69.264502
0.331115   71.382979
0.341781   71.594402
0.352448   70.737912
0.363115   73.807777
0.373781   76.433066
0.384448   77.140114
0.395115   77.353231
0.405781   77.581875
0.416448   77.500055
0.427115   77.405831
0.437781   77.288910
0.448448   76.977637
0.459115   76.593097
0.469781   76.350045
0.480448   76.405016
0.491115   77.005774
0.501781   77.794826
0.512448   77.942920
0.523115   76.823767
0.533781   74.586889
0.544448   72.730468
0.555115   71.204700
0.565781   68.527973
0.576448   66.809661
0.587115   68.126909
0.597781   70.327401
0.608448   71.873346
0.619115   73.359087
0.629781   75.034381
0.640448   76.328707
0.651115   76.921486
0.661781   76.601060
0.672448   75.410106
0.683115   73.605571
0.693781   71.964501
0.704448   71.316935
0.715115   71.746610
0.725781   72.100981
0.736448   72.001643
0.747115   71.816884
0.757781   71.766628
0.768448   71.548268
0.779115   71.653342
0.789781   71.944612
0.800448   71.838196
0.811115   71.828570
0.821781   72.081008
0.832448   72.143382
0.843115   71.816685
0.853781   72.027927
0.864448   71.955186
0.875115   71.464609
0.885781   71.367640
0.896448   71.347569
0.907115   71.114366
0.917781   70.394478
0.928448   69.642683
0.939115   68.872335
0.949781   69.001570
0.960448   69.479218
0.971115   69.212556
0.981781   68.839993
0.992448   69.318032
1.003115   70.141777
1.013781   70.130657
1.024448   69.493864
1.035115   69.019104
1.045781   70.383959
1.056448   73.354801
1.067115   75.272280
1.077781   76.365640
1.088448   76.669988
1.099115   76.477768
1.109781   75.490471
1.120448   73.145287
1.131115   70.551867
1.141781   69.386000
1.152448   68.690733
1.163115   69.246208
1.173781   70.899497
1.184448   71.937049
1.195115   72.993884
1.205781   74.771459
1.216448   76.535585
1.227115   77.682589
1.237781   78.241685
1.248448   78.389852
1.259115   78.303113
1.269781   78.046996
1.280448   77.976333
1.291115   78.327499
1.301781   78.758210
1.312448   79.058297
1.323115   78.929341
1.333781   77.887711
1.344448   76.151720
1.355115   74.946541
1.365781   74.869698
1.376448   74.858420
1.387115   74.608909
1.397781   74.168594
1.408448   73.667674
1.419115   73.481066
1.429781   73.632905
1.440448   73.973076
1.451115   74.431988
1.461781   74.751951
1.472448   74.831454
1.483115   74.829878
1.493781   74.613077
1.504448   74.416387
1.515115   74.726451
1.525781   74.859916
1.536448   74.729169
1.547115   74.794446
1.557781   74.516910
1.568448   73.678784
1.579115   73.186162
1.589781   73.072995
1.600448   72.846574
1.611115   72.627959
1.621781   72.996643
1.632448   73.680404
1.643115   74.122477
1.653781   74.172209
1.664448   73.816484
1.675115   73.099065
1.685781   71.786632
1.696448   69.447692
1.707115   66.477618
1.717781   65.952295
1.728448   69.200606
1.739115   71.419742
1.749781   72.144290
1.760448   72.070507
1.771115   71.583537
1.781781   70.815887
1.792448   69.858488
1.803115   68.740888
1.813781   67.417630
1.824448   65.326988
1.835115   65.093455
1.845781   66.910316
1.856448   68.544089
1.867115   68.659976
1.877781   68.381025
1.888448   67.772873
1.899115   65.662411
1.909781   64.935820
1.920448   64.672864
1.931115   63.248184
1.941781   60.474264
1.952448   61.509061
1.963115   63.546575
1.973781   64.956638
1.984448   67.704741
1.995115   70.387880
2.005781   71.499911
2.016448   71.523892
2.027115   71.046964
2.037781   70.922351
2.048448   70.934691
2.059115   70.800124
2.069781   71.033569
2.080448   71.393774
2.091115   70.815191
2.101781   69.642586
2.112448   68.173385
2.123115   66.380455
2.133781   64.622965
2.144448   63.625726
2.155115   63.630330
2.165781   64.999927
2.176448   66.909859
2.187115   67.926503
2.197781   68.435114
2.208448   68.342100
2.219115   66.993878
2.229781   65.460325
2.240448   63.111403
2.251115   63.984580
2.261781   65.494091
2.272448   65.102800
2.283115   64.517652
2.293781   65.701810
2.304448   65.890999
2.315115   65.101667
2.325781   64.590452
2.336448   66.973429
2.347115   70.599341
2.357781   72.638380
2.368448   73.650091
2.379115   74.825939
2.389781   75.900435
2.400448   76.348393
2.411115   76.190535
2.421781   75.798968
2.432448   75.409341
2.443115   75.127444
2.453781   75.147169
2.464448   75.271654
2.475115   75.279124
2.485781   75.179131
2.496448   74.444279
2.507115   73.065671
2.517781   70.955787
2.528448   68.859852
2.539115   67.821703
2.549781   67.744951
2.560448   67.524713
2.571115   66.794348
2.581781   68.024884
2.592448   69.733331
2.603115   71.302674
2.613781   72.335370
2.624448   72.752802
2.635115   71.705713
2.645781   69.192046
2.656448   66.733084
2.667115   66.106272
2.677781   64.745869
2.688448   62.146746
2.699115   61.562186
2.709781   65.068091
2.720448   71.743793
2.731115   75.675921
2.741781   77.225547
2.752448   77.443921
2.763115   77.121719
2.773781   76.537485
2.784448   75.890190
2.795115   75.527954
2.805781   75.704153
2.816448   76.308159
2.827115   76.722297
2.837781   76.687289
2.848448   76.674828
2.859115   76.749214
2.869781   76.706488
2.880448   76.855197
2.891115   77.586303
2.901781   78.181948
2.912448   78.488972
2.923115   78.571297
2.933781   78.177023
2.944448   77.729756
2.955115   77.095051
2.965781   75.874369
2.976448   74.455986
2.987115   73.170421
2.997781   71.926590
3.008448   70.137833
3.019115   67.790715
3.029781   66.796693
3.040448   66.078120
3.051115   63.524289
3.061781   62.302701
3.072448   62.320007
3.083115   65.263829
3.093781   71.598149
3.104448   76.158711
3.115115   78.790384
3.125781   79.733991
3.136448   79.321072
3.147115   78.018832
3.157781   76.659844
3.168448   75.695494
3.179115   75.272507
3.189781   74.958786
3.200448   74.113890
3.211115   72.613998
3.221781   70.514301
3.232448   67.405498
3.243115   62.916072
3.253781   61.574302
3.264448   60.674139
3.275115   62.746980
3.285781   63.153637
3.296448   64.088048
3.307115   65.953173
3.317781   67.042918
3.328448   66.886412
3.339115   66.406310
3.349781   66.840748
3.360448   67.217673
3.371115   67.526446
3.381781   67.918201
3.392448   68.362378
3.403115   69.057814
3.413781   69.737443
3.424448   70.285936
3.435115   70.481328
3.445781   70.189025
3.456448   69.500567
3.467115   68.466447
3.477781   67.476515
3.488448   66.969639
3.499115   66.895815
3.509781   67.060831
3.520448   66.613401
3.531115   65.033399
3.541781   62.059098
3.552448   60.957472
3.563115   62.270757
3.573781   63.117352
3.584448   64.158554
3.595115   67.763584
3.605781   70.457650
3.616448   70.846672
3.627115   70.673540
3.637781   70.268641
3.648448   69.250049
3.659115   67.986700
3.669781   66.552679
3.680448   64.517511
3.691115   62.963328
3.701781   63.744407
3.712448   63.547443
3.723115   62.990286
3.733781   66.453750
3.744448   71.141544
3.755115   74.075005
3.765781   74.546195
3.776448   73.943648
3.787115   74.277982
3.797781   74.662080
3.808448   74.590533
3.819115   73.988791
3.829781   74.188235
3.840448   75.279471
3.851115   75.762292
3.861781   75.932773
3.872448   75.876240
3.883115   75.624057
3.893781   74.715269
3.904448   73.409071
3.915115   72.461395
3.925781   72.078397
3.936448   72.158355
3.947115   72.107980
3.957781   71.318700
3.968448   70.715954
3.979115   70.284051
3.989781   69.133937
4.000448   68.479141
4.011115   67.200390
4.021781   64.822019
4.032448   63.304501
4.043115   62.384118
4.053781   59.592207
4.064448   60.201311
4.075115   62.360442
4.085781   62.853188
4.096448   61.616343
4.107115   59.478708
4.117781   59.603079
4.128448   60.546643
4.139115   59.119632
4.149781   55.588131
4.160448   54.897806
4.171115   59.578174
4.181781   65.332467
4.192448   68.627121
4.203115   70.162893
4.213781   71.304791
4.224448   72.770864
4.235115   73.896284
4.245781   74.118188
4.256448   73.752507
4.267115   74.316424
4.277781   75.934354
4.288448   76.868862
4.299115   77.480941
4.309781   78.205829
4.320448   78.712247
4.331115   79.132329
4.341781   79.438120
4.352448   79.179560
4.363115   78.372825
4.373781   77.301334
4.384448   76.148433
4.395115   74.826543
4.405781   72.768382
4.416448   69.608227
4.427115   65.890725
4.437781   63.174703
4.448448   61.253759
4.459115   60.632298
4.469781   62.552888
4.480448   65.986271
4.491115   68.303689
4.501781   70.191398
4.512448   71.961450
4.523115   73.782160
4.533781   75.023121
4.544448   75.052387
4.555115   74.030760
4.565781   72.317915
4.576448   70.437917
4.587115   68.853409
4.597781   67.446475
4.608448   68.238790
4.619115   71.202526
4.629781   73.211922
4.640448   73.813076
4.651115   73.793795
4.661781   73.588477
4.672448   73.422705
4.683115   73.248242
4.693781   72.992084
4.704448   72.706898
4.715115   71.859303
4.725781   69.504449
4.736448   66.804595
4.747115   65.316692
4.757781   64.557350
4.768448   64.083304
4.779115   63.099103
4.789781   64.303272
4.800448   66.611918
4.811115   69.451134
4.821781   72.335693
4.832448   74.010662
4.843115   74.442046
4.853781   74.241662
4.864448   73.772472
4.875115   73.046500
4.885781   71.493181
4.896448   68.972073
4.907115   68.811838
4.917781   72.148470
4.928448   74.466808
4.939115   75.363752
4.949781   75.171947
4.960448   74.385444
4.971115   73.417005
4.981781   72.346412
4.992448   70.516957
5.003115   68.111250
5.013781   68.132372
5.024448   69.016108
5.035115   68.994506
5.045781   68.446193
5.056448   67.176896
5.067115   66.397478
5.077781   65.373955
5.088448   63.741987
5.099115   63.601728
5.109781   68.479087
5.120448   72.093503
5.131115   73.677936
5.141781   73.992134
5.152448   72.779700
5.163115   70.416676
5.173781   68.553571
5.184448   67.474175
5.195115   64.419631
5.205781   62.081435
5.216448   61.088722
5.227115   59.241696
5.237781   56.656679
5.248448   57.023735
5.259115   59.783616
5.269781   61.356485
5.280448   61.407223
5.291115   59.687183
5.301781   58.010295
5.312448   63.842439
5.323115   70.301374
5.333781   74.283370
5.344448   76.016357
5.355115   76.575131
5.365781   76.617222
5.376448   76.251465
5.387115   75.741892
5.397781   75.215436
5.408448   74.733921
5.419115   74.311453
5.429781   73.747275
5.440448   73.460505
5.451115   73.577577
5.461781   73.659209
5.472448   73.417458
5.483115   72.925614
5.493781   72.360621
5.504448   72.189350
5.515115   72.258677
5.525781   72.285246
5.536448   72.267574
5.547115   71.843127
5.557781   70.877256
5.568448   69.082392
5.579115   67.623249
5.589781   66.540519
5.600448   65.766298
5.611115   65.258982
5.621781   65.851015
5.632448   68.198327
5.643115   70.434331
5.653781   72.697008
5.664448   74.128344
5.675115   74.407942
5.685781   73.416322
5.696448   72.280030
5.707115   72.135669
5.717781   73.051876
5.728448   74.133948
5.739115   74.705254
5.749781   75.007163
5.760448   75.405375
5.771115   75.718202
5.781781   75.631130
5.792448   75.115291
5.803115   75.077651
5.813781   75.410432
5.824448   75.545819
5.835115   75.485316
5.845781   75.283256
5.856448   75.177716
5.867115   75.082478
5.877781   75.047048
5.888448   74.978735
5.899115   74.725619
5.909781   74.420217
5.920448   74.157676
5.931115   73.722810
5.941781   72.943539
5.952448   71.710892
5.963115   69.700901
5.973781   66.001892
5.984448   60.701105
5.995115   57.032518
6.005781   56.781901
6.016448   58.715515
6.027115   61.869144
6.037781   62.885987
6.048448   62.161954
6.059115   64.982499
6.069781   68.235981
6.080448   69.896944
6.091115   70.089679
6.101781   69.729713
6.112448   70.135905
6.123115   68.752233
6.133781   65.908014
6.144448   63.997792
6.155115   63.024195
6.165781   63.414818
6.176448   62.829279
6.187115   60.641925
6.197781   59.132058
6.208448   59.065044
6.219115   58.843184
6.229781   58.528385
6.240448   59.324706
6.251115   60.782810
6.261781   60.869410
6.272448   61.243969
6.283115   62.582709
6.293781   63.009395
6.304448   61.485072
6.315115   60.496711
6.325781   61.774330
6.336448   62.915739
6.347115   63.762737
6.357781   62.975290
6.368448   62.159470
6.379115   62.571846
6.389781   61.622197
6.400448   58.641494
