Time_s   F0_Hz
0.037063   --undefined--
0.052063   262.344927
0.067063   260.193767
0.082063   258.457851
0.097063   263.871613
0.112063   270.187926
0.127063   275.698479
0.142063   281.644501
0.157063   287.738680
0.172063   288.665246
0.187063   285.916174
0.202063   284.378948
0.217063   282.400404
0.232063   283.375688
0.247063   287.410149
0.262063   293.701226
0.277063   306.899498
0.292063   325.302464
0.307063   --undefined--
0.322063   --undefined--
0.337063   225.669751
0.352063   228.522294
0.367063   229.631479
0.382063   227.655067
0.397063   --undefined--
0.412063   --undefined--
0.427063   --undefined--
0.442063   --undefined--
0.457063   320.385400
0.472063   311.231776
0.487063   302.237613
0.502063   260.140232
0.517063   241.807748
0.532063   230.647427
0.547063   229.111158
0.562063   220.815521
0.577063   192.583763
0.592063   187.986589
0.607063   185.889497
0.622063   183.902374
0.637063   182.603547
0.652063   184.237814
0.667063   186.708089
0.682063   188.899937
0.697063   190.966413
0.712063   191.162583
0.727063   194.509228
0.742063   205.919741
0.757063   208.681345
0.772063   222.181844
0.787063   222.136240
0.802063   220.880994
0.817063   233.826503
0.832063   256.368712
0.847063   324.654772
0.862063   325.266585
0.877063   335.266831
0.892063   330.972883
0.907063   332.535765
0.922063   --undefined--
0.937063   --undefined--
0.952063   388.089811
0.967063   333.531979
0.982063   378.929098
0.997063   391.794817
1.012063   --undefined--
1.027063   --undefined--
1.042063   --undefined--
1.057063   --undefined--
1.072063   --undefined--
1.087063   --undefined--
1.102063   --undefined--
1.117063   --undefined--
1.132063   --undefined--
1.147063   --undefined--
1.162063   --undefined--
1.177063   --undefined--
1.192063   --undefined--
1.207063   --undefined--
1.222063   --undefined--
1.237063   --undefined--
1.252063   --undefined--
1.267063   --undefined--
1.282063   --undefined--
1.297063   --undefined--
1.312063   --undefined--
1.327063   --undefined--
1.342063   --undefined--
1.357063   --undefined--
1.372063   --undefined--
1.387063   --undefined--
1.402063   --undefined--
1.417063   --undefined--
1.432063   --undefined--
1.447063   --undefined--
1.462063   --undefined--
1.477063   --undefined--
1.492063   --undefined--
1.507063   --undefined--
1.522063   273.832201
1.537063   267.173609
1.552063   259.286768
1.567063   267.155260
1.582063   271.912298
1.597063   269.415568
1.612063   264.981278
1.627063   264.813311
1.642063   267.217462
1.657063   271.728809
1.672063   277.484983
1.687063   283.319167
1.702063   286.741293
1.717063   285.210610
1.732063   279.477133
1.747063   267.174164
1.762063   272.923092
1.777063   320.069052
1.792063   330.950239
1.807063   323.983308
1.822063   314.556862
1.837063   306.547405
1.852063   301.807038
1.867063   297.597436
1.882063   298.293718
1.897063   300.175311
1.912063   301.761375
1.927063   299.309240
1.942063   287.022107
1.957063   267.551770
1.972063   --undefined--
1.987063   --undefined--
2.002063   --undefined--
2.017063   --undefined--
2.032062   --undefined--
2.047063   --undefined--
2.062063   --undefined--
2.077063   282.191859
2.092062   283.457963
2.107063   282.480227
2.122063   278.114322
2.137063   272.995500
2.152063   268.908884
2.167063   266.147360
2.182063   263.800059
2.197063   262.207072
2.212063   261.633401
2.227063   256.082844
2.242063   251.584015
2.257063   --undefined--
2.272063   --undefined--
2.287063   --undefined--
2.302063   --undefined--
2.317063   --undefined--
2.332063   --undefined--
2.347063   --undefined--
2.362063   --undefined--
2.377063   250.092204
2.392063   256.319486
2.407063   256.617307
2.422063   256.231432
2.437063   254.947311
2.452063   253.913503
2.467062   246.128499
2.482063   235.608259
2.497063   214.060692
2.512063   --undefined--
2.527063   --undefined--
2.542063   256.007252
2.557063   256.924411
2.572062   254.833333
2.587063   252.097350
2.602063   246.327078
2.617063   242.880475
2.632063   241.506388
2.647063   242.016600
2.662063   241.862002
2.677062   241.076885
2.692063   238.594429
2.707063   230.610922
2.722063   213.984667
2.737063   --undefined--
2.752063   --undefined--
2.767063   --undefined--
2.782063   --undefined--
2.797063   --undefined--
2.812063   --undefined--
2.827063   219.629828
2.842062   206.229644
2.857063   193.140794
2.872063   183.792002
2.887063   180.796613
2.902063   179.631060
2.917063   178.762609
2.932063   179.525083
2.947062   --undefined--
2.962063   --undefined--
2.977063   --undefined--
2.992063   --undefined--
3.007063   --undefined--
3.022063   --undefined--
3.037063   --undefined--
3.052062   --undefined--
3.067063   --undefined--
3.082063   --undefined--
3.097063   --undefined--
3.112063   --undefined--
3.127063   --undefined--
3.142063   --undefined--
3.157063   --undefined--
3.172063   --undefined--
3.187063   --undefined--
3.202063   --undefined--
3.217062   --undefined--
3.232063   --undefined--
3.247063   --undefined--
3.262063   --undefined--
3.277063   382.493385
3.292063   381.032381
3.307063   380.067113
3.322062   --undefined--
3.337063   --undefined--
3.352063   --undefined--
3.367063   --undefined--
3.382063   --undefined--
3.397063   --undefined--
3.412063   --undefined--
3.427062   --undefined--
