Time_s   F0_Hz
0.020344   --undefined--
0.030344   --undefined--
0.040344   --undefined--
0.050344   --undefined--
0.060344   236.794941
0.070344   237.185787
0.080344   231.150342
0.090344   216.533792
0.100344   --undefined--
0.110344   --undefined--
0.120344   --undefined--
0.130344   --undefined--
0.140344   --undefined--
0.150344   --undefined--
0.160344   --undefined--
0.170344   --undefined--
0.180344   --undefined--
0.190344   --undefined--
0.200344   --undefined--
0.210344   --undefined--
0.220344   270.587227
0.230344   263.660880
0.240344   254.376933
0.250344   247.676610
0.260344   243.416387
0.270344   242.288377
0.280344   241.696303
0.290344   240.715520
0.300344   239.528286
0.310344   239.476787
0.320344   241.522417
0.330344   --undefined--
0.340344   --undefined--
0.350344   --undefined--
0.360344   --undefined--
0.370344   --undefined--
0.380344   --undefined--
0.390344   --undefined--
0.400344   --undefined--
0.410344   --undefined--
0.420344   --undefined--
0.430344   --undefined--
0.440344   --undefined--
0.450344   263.161327
0.460344   258.011227
0.470344   255.561722
0.480344   251.781893
0.490344   246.898362
0.500344   244.215655
0.510344   243.507193
0.520344   244.873563
0.530344   243.563871
0.540344   224.300591
0.550344   216.347913
0.560344   212.075207
0.570344   228.365320
0.580344   230.464130
0.590344   228.495935
0.600344   224.903121
0.610344   218.468984
0.620344   --undefined--
0.630344   --undefined--
0.640344   --undefined--
0.650344   --undefined--
0.660344   --undefined--
0.670344   --undefined--
0.680344   --undefined--
0.690344   --undefined--
0.700344   --undefined--
0.710344   --undefined--
0.720344   --undefined--
0.730344   --undefined--
0.740344   222.096358
0.750344   236.581056
0.760344   249.573696
0.770344   254.871924
0.780344   260.217682
0.790344   267.731378
0.800344   274.053498
0.810344   286.081040
0.820344   302.638945
0.830344   311.095719
0.840344   324.198779
0.850344   337.507504
0.860344   347.241754
0.870344   353.909017
0.880344   330.166399
0.890344   347.734421
0.900344   393.108734
0.910344   397.519217
0.920344   --undefined--
0.930344   --undefined--
0.940344   379.129766
0.950344   360.956075
0.960344   335.041157
0.970344   306.860803
0.980344   280.337151
0.990344   255.185261
1.000344   234.103179
1.010344   211.215400
1.020344   194.013153
1.030344   176.606441
1.040344   173.270261
1.050344   169.192865
1.060344   167.592428
1.070344   167.822550
1.080344   168.249679
1.090344   169.858576
1.100344   170.405155
1.110344   168.379017
1.120344   161.648868
1.130344   160.960298
1.140344   159.569166
1.150344   --undefined--
1.160344   --undefined--
1.170344   --undefined--
1.180344   --undefined--
1.190344   --undefined--
1.200344   --undefined--
1.210344   --undefined--
1.220344   --undefined--
1.230344   --undefined--
1.240344   --undefined--
1.250344   --undefined--
1.260344   --undefined--
1.270344   --undefined--
1.280344   --undefined--
1.290344   --undefined--
1.300344   --undefined--
1.310344   --undefined--
1.320344   --undefined--
1.330344   --undefined--
1.340344   --undefined--
1.350344   --undefined--
1.360344   --undefined--
1.370344   --undefined--
1.380344   --undefined--
1.390344   --undefined--
1.400344   --undefined--
1.410344   225.389595
1.420344   221.605618
1.430344   211.890141
1.440344   208.981707
1.450344   207.538258
1.460344   205.887539
1.470344   198.655235
1.480344   188.471285
1.490344   188.147223
1.500344   190.817095
1.510344   190.562353
1.520344   --undefined--
1.530344   --undefined--
1.540344   --undefined--
1.550344   --undefined--
1.560344   217.032134
1.570344   222.778325
1.580344   222.790389
1.590344   219.972474
1.600344   215.881237
1.610344   212.180949
1.620344   210.699505
1.630344   208.704875
1.640344   202.537227
1.650344   --undefined--
1.660344   --undefined--
1.670344   --undefined--
1.680344   --undefined--
1.690344   --undefined--
1.700344   --undefined--
1.710344   --undefined--
1.720344   --undefined--
1.730344   --undefined--
1.740344   --undefined--
1.750344   --undefined--
1.760344   --undefined--
1.770344   --undefined--
1.780344   228.928088
1.790344   218.742683
1.800344   209.231033
1.810344   203.191718
1.820344   184.340915
1.830344   --undefined--
1.840344   --undefined--
1.850344   --undefined--
1.860344   --undefined--
1.870344   --undefined--
1.880344   --undefined--
1.890344   --undefined--
1.900344   --undefined--
1.910344   224.679400
1.920344   230.380971
1.930344   238.351210
1.940344   243.018697
1.950344   248.555982
1.960344   253.547672
1.970344   259.444380
1.980344   264.962409
1.990344   268.007424
2.000344   266.844871
2.010344   270.177973
2.020344   303.812794
2.030344   307.946696
2.040344   309.037723
2.050344   302.299720
2.060344   255.847596
2.070344   255.030027
2.080344   264.148639
2.090344   --undefined--
2.100344   --undefined--
2.110344   --undefined--
2.120344   --undefined--
2.130344   --undefined--
2.140344   497.029387
2.150344   487.772932
2.160344   490.547094
2.170344   --undefined--
2.180344   --undefined--
2.190344   --undefined--
2.200344   194.346691
2.210344   185.095801
2.220344   183.332061
2.230344   181.806574
2.240344   183.664178
2.250344   181.487615
2.260344   178.982937
2.270344   176.353191
2.280344   174.300992
2.290344   172.840366
2.300344   177.374981
2.310344   178.837451
2.320344   177.024143
2.330344   174.538766
2.340344   173.203674
2.350344   173.862328
2.360344   174.005761
2.370344   174.398047
2.380344   177.124847
2.390344   179.561887
2.400344   181.166168
2.410344   --undefined--
2.420344   --undefined--
2.430344   --undefined--
2.440344   --undefined--
2.450344   --undefined--
2.460344   --undefined--
2.470344   --undefined--
2.480344   --undefined--
2.490344   --undefined--
2.500344   --undefined--
2.510344   --undefined--
2.520344   --undefined--
2.530344   --undefined--
2.540344   --undefined--
2.550344   --undefined--
2.560344   --undefined--
2.570344   --undefined--
2.580344   --undefined--
2.590344   --undefined--
2.600344   --undefined--
2.610344   --undefined--
2.620344   --undefined--
2.630344   --undefined--
2.640344   --undefined--
2.650344   --undefined--
2.660344   --undefined--
2.670344   227.504646
2.680344   221.991329
2.690344   211.153399
2.700344   202.994231
2.710344   198.333461
2.720344   194.142722
2.730344   194.134115
2.740344   195.109825
2.750344   189.569062
2.760344   188.900089
2.770344   187.594859
2.780344   186.958929
2.790344   186.654461
2.800344   186.396483
2.810344   185.991786
2.820344   185.068871
2.830344   172.028544
2.840344   --undefined--
2.850344   --undefined--
2.860344   --undefined--
2.870344   --undefined--
2.880344   --undefined--
2.890344   --undefined--
2.900344   --undefined--
2.910344   --undefined--
2.920344   --undefined--
2.930344   204.468684
2.940344   194.044490
2.950344   185.918234
2.960344   183.789223
2.970344   183.227234
2.980344   182.625572
2.990344   184.730636
3.000344   186.147454
3.010344   186.596630
3.020344   186.070412
3.030344   184.742657
3.040344   182.963779
3.050344   179.814366
3.060344   177.648618
3.070344   175.758867
3.080344   175.357243
3.090344   176.026764
3.100344   176.696964
3.110344   177.300487
3.120344   177.918663
3.130344   180.148775
3.140344   181.416588
3.150344   183.495365
3.160344   187.325956
3.170344   187.731727
3.180344   187.260862
3.190344   187.214966
3.200344   187.255982
3.210344   183.098152
3.220344   --undefined--
3.230344   --undefined--
3.240344   --undefined--
3.250344   --undefined--
3.260344   --undefined--
3.270344   --undefined--
3.280344   --undefined--
3.290344   229.093954
3.300344   228.622271
3.310344   229.262937
3.320344   229.996989
3.330344   228.852012
3.340344   225.890044
3.350344   223.166657
3.360344   229.245240
3.370344   234.666429
3.380344   235.867760
3.390344   237.777371
3.400344   239.836872
3.410344   241.452928
3.420344   242.043483
3.430344   241.606023
3.440344   258.674691
3.450344   268.213759
3.460344   274.107734
3.470344   276.019801
3.480344   267.827683
3.490344   260.377037
3.500344   --undefined--
3.510344   --undefined--
3.520344   --undefined--
3.530344   --undefined--
3.540344   --undefined--
3.550344   --undefined--
3.560344   --undefined--
3.570344   249.536928
3.580344   235.582601
3.590344   223.422870
3.600344   206.093107
3.610344   192.598017
3.620344   185.968836
3.630344   181.490775
3.640344   177.296680
3.650344   176.459954
3.660344   174.899263
3.670344   179.885107
3.680344   180.224630
3.690344   180.402657
3.700344   182.560601
3.710344   183.160540
3.720344   181.010809
3.730344   179.833267
3.740344   179.279284
3.750344   176.898480
3.760344   176.287842
3.770344   177.348123
3.780344   178.228186
3.790344   181.022194
3.800344   183.255591
3.810344   186.816981
3.820344   193.374553
3.830344   198.528683
3.840344   201.667791
3.850344   207.764479
3.860344   217.172422
3.870344   224.461705
3.880344   227.425724
3.890344   --undefined--
3.900344   --undefined--
3.910344   --undefined--
3.920344   --undefined--
3.930344   --undefined--
3.940344   --undefined--
3.950344   --undefined--
3.960344   --undefined--
3.970344   --undefined--
3.980344   --undefined--
3.990344   --undefined--
4.000344   --undefined--
4.010344   --undefined--
4.020344   --undefined--
4.030344   --undefined--
4.040344   --undefined--
4.050344   --undefined--
4.060344   --undefined--
4.070344   --undefined--
4.080344   --undefined--
4.090344   --undefined--
4.100344   --undefined--
4.110344   --undefined--
4.120344   --undefined--
4.130344   --undefined--
4.140344   189.469623
4.150344   187.040501
4.160344   186.663937
4.170344   186.674924
4.180344   184.353993
4.190344   175.675953
4.200344   176.606711
4.210344   182.808301
4.220344   190.528807
4.230344   188.953924
4.240344   187.169875
4.250344   186.707042
4.260344   186.834982
4.270344   186.821794
4.280344   185.940788
4.290344   185.175211
4.300344   186.031805
4.310344   186.922086
4.320344   187.899846
4.330344   188.884610
4.340344   189.710356
4.350344   190.894101
4.360344   191.612593
4.370344   192.140777
4.380344   191.696280
4.390344   191.843411
4.400344   193.630108
4.410344   193.326019
4.420344   192.650329
4.430344   192.507471
4.440344   192.104232
4.450344   191.320316
4.460344   191.793453
4.470344   192.517148
4.480344   189.161458
4.490344   178.740394
4.500344   175.338683
4.510344   171.371413
4.520344   --undefined--
4.530344   --undefined--
4.540344   --undefined--
4.550344   --undefined--
4.560344   --undefined--
4.570344   --undefined--
4.580344   --undefined--
4.590344   206.418232
4.600344   203.167690
4.610344   204.533873
4.620344   206.969523
4.630344   211.223874
4.640344   218.898406
4.650344   231.124378
4.660344   247.322053
4.670344   260.392030
4.680344   266.678162
4.690344   266.417156
4.700344   255.284687
4.710344   255.784088
4.720344   --undefined--
4.730344   --undefined--
4.740344   --undefined--
4.750344   --undefined--
4.760344   --undefined--
4.770344   --undefined--
4.780344   --undefined--
4.790344   --undefined--
4.800344   --undefined--
4.810344   --undefined--
4.820344   --undefined--
4.830344   --undefined--
4.840344   --undefined--
4.850344   --undefined--
4.860344   --undefined--
4.870344   --undefined--
4.880344   --undefined--
4.890344   --undefined--
4.900344   --undefined--
4.910344   --undefined--
4.920344   --undefined--
4.930344   218.724007
4.940344   207.293199
4.950344   202.833375
4.960344   199.593897
4.970344   196.910469
4.980344   195.461468
4.990344   196.279261
5.000344   195.641975
5.010344   195.132981
5.020344   196.076099
5.030344   196.061401
5.040344   --undefined--
5.050344   --undefined--
5.060344   --undefined--
5.070344   --undefined--
5.080344   --undefined--
5.090344   --undefined--
5.100344   --undefined--
5.110344   --undefined--
5.120344   --undefined--
5.130344   --undefined--
5.140344   --undefined--
5.150344   198.953220
5.160344   186.688593
5.170344   179.518768
5.180344   176.900893
5.190344   175.411623
5.200344   175.145932
5.210344   177.188357
5.220344   180.080531
5.230344   183.013859
5.240344   185.891066
5.250344   190.063352
5.260344   --undefined--
5.270344   --undefined--
5.280344   --undefined--
5.290344   --undefined--
5.300344   --undefined--
5.310344   --undefined--
5.320344   --undefined--
5.330344   --undefined--
5.340344   --undefined--
5.350344   --undefined--
5.360344   --undefined--
5.370344   --undefined--
5.380344   --undefined--
5.390344   --undefined--
5.400344   --undefined--
5.410344   --undefined--
5.420344   --undefined--
5.430344   --undefined--
5.440344   --undefined--
5.450344   486.680177
5.460344   487.364553
5.470344   485.220388
5.480344   --undefined--
5.490344   --undefined--
5.500344   --undefined--
5.510344   --undefined--
5.520344   211.745437
5.530344   208.809026
5.540344   200.069587
5.550344   190.342842
5.560344   182.234743
5.570344   181.901292
5.580344   187.367142
5.590344   188.765164
5.600344   187.210271
5.610344   185.047009
5.620344   183.333967
5.630344   182.570585
5.640344   183.839728
5.650344   186.735571
5.660344   188.602239
5.670344   189.176276
5.680344   188.886753
5.690344   188.772370
5.700344   --undefined--
5.710344   --undefined--
5.720344   --undefined--
5.730344   --undefined--
5.740344   --undefined--
5.750344   --undefined--
5.760344   --undefined--
5.770344   --undefined--
5.780344   --undefined--
5.790344   --undefined--
5.800344   --undefined--
5.810344   --undefined--
5.820344   --undefined--
5.830344   --undefined--
5.840344   --undefined--
5.850344   209.169241
5.860344   205.912644
5.870344   200.535577
5.880344   195.231472
5.890344   191.833643
5.900344   189.701545
5.910344   188.526839
5.920344   188.730029
5.930344   190.573047
5.940344   191.771375
5.950344   191.997830
5.960344   191.630029
5.970344   190.704145
5.980344   190.097989
5.990344   189.336777
6.000344   188.489005
6.010344   187.461844
6.020344   187.366132
6.030344   187.672704
6.040344   188.603285
6.050344   190.137382
6.060344   197.009111
6.070344   203.177406
6.080344   210.890135
6.090344   217.114408
6.100344   218.081534
6.110344   214.349032
6.120344   246.565442
6.130344   --undefined--
6.140344   --undefined--
6.150344   --undefined--
6.160344   --undefined--
6.170344   --undefined--
6.180344   --undefined--
6.190344   --undefined--
6.200344   --undefined--
6.210344   --undefined--
6.220344   --undefined--
6.230344   --undefined--
6.240344   --undefined--
6.250344   --undefined--
6.260344   --undefined--
6.270344   --undefined--
6.280344   --undefined--
6.290344   --undefined--
6.300344   --undefined--
6.310344   --undefined--
6.320344   --undefined--
6.330344   --undefined--
6.340344   --undefined--
6.350344   193.808553
6.360344   195.459167
6.370344   196.121030
6.380344   194.838333
6.390344   194.230742
6.400344   193.127451
6.410344   192.624626
6.420344   191.770594
6.430344   191.286203
6.440344   189.977839
6.450344   188.651800
6.460344   187.308915
6.470344   186.198543
6.480344   185.881575
6.490344   185.102103
6.500344   185.228051
6.510344   188.259114
6.520344   186.597917
6.530344   186.808137
6.540344   186.987520
6.550344   185.202344
6.560344   180.383230
6.570344   --undefined--
6.580344   --undefined--
6.590344   --undefined--
6.600344   --undefined--
6.610344   --undefined--
6.620344   --undefined--
6.630344   --undefined--
6.640344   --undefined--
6.650344   --undefined--
6.660344   --undefined--
6.670344   --undefined--
6.680344   --undefined--
6.690344   --undefined--
6.700344   --undefined--
6.710344   --undefined--
6.720344   --undefined--
6.730344   --undefined--
6.740344   --undefined--
6.750344   --undefined--
6.760344   --undefined--
6.770344   233.946488
6.780344   221.882167
6.790344   215.585747
6.800344   210.271612
6.810344   206.424252
6.820344   205.451966
6.830344   205.501763
6.840344   207.517657
6.850344   208.151078
6.860344   205.073359
6.870344   202.006657
6.880344   --undefined--
6.890344   --undefined--
6.900344   --undefined--
6.910344   --undefined--
6.920344   --undefined--
6.930344   --undefined--
6.940344   --undefined--
6.950344   --undefined--
6.960344   --undefined--
6.970344   --undefined--
6.980344   --undefined--
6.990344   176.856575
7.000344   172.195955
7.010344   169.879392
7.020344   --undefined--
7.030344   --undefined--
7.040344   --undefined--
7.050344   --undefined--
7.060344   --undefined--
7.070344   --undefined--
7.080344   --undefined--
7.090344   --undefined--
7.100344   --undefined--
7.110344   --undefined--
7.120344   --undefined--
7.130344   --undefined--
7.140344   --undefined--
7.150344   --undefined--
7.160344   --undefined--
7.170344   --undefined--
7.180344   --undefined--
7.190344   --undefined--
7.200344   --undefined--
7.210344   --undefined--
7.220344   --undefined--
7.230344   --undefined--
7.240344   --undefined--
7.250344   --undefined--
7.260344   --undefined--
7.270344   --undefined--
7.280344   --undefined--
7.290344   --undefined--
7.300344   --undefined--
7.310344   --undefined--
7.320344   --undefined--
7.330344   --undefined--
7.340344   --undefined--
7.350344   --undefined--
7.360344   --undefined--
7.370344   --undefined--
7.380344   --undefined--
7.390344   --undefined--
7.400344   --undefined--
7.410344   472.909858
7.420344   472.815190
7.430344   --undefined--
