mean: 75.0971045167623 std: 7.588495243116843 duration: 9.462125
0.04306249999999926 64.8986637815125
0.053729166666665926 65.2180050143566
0.0643958333333326 68.30828491573928
0.07506249999999925 73.60420778389313
0.08572916666666594 77.2206819275704
0.0963958333333326 79.49059459116837
0.10706249999999926 80.63515634912783
0.11772916666666594 81.06102970718503
0.1283958333333326 81.3921429776248
0.13906249999999928 82.1428891075305
0.14972916666666594 83.15682299904553
0.1603958333333326 84.03943699584693
0.17106249999999926 84.79940479404819
0.18172916666666594 85.48527424165411
0.1923958333333326 85.85917952850798
0.20306249999999929 85.75337062121386
0.21372916666666594 85.0302163518108
0.2243958333333326 83.6942759826673
0.23506249999999929 82.04533673417023
0.24572916666666594 80.75900641834554
0.25639583333333266 79.98411256434667
0.2670624999999993 79.63264781423537
0.27772916666666597 80.07458525486464
0.28839583333333263 80.28492825449516
0.2990624999999993 79.66916555389498
0.309729166666666 78.69821197274861
0.32039583333333266 79.192533098163
0.3310624999999993 80.63403490717124
0.341729166666666 81.28988857414514
0.35239583333333263 80.73083380231756
0.36306249999999934 78.5837250284625
0.373729166666666 75.52878213238864
0.38439583333333266 74.27968472498208
0.3950624999999993 73.40636434710676
0.405729166666666 71.98779776015044
0.4163958333333327 73.08700539557134
0.42706249999999935 76.43523218245245
0.437729166666666 80.1210601364197
0.44839583333333266 82.33528415453617
0.4590624999999993 82.61533197580681
0.46972916666666603 81.62516567170479
0.4803958333333327 80.82335467631202
0.49106249999999935 80.74402359258997
0.501729166666666 80.74506928996331
0.5123958333333326 80.90885035349557
0.5230624999999993 81.12768307305271
0.533729166666666 81.17285072768155
0.5443958333333326 81.09279385402097
0.5550624999999992 80.88754519063664
0.565729166666666 80.48519743982509
0.5763958333333327 79.97420230752147
0.5870624999999993 79.79401975431563
0.597729166666666 79.92750746908982
0.6083958333333326 79.93311683794184
0.6190624999999993 79.71221094256603
0.629729166666666 79.39920949096633
0.6403958333333326 79.34512119865359
0.6510624999999993 79.70208745594208
0.6617291666666659 80.014928617099
0.6723958333333326 79.10771067224834
0.6830624999999994 76.46803296810164
0.693729166666666 74.40945605237627
0.7043958333333327 74.93592289288098
0.7150624999999993 77.2201366868544
0.725729166666666 79.57827290562616
0.7363958333333327 80.41323460557393
0.7470624999999993 80.2602100812163
0.757729166666666 80.11573894769705
0.7683958333333326 79.88660209275558
0.7790624999999993 79.58431655797604
0.789729166666666 79.50429101302728
0.8003958333333326 79.43841017432922
0.8110624999999994 79.30565760002871
0.821729166666666 78.96203669365852
0.8323958333333327 78.37169268974141
0.8430624999999994 78.25997722107124
0.853729166666666 78.66129521202097
0.8643958333333327 78.9758955062623
0.8750624999999993 79.07743545851065
0.885729166666666 78.91439201299217
0.8963958333333327 78.6282510494049
0.9070624999999993 78.41561649080373
0.917729166666666 78.19063684265619
0.9283958333333326 77.8585363985711
0.9390624999999994 77.4904683028402
0.949729166666666 77.08176455148511
0.9603958333333327 76.35094489104037
0.9710624999999994 75.13830839242881
0.981729166666666 73.6322652223404
0.9923958333333327 72.20383432486935
1.0030624999999993 71.36174115205121
1.0137291666666661 71.11671155284408
1.0243958333333327 71.07117245891484
1.0350624999999993 70.85054098129729
1.0457291666666662 70.17283465342835
1.0563958333333328 68.78893326079977
1.0670624999999994 66.82697318097566
1.0777291666666662 64.26401049145217
1.0883958333333328 62.76649590086018
1.0990624999999994 62.26930093158012
1.1097291666666662 65.98673411983889
1.1203958333333328 71.73347273075765
1.1310624999999994 74.32598139808151
1.1417291666666662 73.5635518344285
1.1523958333333328 72.34696856814793
1.1630624999999994 73.54183755841137
1.173729166666666 73.98184727440342
1.1843958333333329 73.16402647546965
1.1950624999999995 72.04611698002915
1.205729166666666 70.74247261131072
1.216395833333333 69.84638672113167
1.2270624999999995 70.47679558645922
1.237729166666666 72.62816784058666
1.248395833333333 74.92466225033404
1.2590624999999995 76.04966173302763
1.2697291666666661 76.27903610944712
1.2803958333333327 76.40609012371998
1.2910624999999996 76.67889215941292
1.3017291666666662 76.73514613411581
1.3123958333333328 76.4123360717716
1.3230624999999996 76.23086966879036
1.3337291666666662 76.91017703341774
1.3443958333333328 78.61303192267796
1.3550624999999996 79.72071270983957
1.3657291666666662 79.4906932761314
1.3763958333333328 78.34434173785239
1.3870624999999994 78.05301672027396
1.3977291666666662 78.93645643600613
1.4083958333333328 79.02917764601268
1.4190624999999994 77.51826315162756
1.4297291666666663 74.25121123121775
1.4403958333333329 69.3322927057085
1.4510624999999995 66.80913766818084
1.461729166666666 71.43033688356684
1.472395833333333 74.88061478393637
1.4830624999999995 76.54147521867517
1.493729166666666 77.35573866761148
1.504395833333333 78.05901286824687
1.5150624999999995 78.48401195081608
1.5257291666666661 78.6774011840876
1.536395833333333 78.94661093297975
1.5470624999999996 79.11783092284863
1.5577291666666662 79.03293014614215
1.5683958333333328 78.69690738799417
1.5790624999999996 78.24611569222009
1.5897291666666662 77.62237948583011
1.6003958333333328 76.82544107205781
1.6110624999999996 76.51630798011757
1.6217291666666662 76.45012060602687
1.6323958333333328 75.26438466426528
1.6430624999999996 72.66068128622703
1.6537291666666663 69.79852902130348
1.6643958333333329 67.44265867225721
1.6750624999999995 65.52787193482033
1.6857291666666663 66.23994966161204
1.6963958333333329 68.86708968857795
1.7070624999999995 71.9958563339029
1.7177291666666663 74.75185079427129
1.728395833333333 76.14743636288394
1.7390624999999995 76.34630922898546
1.7497291666666663 76.02459969902011
1.760395833333333 75.76767020756814
1.7710624999999995 75.77961097374545
1.7817291666666661 75.74770038255174
1.792395833333333 76.07793728627706
1.8030624999999996 77.0824296206133
1.8137291666666662 78.15674738084132
1.824395833333333 79.09943480027484
1.8350624999999996 79.75370869684254
1.8457291666666662 79.90781889721069
1.8563958333333328 79.1348359459192
1.8670624999999996 77.19033225507557
1.8777291666666662 75.09680921389139
1.8883958333333328 73.71848817407552
1.8990624999999997 71.7801707491929
1.9097291666666663 68.70031174896822
1.9203958333333329 65.84284995298627
1.9310624999999997 64.67632850965163
1.9417291666666663 63.56055902300548
1.9523958333333329 60.720020194371536
1.9630624999999995 56.91348261975915
1.9737291666666663 57.51031309767116
1.984395833333333 57.57575813747618
1.9950624999999995 56.97768274157107
2.0057291666666663 60.44064957935653
2.0163958333333327 68.11246014483683
2.0270624999999995 73.37061908676945
2.0377291666666664 75.69315957847996
2.0483958333333327 75.5513840637588
2.0590624999999996 74.45120113578572
2.069729166666666 73.91392284688123
2.0803958333333328 73.63772672305612
2.091062499999999 73.63280789989749
2.101729166666666 73.79897536138726
2.112395833333333 73.87215130980452
2.123062499999999 74.02099150399961
2.133729166666666 74.02536148565974
2.144395833333333 73.74186552696108
2.155062499999999 73.23270268829387
2.165729166666666 72.761435516826
2.176395833333333 72.63315700072398
2.1870624999999992 72.74200299247693
2.197729166666666 72.82073920931532
2.208395833333333 72.69814465008126
2.2190624999999993 72.3746703836201
2.229729166666666 72.24097054134536
2.240395833333333 72.19426666322094
2.2510624999999993 71.12170512823299
2.261729166666666 70.24604714889334
2.272395833333333 72.47057562525177
2.2830624999999993 73.74500721621618
2.293729166666666 73.18453054418694
2.3043958333333325 71.23663079487282
2.3150624999999994 68.57286552385428
2.325729166666666 66.54515865214853
2.3363958333333326 66.37195268029448
2.3470624999999994 66.4665635566287
2.357729166666666 67.24692461051384
2.3683958333333326 69.21591137102891
2.3790624999999994 70.29271998709336
2.3897291666666662 71.38887255200625
2.4003958333333326 72.91506454708808
2.4110624999999994 74.02063199845377
2.4217291666666663 74.01440592029074
2.4323958333333326 72.58977340644849
2.4430624999999995 69.43179044794019
2.4537291666666663 66.05283721166353
2.4643958333333327 64.61006836040147
2.4750624999999995 64.3297385977433
2.485729166666666 65.07918483849109
2.4963958333333327 65.43495077522248
2.5070624999999995 65.35086698977045
2.517729166666666 64.95781227416015
2.5283958333333327 66.85327075333228
2.5390624999999996 70.97875052981385
2.549729166666666 73.56829426700654
2.5603958333333328 74.34155810898334
2.5710624999999996 74.16888735326567
2.581729166666666 73.7115578215398
2.592395833333333 72.85672941324958
2.6030624999999996 71.61061288467452
2.613729166666666 71.08467957692918
2.624395833333333 71.13593556502528
2.6350624999999996 71.21798864242962
2.645729166666666 71.47897061397654
2.656395833333333 71.04613089090012
2.6670624999999997 69.87799441906405
2.677729166666666 68.20639060599262
2.688395833333333 66.58673525823234
2.6990624999999993 64.63062607901428
2.709729166666666 63.50114720664099
2.720395833333333 64.19410125747233
2.7310624999999993 64.37112727140337
2.741729166666666 63.59619006645267
2.752395833333333 63.85164136681908
2.7630624999999993 64.76024664027136
2.773729166666666 65.62058350852172
2.784395833333333 66.80992775243838
2.7950624999999993 67.52356955987709
2.805729166666666 67.27987929803633
2.816395833333333 67.63778588966547
2.8270624999999994 68.07537122316202
2.837729166666666 67.99495924952753
2.848395833333333 68.21888165558799
2.8590624999999994 68.72678214247402
2.869729166666666 68.95339253853177
2.8803958333333326 68.59521538274107
2.8910624999999994 68.10825909937441
2.9017291666666662 67.85375910036505
2.9123958333333326 67.92109205232087
2.9230624999999995 67.98929124476803
2.9337291666666663 67.14737053420562
2.9443958333333327 64.92976130973192
2.9550624999999995 62.20982323017142
2.9657291666666663 61.095242833589424
2.9763958333333327 62.49620012446033
2.9870624999999995 67.42327789810736
2.9977291666666663 72.19177704349866
3.0083958333333327 74.94881178174825
3.0190624999999995 75.84230254561854
3.0297291666666664 74.48667771469997
3.0403958333333327 71.34806428309209
3.0510624999999996 69.67038455924835
3.0617291666666664 69.53868424686432
3.0723958333333328 70.08934279512096
3.0830624999999996 70.07307603024093
3.093729166666666 68.34744561636232
3.104395833333333 65.07052639935063
3.1150624999999996 62.599271692539624
3.125729166666666 61.438214933458
3.136395833333333 62.53553723485862
3.1470624999999997 62.5962489888613
3.157729166666666 62.89391994929689
3.168395833333333 64.87607387427944
3.1790624999999997 65.68511685339706
3.189729166666666 64.38975802042854
3.200395833333333 62.113757840102295
3.2110624999999997 61.88355039755206
3.221729166666666 61.662723222626155
3.232395833333333 61.39108666332356
3.2430624999999997 59.79880110554069
3.253729166666666 58.09751952535084
3.264395833333333 59.46168393617857
3.2750624999999993 61.38199149721572
3.285729166666666 62.180476649294796
3.296395833333333 61.952713337009506
3.3070624999999993 59.68329116906187
3.317729166666666 59.06504099217112
3.328395833333333 60.59915237780941
3.3390624999999994 59.86096305628065
3.349729166666666 58.004822616346765
3.360395833333333 59.10386507955869
3.3710624999999994 61.520319617427994
3.3817291666666662 62.16519142627456
3.392395833333333 60.52597784991856
3.4030624999999994 60.4852177238049
3.4137291666666663 61.443369846202536
3.424395833333333 61.7688420295464
3.4350624999999995 62.98213277559852
3.4457291666666663 64.56696341250986
3.456395833333333 66.1873434438195
3.4670624999999995 67.67144420015401
3.4777291666666663 69.96339388101373
3.4883958333333327 72.201277448671
3.4990624999999995 73.9683670083422
3.5097291666666663 75.08249093880752
3.5203958333333327 76.120963603116
3.5310624999999995 76.93728260280531
3.5417291666666664 77.15712100811623
3.5523958333333328 76.96477261031538
3.5630624999999996 76.64189507846909
3.5737291666666664 76.36644397839322
3.584395833333333 76.11648642773078
3.5950624999999996 75.58665858837931
3.6057291666666664 73.95482992434734
3.616395833333333 70.57046085222326
3.6270624999999996 65.9740127469561
3.6377291666666665 61.326400770191526
3.648395833333333 60.570708783614734
3.6590624999999997 62.446646034115105
3.669729166666666 62.64657301194076
3.680395833333333 62.16372028947422
3.6910624999999997 62.20131478898925
3.701729166666666 62.057543228887155
3.712395833333333 63.48037577909818
3.7230624999999997 65.77140136921982
3.733729166666666 68.44502017039183
3.744395833333333 71.27222486034908
3.7550624999999997 72.97846404777906
3.765729166666666 73.45989306396282
3.776395833333333 73.49211113681115
3.7870624999999998 73.67336740871514
3.797729166666666 73.83081993023777
3.808395833333333 73.51360506077239
3.8190625 72.07439590780744
3.829729166666666 70.14319161530446
3.840395833333333 71.12766506929529
3.8510624999999994 73.32123100705255
3.861729166666666 74.37282337003752
3.872395833333333 74.6741151048339
3.8830624999999994 74.7961168576972
3.8937291666666662 74.74975014481733
3.904395833333333 74.55475339728156
3.9150624999999994 74.40174280415084
3.9257291666666663 74.21936568995332
3.936395833333333 73.88889881296191
3.9470624999999995 73.62828389799324
3.9577291666666663 73.46500342906856
3.968395833333333 73.3187744505425
3.9790624999999995 73.21420675982543
3.9897291666666663 73.16317561500863
4.000395833333333 73.19728146334002
4.0110624999999995 73.11467783880471
4.021729166666667 72.7743185426388
4.032395833333333 72.22365026990647
4.0430625000000004 71.30298061786701
4.053729166666667 69.56167975167229
4.064395833333333 66.91265546549359
4.0750625000000005 64.38866053937286
4.085729166666667 62.853016940452164
4.096395833333333 63.32972618177269
4.1070625000000005 64.90096762785322
4.117729166666667 65.93999426507025
4.128395833333333 66.10357568761383
4.1390625 65.67797322308354
4.149729166666667 63.96646615188893
4.160395833333333 60.747162707894276
4.1710625 61.528694431997366
4.181729166666667 62.58622288640565
4.192395833333333 62.27399595427343
4.2030625 62.22473453831863
4.213729166666667 63.188355495750834
4.224395833333333 64.87365400918611
4.2350625 64.6064597993361
4.245729166666667 64.73663692125473
4.256395833333333 65.6084332869102
4.2670625 64.92299998148125
4.277729166666667 64.48005602709797
4.288395833333333 66.91077327198376
4.2990625 69.52357908688994
4.309729166666667 71.38260664978264
4.320395833333333 72.65523547678148
4.3310625 73.79713039845275
4.341729166666667 74.77441134330132
4.3523958333333335 75.18834247987624
4.3630625 75.12026796051005
4.373729166666667 74.70730068532082
4.3843958333333335 74.20505233463687
4.3950625 73.90149299600131
4.405729166666667 73.78872810854241
4.4163958333333335 74.00054630435847
4.4270625 74.30974089044574
4.437729166666667 74.39466226601398
4.4483958333333335 74.24006791277317
4.4590625 74.34919702048299
4.469729166666667 74.87574816566892
4.480395833333334 75.22142836042308
4.4910625 75.15464424334434
4.501729166666667 75.06470509245469
4.512395833333334 75.10815132754772
4.5230625 75.05822261399211
4.533729166666666 74.98159481999778
4.544395833333334 74.87901845646246
4.5550625 74.6304293783255
4.565729166666666 74.34280028991553
4.576395833333334 74.28472376837794
4.5870625 74.18773268251294
4.597729166666666 73.65645056359136
4.608395833333334 72.94217077161925
4.6190625 72.66333055666115
4.6297291666666665 72.70673686975995
4.640395833333334 72.85519360017597
4.6510625 72.9482203097691
4.6617291666666665 73.00771878766022
4.672395833333334 73.02948673287347
4.6830625 72.9443659001888
4.6937291666666665 72.99464269344028
4.704395833333334 73.09879102691475
4.7150625 73.2744181330236
4.7257291666666665 73.3765126625104
4.736395833333334 73.0187085317186
4.7470625 71.84069495355759
4.757729166666667 69.71545180511329
4.768395833333334 67.25660786829198
4.7790625 66.15869107251504
4.789729166666667 68.42993480580364
4.800395833333334 70.88406226679942
4.8110625 71.97639111647717
4.821729166666667 72.30196840449221
4.832395833333334 72.42294925459527
4.8430625 72.23552382246703
4.853729166666667 72.07130212436827
4.864395833333334 72.04432040422314
4.8750625 71.89426394182335
4.885729166666667 71.773585769227
4.896395833333334 71.86587533570302
4.9070625 71.87262311751839
4.917729166666667 71.59494863516285
4.928395833333333 71.12151502186097
4.9390625 70.83669551104317
4.949729166666667 70.99721595723496
4.960395833333333 71.11117550475308
4.9710625 71.03364516301609
4.981729166666667 70.94584540988211
4.992395833333333 70.82751182924787
5.0030625 70.56228724359856
5.013729166666667 70.16559572533527
5.024395833333333 69.87892325549672
5.0350625 69.7079386930306
5.045729166666667 69.58528459801907
5.056395833333333 69.1896165167479
5.0670625000000005 68.84782846591038
5.077729166666667 68.86900319366185
5.088395833333333 68.66256209177325
5.0990625000000005 68.4061872581153
5.109729166666667 68.7404981878968
5.120395833333333 70.09698022968819
5.1310625000000005 70.69862009679358
5.141729166666667 69.91864173733755
5.152395833333333 69.21242504210106
5.1630625000000006 69.39467499980046
5.173729166666667 69.63419914598357
5.184395833333333 68.71054197690873
5.195062500000001 66.9082034154208
5.205729166666667 66.2026654048008
5.216395833333333 64.8382660745102
5.227062500000001 61.20645207540254
5.237729166666667 58.84616539375138
5.248395833333333 60.17236507719013
5.259062500000001 59.49758624709048
5.269729166666667 59.56097038854378
5.280395833333333 62.01441191878342
5.291062500000001 62.68417771897053
5.301729166666667 61.00265602276981
5.312395833333333 59.41983377868132
5.3230625 59.52081463620128
5.333729166666667 57.44617201674401
5.3443958333333335 54.96381999082911
5.3550625 56.7944455575104
5.365729166666667 60.60245631257972
5.3763958333333335 62.630137882562465
5.3870625 62.5723270376069
5.397729166666667 61.95981201988712
5.4083958333333335 61.263721637205606
5.4190625 59.92545267920476
5.429729166666667 58.81769817769312
5.4403958333333335 57.51750211346974
5.4510625 57.08920789669175
5.461729166666667 56.84091245117894
5.472395833333334 58.74796788804038
5.4830625 60.78017631286693
5.493729166666667 61.14581246083838
5.504395833333334 60.49594017004762
5.5150625 61.856884624035814
5.525729166666667 64.07888810682883
5.536395833333334 64.526657701365
5.5470625 64.08014800881942
5.557729166666667 64.96962285976119
5.568395833333334 64.88401720845164
5.5790625 62.94877492228274
5.589729166666667 62.82757122311036
5.600395833333334 62.450999727617116
5.6110625 60.70600521522692
5.621729166666667 60.016238766443465
5.632395833333334 60.10783196899389
5.6430625 61.41206736080589
5.653729166666667 61.598039778963376
5.664395833333334 60.81010414662187
5.6750625 59.21742482399763
5.685729166666667 59.87856101443997
5.696395833333334 60.88787878458356
5.7070625 59.8860295956237
5.7177291666666665 59.719243808910356
5.728395833333334 60.052915545603696
5.7390625 58.539403200147895
5.749729166666667 58.158395301698306
5.760395833333334 59.13563345179953
5.7710625 58.17363371749478
5.781729166666667 57.7395680459657
5.792395833333334 59.31680035299027
5.8030625 59.22753807148024
5.813729166666667 59.26646862181671
5.824395833333334 61.068456011756275
5.8350625 61.466134838956386
5.845729166666667 60.0733697557667
5.856395833333334 62.469222392413315
5.8670625 63.48141321323667
5.877729166666667 61.467557646514955
5.888395833333334 59.78226599032661
5.8990625 61.94042035785573
5.909729166666667 62.66439914436007
5.920395833333334 61.662412287283004
5.9310625 61.96204372279507
5.941729166666667 61.812478364440544
5.952395833333334 60.01663744044987
5.9630625 58.22143608644839
5.973729166666667 59.84861544948941
5.984395833333334 57.69166236439368
5.9950625 55.493267400681006
6.005729166666667 55.11520313620998
6.016395833333334 57.73964609843166
6.0270625 57.265365280505065
6.037729166666667 55.51359437031312
6.048395833333334 57.06961080237839
6.0590625000000005 59.79581869133979
6.069729166666667 59.80794050856705
6.080395833333334 58.65542366798466
6.0910625000000005 60.26262490809627
6.101729166666667 60.961004912491916
6.112395833333333 59.82964472128355
6.1230625000000005 55.514870327988476
6.133729166666667 54.052100878523376
6.144395833333333 56.57983933948478
6.1550625000000005 58.043057554128495
6.165729166666667 56.09583640965908
6.176395833333333 56.34850966396205
6.187062500000001 57.16241766796163
6.197729166666667 56.98025115111562
6.208395833333333 58.20887489743957
6.219062500000001 58.75768948922595
6.229729166666667 58.24142249081532
6.240395833333333 58.12864704942253
6.251062500000001 58.4921148541831
6.261729166666667 59.32991111459293
6.272395833333333 61.825727848452104
6.283062500000001 65.88592601257533
6.293729166666667 71.51438909264273
6.304395833333333 76.53839012092325
6.315062500000001 80.39650071783458
6.325729166666667 83.02112876103058
6.3363958333333334 84.63497587018574
6.347062500000001 85.4886281515261
6.357729166666667 85.73587747715335
6.3683958333333335 85.6076245319093
6.379062500000001 85.44858879497424
6.389729166666667 85.5112481231071
6.4003958333333335 85.73597787104663
6.411062500000001 85.92044487368959
6.421729166666667 85.63868625557308
6.4323958333333335 84.66734267856631
6.443062500000001 83.93350676234917
6.453729166666667 83.89766993167393
6.464395833333334 83.38709144456259
6.475062500000001 82.36067925756137
6.485729166666667 81.79034513041556
6.496395833333334 81.76271903805046
6.5070625 81.26743771830631
6.517729166666667 80.12746021870667
6.528395833333334 78.59529512997456
6.5390625 76.9952497481745
6.549729166666667 76.2278475494612
6.560395833333334 76.86820423399891
6.5710625 78.27416963611122
6.581729166666667 79.63900052069701
6.592395833333334 80.41379001722005
6.6030625 79.9898010687461
6.613729166666667 77.65128259704396
6.624395833333334 73.19336541175156
6.6350625 68.66452995390426
6.645729166666667 67.7640657190208
6.656395833333334 72.68895572259413
6.6670625 76.59994436402799
6.677729166666667 78.30181888575083
6.688395833333334 78.86602583467726
6.6990625 79.04464058000792
6.709729166666667 78.96095890250963
6.720395833333334 78.72810289563694
6.7310625 78.56327262603382
6.741729166666667 78.1564522941264
6.752395833333334 77.420288088398
6.7630625 76.43119502317502
6.7737291666666675 74.86861745882324
6.784395833333334 72.4985996519449
6.7950625 69.56198759897232
6.8057291666666675 67.31447025775914
6.816395833333334 65.46105263108578
6.8270625 65.14140106086413
6.8377291666666675 66.18464748697559
6.848395833333334 66.9588916886467
6.8590625 67.77327483468919
6.8697291666666676 69.11455520483942
6.880395833333334 70.26396683077974
6.8910625 70.28770363113728
6.901729166666667 69.05101357712928
6.912395833333334 66.74058683734575
6.9230625 64.59893950662098
6.933729166666667 63.47089051433077
6.944395833333334 62.728295522653106
6.9550625 63.08560469626332
6.965729166666667 64.9261264745001
6.976395833333334 65.64204839607731
6.9870625 65.22600320157161
6.997729166666667 65.08697289742302
7.008395833333334 64.78861631841181
7.0190625 64.28593397630732
7.029729166666667 62.65605929976821
7.040395833333334 59.688477248361195
7.0510625000000005 56.579703992477484
7.061729166666667 54.56266064635987
7.072395833333334 54.90100590538425
7.0830625000000005 53.86833750693772
7.093729166666667 54.254847500995496
7.104395833333334 57.59989993689243
7.1150625000000005 59.22259144399072
7.125729166666667 57.601069923306845
7.136395833333334 55.59554978416771
7.1470625000000005 56.16327285346104
7.157729166666667 58.737416333570344
7.168395833333334 60.05638533521247
7.179062500000001 59.725969612140716
7.189729166666667 58.95329780062721
7.200395833333334 62.06451259625639
7.211062500000001 63.780078963740046
7.221729166666667 64.08390572841857
7.232395833333334 66.52012345326372
7.243062500000001 69.92977354820991
7.253729166666667 72.18874494054678
7.264395833333333 73.67140046284084
7.275062500000001 74.11928886076899
7.285729166666667 73.56155925617796
7.296395833333333 73.23741094147027
7.307062500000001 73.62750478278961
7.317729166666667 73.91509461282313
7.328395833333333 73.46536964565803
7.339062500000001 71.68207989027222
7.349729166666667 68.00883350882928
7.3603958333333335 62.62967408905827
7.371062500000001 57.556923599244556
7.381729166666667 54.87909872654292
7.3923958333333335 55.857603174269876
7.403062500000001 58.03957999477704
7.413729166666667 62.024450375078295
7.4243958333333335 64.27037751940459
7.435062500000001 64.6211002630356
7.445729166666667 64.57879628532008
7.456395833333334 65.79439814653247
7.467062500000001 67.25027338055669
7.477729166666667 68.9252708099263
7.488395833333334 69.44468937974672
7.499062500000001 67.85738310691062
7.509729166666667 65.43577798480167
7.520395833333334 64.51454558320454
7.531062500000001 66.2117409511264
7.541729166666667 66.9275459885064
7.552395833333334 66.50192532369168
7.563062500000001 65.70527755272543
7.573729166666667 64.32033911801051
7.584395833333334 62.8801721851421
7.595062500000001 62.07400757319735
7.605729166666667 62.43449595529535
7.616395833333334 63.63758890520344
7.627062500000001 66.17274262969875
7.637729166666667 68.22176489602836
7.648395833333334 68.5571111653766
7.6590625 68.07593723111209
7.669729166666667 67.797215069722
7.680395833333334 67.0563625389637
7.6910625 67.25414510350704
7.701729166666667 67.3900806494876
7.712395833333334 66.98768403690114
7.7230625 67.51362575640675
7.733729166666667 67.8608192054499
7.744395833333334 66.1998305360722
7.7550625 63.51600166097114
7.7657291666666675 63.20753694448616
7.776395833333334 63.3978481619541
7.7870625 62.290071712281915
7.7977291666666675 58.5327715882901
7.808395833333334 57.44382339930162
7.8190625 56.57995220816563
7.8297291666666675 58.554544682396575
7.840395833333334 60.36363786943941
7.8510625 59.17778564835909
7.8617291666666675 56.48570724722961
7.872395833333334 57.962123050413524
7.8830625 58.534979952414815
7.893729166666668 56.22617862268132
7.904395833333334 54.005136148848166
7.9150625 54.09381539386529
7.925729166666668 56.000943085325034
7.936395833333334 58.981441451781905
7.9470625 60.72361374466928
7.957729166666668 60.20357331179392
7.968395833333334 59.15168243371571
7.9790625 61.25253252468983
7.989729166666668 68.45623765070793
8.000395833333334 73.86372996582705
8.0110625 76.65870324156757
8.021729166666667 77.90014112528522
8.032395833333334 78.55320308000996
8.043062500000001 79.16954351732745
8.053729166666667 79.50224945587685
8.064395833333334 79.53116857252508
8.075062500000001 78.94585296312239
8.085729166666667 77.52250656955938
8.096395833333334 75.72420170428485
8.107062500000001 74.60438474797118
8.117729166666667 75.13609585997656
8.128395833333334 76.15762848469348
8.139062500000001 77.03477354965672
8.149729166666667 77.02472793320194
8.160395833333334 76.07147406760663
8.171062500000001 75.18003146269989
8.181729166666667 74.72260446575403
8.192395833333334 76.20819574882213
8.203062500000001 80.70867720690947
8.213729166666667 84.68327128271184
8.224395833333334 86.71090470160905
8.2350625 87.18339017722896
8.245729166666667 86.62164723257222
8.256395833333334 85.11482907079704
8.2670625 82.59988457727474
8.277729166666667 79.96092533375308
8.288395833333334 78.96167016558937
8.2990625 78.4665666939353
8.309729166666667 76.71813210535167
8.320395833333334 73.52726504267913
8.3310625 69.27361563182413
8.341729166666667 65.93163334437182
8.352395833333334 65.33154849256242
8.3630625 66.18163845047607
8.373729166666667 69.52699119279909
8.384395833333334 72.67952740790523
8.3950625 74.24441944680817
8.405729166666667 75.32806871263989
8.416395833333334 76.21184619538977
8.4270625 76.39450173281647
8.437729166666667 75.78648714348459
8.448395833333334 74.66899211851782
8.4590625 73.96390562548427
8.469729166666667 74.08507602263768
8.480395833333334 74.43275450619504
8.4910625 74.16648007460293
8.501729166666667 72.55967723049382
8.512395833333334 69.17886515193798
8.5230625 68.01478465819979
8.533729166666667 70.07885183867667
8.544395833333335 70.87096203519937
8.5550625 69.93287083269011
8.565729166666667 67.75200573484554
8.576395833333335 66.84667805457914
8.5870625 69.54598275618592
8.597729166666667 71.99361838377722
8.608395833333335 73.10259277075087
8.6190625 73.50348511049772
8.629729166666667 72.7144907829155
8.640395833333335 70.57305254046014
8.6510625 68.86303407405244
8.661729166666667 68.58258257183486
8.672395833333335 68.01771101459357
8.6830625 67.39060476620892
8.693729166666667 67.86700597071551
8.704395833333335 67.50400658562577
8.7150625 66.15097881850673
8.725729166666667 64.38509047410344
8.736395833333335 63.41067018344471
8.7470625 62.71563918058634
8.757729166666667 62.948114576511685
8.768395833333335 61.26016488661258
8.7790625 59.62706559184963
8.789729166666667 59.484725953913866
8.800395833333335 61.064622318440186
8.8110625 60.728431747159405
8.821729166666668 60.43413212471246
8.832395833333335 61.402480018054185
8.8430625 61.40641558455479
8.853729166666668 62.47969105646622
8.864395833333335 64.31228667218251
8.8750625 64.61566247942372
8.885729166666668 63.49782487925281
8.896395833333335 63.64906995852782
8.9070625 64.3947377099684
8.917729166666668 63.896100076983736
8.928395833333335 61.392401757322894
8.9390625 57.863928027569465
8.949729166666668 58.87691085343795
8.960395833333335 58.961477633270974
8.9710625 58.545522808013104
8.981729166666668 57.436158782090736
8.992395833333335 57.36045818756736
9.0030625 56.43081542458968
9.013729166666668 58.299428314995716
9.024395833333333 60.364594310493445
9.0350625 61.87498045899116
9.045729166666668 61.930437074265335
9.056395833333333 60.40579506125383
9.0670625 60.495530898805995
9.077729166666668 61.41593202303297
9.088395833333333 61.52924011521535
9.0990625 59.822735992754545
9.109729166666668 59.48216409534575
9.120395833333333 58.94636385595351
9.1310625 57.89731852769883
9.141729166666668 59.72108290892788
9.152395833333333 60.73473963939611
9.1630625 60.1851857798072
9.173729166666668 59.916536340413614
9.184395833333333 59.97975674528172
9.1950625 58.7640065711566
9.205729166666668 60.72380992982601
9.216395833333333 62.099628638908506
9.2270625 62.19360199564819
9.237729166666668 61.20760542613533
9.248395833333333 61.79358312410137
9.2590625 62.904466426456096
9.269729166666668 65.33500673929615
9.280395833333333 66.54294512130437
9.2910625 66.22029490373907
9.301729166666668 66.18346359407526
9.312395833333333 67.51715044069952
9.3230625 67.5776506309805
9.333729166666668 65.25786062662829
9.344395833333333 64.13068530660904
9.3550625 64.53197025519464
9.365729166666668 64.4388514055283
9.376395833333333 62.33932066229963
9.3870625 60.98227297406354
9.397729166666668 62.258444297747815
9.408395833333334 62.1112073076418
9.4190625 63.91239563680066
