Time_s   Intensity_dB
0.071188   65.488076
0.087188   74.759508
0.103188   80.663906
0.119188   83.144733
0.135188   83.325853
0.151188   82.359816
0.167188   80.541802
0.183188   78.410613
0.199188   77.617699
0.215188   78.967062
0.231188   82.386679
0.247188   84.924941
0.263188   85.082889
0.279188   83.754527
0.295188   82.801212
0.311188   83.279642
0.327188   83.948636
0.343188   83.499130
0.359188   81.727105
0.375188   78.454901
0.391188   73.262242
0.407188   67.400627
0.423188   65.150988
0.439188   64.847887
0.455188   64.344545
0.471188   64.059928
0.487188   62.416119
0.503188   60.126755
0.519188   60.055682
0.535188   61.686839
0.551188   62.461724
0.567188   62.529718
0.583188   62.151276
0.599188   62.060851
0.615188   62.705272
0.631188   62.871643
0.647188   63.296890
0.663188   63.793381
0.679188   64.331375
0.695188   63.814546
0.711188   62.752833
0.727188   62.279331
0.743188   62.764851
0.759188   61.872450
0.775188   59.301005
0.791188   58.432048
0.807188   59.280180
0.823188   59.227202
0.839188   57.937966
0.855188   58.379317
0.871188   58.182517
0.887188   56.083396
0.903188   56.044626
0.919188   58.584805
0.935188   64.237799
0.951188   72.355453
0.967188   77.654037
0.983188   80.072849
0.999188   80.885411
1.015188   81.164862
1.031188   81.131082
1.047188   80.724074
1.063188   80.199836
1.079188   79.724260
1.095188   79.348049
1.111188   79.109951
1.127188   78.921910
1.143188   78.476656
1.159188   77.359333
1.175188   76.413079
1.191188   77.115006
1.207188   78.333498
1.223188   78.977324
1.239188   78.988523
1.255188   78.404034
1.271188   77.267498
1.287188   75.903367
1.303188   75.064409
1.319188   74.526967
1.335188   73.206352
1.351188   71.216768
1.367188   69.250348
1.383188   67.704880
1.399188   67.182273
1.415188   67.051234
1.431188   65.654525
1.447188   62.491616
1.463188   60.360676
1.479188   59.933529
1.495188   60.054730
1.511188   61.767441
1.527188   61.869633
1.543188   61.277672
1.559188   61.723882
1.575188   63.404798
1.591188   63.516748
1.607188   62.281718
1.623188   61.170888
1.639188   59.550509
1.655188   59.115020
1.671188   60.113457
1.687188   61.363740
1.703188   63.279682
1.719188   64.838183
1.735188   64.175075
1.751188   61.479242
1.767188   58.333272
1.783188   60.967787
1.799188   66.551670
1.815188   71.266862
1.831188   75.013610
1.847188   77.678863
1.863188   79.660793
1.879188   81.405178
1.895188   82.752016
1.911188   83.456945
1.927188   83.392647
1.943188   82.614928
1.959188   81.745592
1.975188   81.421501
1.991188   81.159218
2.007188   80.119823
2.023188   78.147320
2.039188   76.608037
2.055188   77.129160
2.071188   77.892281
2.087188   77.153871
2.103188   74.763350
2.119188   72.773120
2.135188   75.843293
2.151188   80.458880
2.167188   82.776925
2.183188   82.834301
2.199188   81.292560
2.215188   79.298620
2.231188   77.331205
2.247188   77.514724
2.263188   80.270918
2.279188   81.638677
2.295188   81.296053
2.311188   80.070600
2.327188   78.898047
2.343188   78.930760
2.359188   78.254740
2.375188   74.636832
2.391188   70.787606
2.407188   73.620896
2.423188   77.525306
2.439188   80.344104
2.455188   81.386954
2.471188   80.020887
2.487188   76.714724
2.503188   73.394105
2.519188   69.881916
2.535188   65.426199
2.551188   64.023058
2.567188   69.562069
2.583188   75.456657
2.599188   79.279657
2.615188   81.354312
2.631188   82.209039
2.647188   82.104146
2.663188   80.571681
2.679188   77.827699
2.695188   74.833083
2.711188   70.761540
2.727188   65.941063
2.743188   62.871989
2.759188   62.074807
2.775188   63.014719
2.791188   64.601446
2.807188   69.400025
2.823188   72.994366
2.839188   74.844149
2.855188   76.874144
2.871188   78.737969
2.887188   79.521884
2.903188   78.893408
2.919188   77.921740
2.935188   77.784321
2.951188   77.520862
2.967188   77.141038
2.983188   77.122298
2.999188   77.335038
3.015188   77.538036
3.031188   77.540840
3.047188   77.271371
3.063188   76.897825
3.079188   75.721299
3.095188   72.720455
3.111188   68.716901
3.127188   67.073792
3.143188   70.192998
3.159188   73.704632
3.175188   75.082138
3.191188   73.758645
3.207188   71.532860
3.223188   72.793552
3.239188   76.102774
3.255188   78.217877
3.271188   79.366968
3.287188   80.023504
3.303188   79.964242
3.319188   78.946226
3.335188   76.893773
3.351188   73.852304
3.367188   69.555220
3.383188   65.966511
3.399188   67.282233
3.415188   69.056671
3.431188   68.729520
3.447188   69.807042
3.463188   72.277219
3.479188   71.824567
3.495188   67.988113
3.511188   64.276055
3.527188   65.978034
3.543188   67.528012
3.559188   68.024401
3.575188   68.129599
3.591188   67.417492
3.607188   66.691498
3.623188   68.423025
3.639188   69.665974
3.655188   69.312995
3.671188   68.519962
3.687188   68.094361
3.703188   67.919450
3.719188   66.823904
3.735188   65.091109
3.751188   64.113212
3.767188   65.388739
3.783188   66.858970
3.799188   67.479667
3.815188   68.020142
3.831188   68.279906
3.847188   67.753523
3.863188   67.235800
3.879188   67.457986
3.895188   67.781196
3.911188   68.429883
3.927188   68.164341
3.943188   66.767816
3.959188   66.096280
3.975188   66.744155
3.991188   68.915119
4.007188   69.818813
4.023188   69.130790
4.039188   68.235250
4.055188   67.291218
4.071188   66.798052
4.087188   68.973073
4.103188   71.511319
4.119188   72.420361
4.135188   72.412935
4.151188   72.197358
4.167188   71.868233
4.183188   71.504895
4.199188   71.512226
4.215188   71.609733
4.231188   70.877308
4.247188   69.054223
4.263188   67.218787
4.279188   66.033228
4.295188   65.046619
4.311188   66.264701
4.327188   68.912808
4.343188   71.398262
4.359188   73.017017
4.375188   73.536754
4.391188   73.172999
4.407188   72.815247
4.423188   72.972835
4.439188   73.194472
4.455188   73.061332
4.471188   72.833783
4.487188   73.086851
4.503188   73.600849
4.519188   73.670898
4.535188   73.471307
4.551188   73.454531
4.567188   73.550282
4.583188   73.530673
4.599188   73.377494
4.615188   73.191640
4.631188   73.015427
4.647188   72.844949
4.663188   72.684039
4.679188   72.633033
4.695188   72.929346
4.711188   72.992007
4.727188   72.496569
4.743188   71.820540
4.759188   70.696589
4.775188   69.140117
4.791188   66.845884
4.807188   65.069269
4.823188   65.250344
4.839188   66.090875
4.855188   66.374716
4.871188   65.806065
4.887188   65.485317
4.903188   65.429026
4.919188   66.362700
4.935188   66.609644
4.951188   66.662018
4.967188   66.897078
4.983188   66.255559
4.999188   65.349172
5.015188   64.887771
5.031188   64.433013
5.047188   63.798174
5.063188   63.608781
5.079188   63.106922
5.095188   61.534596
5.111188   59.733368
5.127188   60.708957
5.143188   62.358882
5.159188   63.372311
5.175188   64.243433
5.191188   65.178349
5.207188   65.464384
5.223188   65.551554
5.239188   66.040536
5.255188   66.176970
5.271188   65.244474
5.287188   63.633417
5.303188   62.167873
5.319188   59.981501
5.335188   58.831993
5.351188   59.878866
5.367188   62.574826
5.383188   66.968168
5.399188   70.770792
5.415188   73.440765
5.431188   75.185804
5.447188   76.504966
5.463188   77.803406
5.479188   78.777400
5.495188   79.253283
5.511188   79.708681
5.527188   81.013387
5.543188   82.265376
5.559188   81.919620
5.575188   80.655854
5.591188   80.074700
5.607188   80.423520
5.623188   81.078937
5.639188   81.530674
5.655188   81.705491
5.671188   81.722684
5.687188   81.424467
5.703188   80.210637
5.719188   78.652774
5.735188   78.482145
5.751188   79.530948
5.767188   80.247298
5.783188   80.146672
5.799188   80.205919
5.815188   80.205756
5.831188   78.955585
5.847188   76.159315
5.863188   72.026591
5.879188   68.914725
5.895188   67.595625
5.911188   64.317672
5.927188   60.903533
5.943188   63.984165
5.959188   71.097359
5.975188   74.610972
5.991188   74.031709
6.007188   70.294074
6.023188   65.974941
6.039188   64.239338
6.055188   65.675505
6.071188   69.886303
6.087188   73.452169
6.103188   74.726927
6.119188   74.307836
6.135188   73.782013
6.151188   73.713957
6.167188   73.628613
6.183188   73.263802
6.199188   72.950131
6.215188   72.953932
6.231188   73.027623
6.247188   73.070516
6.263188   72.906966
6.279188   72.571917
6.295188   72.511610
6.311188   72.694400
6.327188   72.363115
6.343188   70.606974
6.359188   67.843250
6.375188   66.325357
6.391188   66.341083
6.407188   66.104676
6.423188   64.065537
6.439188   61.722074
6.455188   64.693614
6.471188   67.975553
6.487188   69.948071
6.503188   71.980513
6.519188   74.075414
6.535188   75.688441
6.551188   76.158263
6.567188   75.810691
6.583188   75.098720
6.599188   73.200671
6.615188   69.510277
6.631188   65.194729
6.647188   63.486559
6.663188   66.692244
6.679188   70.057592
6.695188   71.567312
6.711188   71.674092
6.727188   71.121093
6.743188   69.741256
6.759188   66.817480
6.775188   63.198380
6.791188   62.337146
6.807188   67.683423
6.823188   72.298305
6.839188   73.633544
6.855188   72.336923
6.871188   70.112586
6.887188   68.430713
6.903188   67.149162
6.919188   68.228710
6.935188   71.342564
6.951188   72.748166
6.967188   72.365574
6.983188   71.823246
6.999188   71.758603
7.015188   72.089372
7.031188   72.623286
7.047188   73.003188
7.063188   72.979441
7.079188   72.551821
7.095188   72.014048
7.111188   71.645215
7.127188   72.007756
7.143188   72.823925
7.159188   73.284287
7.175188   73.353679
7.191188   73.347793
7.207188   72.535662
7.223188   69.507901
7.239188   64.150126
7.255188   61.806711
7.271188   65.811204
7.287188   72.167235
7.303188   78.886715
7.319188   83.449528
7.335188   85.780148
7.351188   86.218678
7.367188   84.568557
7.383188   80.575112
7.399188   77.919174
7.415188   80.573614
7.431188   82.663395
7.447188   82.988739
7.463188   81.594936
7.479188   78.654641
7.495188   75.134168
7.511188   73.357305
7.527188   72.660133
7.543188   72.228516
7.559188   71.844925
7.575188   70.541159
7.591188   69.423451
7.607188   69.203753
7.623188   68.260015
7.639188   69.039772
7.655188   71.988743
7.671188   74.827670
7.687188   75.788382
7.703188   74.951686
7.719188   73.032592
7.735188   69.709329
7.751188   66.709990
7.767188   66.377655
7.783188   65.843667
7.799188   64.251199
7.815188   62.099538
7.831188   61.901443
7.847188   63.243528
7.863188   65.220395
7.879188   67.417660
7.895188   68.555813
7.911188   68.184491
7.927188   66.405536
7.943188   63.817478
7.959188   62.080724
7.975188   62.092713
7.991188   62.133499
8.007188   61.034560
8.023188   60.095921
8.039188   59.211834
8.055188   58.474048
8.071188   58.830865
8.087188   60.780932
8.103188   61.885333
8.119188   62.384477
8.135188   62.939561
8.151188   63.714021
8.167188   64.558353
8.183188   65.085492
8.199188   66.073726
8.215188   65.993265
8.231188   65.377033
8.247188   64.043414
8.263188   62.014949
8.279188   61.528483
8.295188   61.702946
8.311188   62.631235
8.327188   63.082434
8.343188   62.684081
8.359188   62.185750
8.375188   61.646603
8.391188   62.309191
8.407188   62.490943
8.423188   61.747873
8.439188   61.159812
8.455188   60.677791
8.471188   59.660133
8.487188   60.672482
8.503188   67.054849
8.519188   71.393662
8.535188   73.359522
8.551188   74.782465
8.567188   76.647807
8.583188   78.149069
8.599188   78.807134
8.615188   78.437147
8.631188   77.384004
8.647188   76.540803
8.663188   76.106448
8.679188   75.819839
8.695188   75.519880
8.711188   75.225475
8.727188   75.121761
8.743188   75.268755
8.759188   75.393323
8.775188   75.486483
8.791188   75.539849
8.807188   75.455345
8.823188   75.136584
8.839188   74.645124
8.855188   74.192253
8.871188   73.683994
8.887188   73.133512
8.903188   72.872551
8.919188   72.785077
8.935188   72.534356
8.951188   72.087795
8.967188   71.383891
8.983188   70.641098
8.999188   69.975335
9.015188   69.300077
9.031188   68.603205
9.047188   67.888710
9.063188   67.863128
9.079188   68.321413
9.095188   68.891675
9.111188   68.326530
9.127188   66.056494
9.143188   63.507926
9.159188   60.447343
9.175188   57.761624
9.191188   58.398105
9.207188   59.548474
9.223188   61.409894
9.239188   62.179806
9.255188   63.053357
9.271188   63.212519
9.287188   62.428336
9.303187   61.791844
9.319188   58.648833
9.335188   55.844780
9.351188   66.448689
9.367188   74.299257
9.383188   78.180146
9.399188   79.560901
9.415188   79.958242
9.431188   79.981729
9.447188   79.564190
9.463188   79.711064
9.479188   80.712924
9.495188   81.414938
9.511188   81.729713
9.527188   81.823958
9.543188   81.429089
9.559188   80.323661
9.575188   78.662920
9.591188   76.244805
9.607188   72.405285
9.623188   68.122422
9.639188   66.174466
9.655188   65.725541
9.671188   65.406974
9.687188   67.319675
9.703188   74.083776
9.719188   79.922554
9.735188   83.303624
9.751188   84.662148
9.767188   84.533232
9.783188   83.319991
9.799188   81.336951
9.815188   78.475571
9.831188   76.495716
9.847188   75.701912
9.863188   74.413970
9.879188   73.979526
9.895188   73.568910
9.911188   74.486125
9.927188   78.461723
9.943188   80.996438
9.959188   81.782215
9.975188   81.947294
9.991188   81.610750
10.007188   80.609046
10.023188   78.563327
10.039188   75.246775
10.055188   72.671525
10.071188   73.511621
10.087188   76.074762
10.103188   77.667615
10.119188   77.713724
10.135188   76.364455
10.151188   73.776576
10.167188   70.927273
10.183188   70.893645
10.199188   72.268932
10.215188   73.661326
10.231188   75.051282
10.247188   75.616508
10.263188   75.001562
10.279188   74.206177
10.295188   74.131514
10.311188   74.100068
10.327188   73.546050
10.343188   72.019736
10.359188   68.821553
10.375188   64.298246
10.391188   60.301421
10.407188   59.387865
10.423188   60.110573
10.439188   60.417780
10.455188   60.837387
10.471188   59.738007
10.487188   58.507620
10.503188   58.703771
10.519188   60.136522
10.535188   61.437315
10.551188   60.575264
10.567188   59.854499
10.583188   59.615921
10.599188   59.747525
10.615188   60.737680
10.631188   62.133158
10.647188   68.312357
10.663188   74.190815
10.679188   77.302762
10.695188   78.603076
10.711188   79.136817
10.727188   79.209038
10.743188   79.009778
10.759188   78.617352
10.775188   77.666392
10.791188   75.012532
10.807188   69.585984
10.823188   62.539013
10.839188   62.184896
10.855188   68.180605
10.871188   73.462756
10.887188   76.075629
10.903188   77.017547
10.919188   77.439149
10.935188   77.279683
10.951188   76.136836
10.967188   73.992303
10.983188   71.304006
10.999188   69.218584
11.015188   68.154060
11.031188   70.728693
11.047188   74.609706
11.063188   77.980814
11.079188   79.469570
11.095188   78.103375
11.111188   74.293785
11.127188   68.625561
11.143188   63.663008
11.159188   62.374273
11.175188   61.748433
11.191188   64.433942
11.207188   70.000715
11.223188   73.168432
11.239188   73.589727
11.255188   71.730104
11.271188   68.841663
11.287188   67.724794
11.303188   68.466170
11.319188   68.893913
11.335188   68.839101
11.351188   69.405263
11.367188   69.699578
11.383188   69.837988
11.399188   70.957503
11.415188   73.281443
11.431188   76.308433
11.447188   78.888666
11.463188   79.984930
11.479188   79.641310
11.495188   78.845702
11.511188   77.083536
11.527188   73.325863
