Time_s   Intensity_dB
0.072000   10.190647
0.088000   10.309907
0.104000   10.461346
0.120000   10.265206
0.136000   10.025264
0.152000   9.999888
0.168000   10.112992
0.184000   10.442445
0.200000   10.644165
0.216000   10.450484
0.232000   10.295786
0.248000   10.585681
0.264000   10.685559
0.280000   10.409114
0.296000   10.270292
0.312000   10.204152
0.328000   10.345780
0.344000   10.668111
0.360000   10.652899
0.376000   12.211392
0.392000   28.802853
0.408000   46.174449
0.424000   57.302428
0.440000   64.060563
0.456000   68.187862
0.472000   70.653530
0.488000   71.393330
0.504000   71.084887
0.520000   70.761663
0.536000   70.681636
0.552000   70.836211
0.568000   71.098603
0.584000   70.965273
0.600000   70.231453
0.616000   69.220385
0.632000   69.114475
0.648000   69.199965
0.664000   67.746444
0.680000   65.850859
0.696000   64.957863
0.712000   64.095386
0.728000   63.109936
0.744000   61.828603
0.760000   60.552219
0.776000   60.936722
0.792000   62.608757
0.808000   63.369067
0.824000   62.843918
0.840000   62.271963
0.856000   64.199475
0.872000   67.104256
0.888000   69.548569
0.904000   71.923891
0.920000   73.561330
0.936000   73.694479
0.952000   72.403142
0.968000   70.069660
0.984000   71.292457
1.000000   75.906397
1.016000   77.986950
1.032000   77.474546
1.048000   76.224007
1.064000   75.444151
1.080000   76.148810
1.096000   77.090906
1.112000   77.285414
1.128000   77.107716
1.144000   76.677519
1.160000   77.366246
1.176000   77.883671
1.192000   76.799001
1.208000   74.720139
1.224000   72.169489
1.240000   69.348668
1.256000   66.822017
1.272000   69.932529
1.288000   76.347859
1.304000   80.888085
1.320000   83.319870
1.336000   84.811824
1.352000   85.394423
1.368000   85.078935
1.384000   84.416402
1.400000   83.902774
1.416000   83.561650
1.432000   82.823964
1.448000   81.299145
1.464000   79.720352
1.480000   78.608541
1.496000   77.777215
1.512000   76.742207
1.528000   74.670000
1.544000   72.040527
1.560000   70.458043
1.576000   70.007256
1.592000   71.743145
1.608000   73.422980
1.624000   73.494992
1.640000   72.137208
1.656000   70.431634
1.672000   69.364094
1.688000   68.120873
1.704000   66.159884
1.720000   63.722269
1.736000   60.955415
1.752000   58.484038
1.768000   56.674095
1.784000   55.135548
1.800000   53.099712
1.816000   51.280219
1.832000   49.501966
1.848000   47.530297
1.864000   46.021210
1.880000   44.972330
1.896000   44.425176
1.912000   44.155124
1.928000   43.752160
