mean: 71.76217694911821 std: 5.034299012667189 duration: 7.4506875
0.045343749999999496 69.93146645596168
0.05601041666666616 74.52830950755225
0.06667708333333283 76.42459399780356
0.07734374999999949 75.90394672964943
0.08801041666666617 73.44040128856747
0.09867708333333283 70.53262004128518
0.10934374999999949 68.40268406506664
0.12001041666666618 66.74774731038464
0.13067708333333283 65.76923272725402
0.14134374999999952 65.13158740318386
0.15201041666666618 64.40724522705446
0.16267708333333283 63.498868647569324
0.1733437499999995 63.0958920207275
0.18401041666666618 63.53740007681416
0.19467708333333283 65.20516235527963
0.20534374999999952 69.013939729062
0.21601041666666618 73.67751657899123
0.22667708333333283 76.33272856548382
0.23734374999999952 77.50598630307506
0.24801041666666618 78.52682101519973
0.2586770833333329 79.29266389389753
0.26934374999999955 79.3871782850684
0.2800104166666662 78.6435022977971
0.29067708333333286 76.74540453104274
0.3013437499999995 72.99466415042025
0.31201041666666623 67.35522566777934
0.3226770833333329 63.89274109420243
0.33334374999999955 64.13536473385783
0.3440104166666662 64.97522414230666
0.35467708333333287 68.62686840320714
0.3653437499999996 71.17574317974514
0.37601041666666624 73.2715708355223
0.3866770833333329 74.53435517745915
0.39734374999999955 75.30974065930243
0.4080104166666662 75.56050274200915
0.4186770833333329 74.13077708252115
0.4293437499999996 71.71133318108463
0.44001041666666624 70.70008561067962
0.4506770833333329 73.63405099225157
0.46134374999999955 76.282347480453
0.47201041666666627 77.274950325525
0.4826770833333329 77.53181467870094
0.4933437499999996 77.57488527504034
0.5040104166666662 77.07415820222873
0.5146770833333328 75.8011353834074
0.5253437499999996 73.83032565869742
0.5360104166666663 71.13595737143336
0.5466770833333329 69.50696225168952
0.5573437499999995 69.78208104650074
0.5680104166666662 71.26688159895633
0.5786770833333329 74.07541972019365
0.5893437499999995 76.19042767091823
0.6000104166666662 77.04559875786964
0.6106770833333328 76.58552696629103
0.6213437499999995 74.6868311444756
0.6320104166666662 71.38058834127614
0.6426770833333328 66.8636987354444
0.6533437499999996 62.26291452657232
0.6640104166666662 59.75930135127455
0.6746770833333329 59.30290908325942
0.6853437499999996 61.45071577522768
0.6960104166666662 60.861936944924025
0.7066770833333329 60.59613136703437
0.7173437499999995 63.188044816485096
0.7280104166666662 66.93544425147573
0.7386770833333329 69.10049369056604
0.7493437499999995 71.4731775047492
0.7600104166666662 73.94320238037751
0.7706770833333328 76.07270349710844
0.7813437499999996 77.69433305945269
0.7920104166666663 78.4135485182131
0.8026770833333329 78.0516492844724
0.8133437499999996 77.36643007268144
0.8240104166666662 77.68746852267319
0.8346770833333329 78.10703678245338
0.8453437499999996 78.0691717073559
0.8560104166666662 77.34067153752798
0.8666770833333329 75.31128857453213
0.8773437499999995 71.70966267204265
0.8880104166666662 68.63117523505349
0.898677083333333 66.23346481055708
0.9093437499999996 64.52521400009356
0.9200104166666663 65.70485387452699
0.9306770833333329 66.25901560763933
0.9413437499999996 70.00424546585528
0.9520104166666662 73.82125327478312
0.9626770833333329 75.32259703451675
0.9733437499999996 76.2335796624956
0.9840104166666662 77.12550774750926
0.9946770833333329 77.36491041535439
1.0053437499999995 76.35637311739501
1.0160104166666664 74.44948040457449
1.026677083333333 72.25885415123614
1.0373437499999996 71.29030629423603
1.0480104166666664 72.06145536699304
1.058677083333333 72.302157150277
1.0693437499999996 72.31950140020115
1.0800104166666664 72.33579146780185
1.090677083333333 72.24063078091915
1.1013437499999996 72.02341965476536
1.1120104166666664 71.8332866276771
1.122677083333333 71.62753996785702
1.1333437499999997 71.12819662866266
1.1440104166666665 70.51123868423976
1.154677083333333 69.73143967320848
1.1653437499999997 69.78829868713802
1.1760104166666663 70.25263402323547
1.186677083333333 70.41841115236976
1.1973437499999997 70.19107416356815
1.2080104166666663 68.95488976918534
1.2186770833333331 66.912973938907
1.2293437499999997 65.43471021689498
1.2400104166666663 64.75919695460816
1.2506770833333332 63.764859005202254
1.2613437499999998 62.82027123952672
1.2720104166666664 61.30555445423884
1.282677083333333 61.14257245128214
1.2933437499999998 62.55261108927306
1.3040104166666664 62.30294667112992
1.314677083333333 59.98743121884559
1.3253437499999998 61.816221416923874
1.3360104166666664 63.317562588600005
1.346677083333333 62.046744594034244
1.3573437499999998 58.332111314468435
1.3680104166666665 59.124309222719056
1.378677083333333 61.09178916109517
1.3893437499999997 62.016827319201155
1.4000104166666665 68.01573042820584
1.410677083333333 73.08490753553977
1.4213437499999997 74.96213450378058
1.4320104166666665 75.01349824086658
1.442677083333333 75.12119423545447
1.4533437499999997 75.03835524943163
1.4640104166666663 73.79314311954475
1.4746770833333331 71.18877701049558
1.4853437499999997 68.91682944469997
1.4960104166666663 67.94601347844882
1.5066770833333332 67.23777098568524
1.5173437499999998 67.36899998516905
1.5280104166666664 67.97768582141185
1.5386770833333332 67.96645424979889
1.5493437499999998 67.6164719157669
1.5600104166666664 69.8484755264076
1.570677083333333 72.97769101501147
1.5813437499999998 75.08152373473729
1.5920104166666664 75.91850271048266
1.602677083333333 75.60072556914612
1.6133437499999999 74.76267199160404
1.6240104166666665 73.94350820046583
1.634677083333333 72.2870486376305
1.6453437499999999 69.32215833697106
1.6560104166666665 67.37656430106485
1.666677083333333 67.13399888833476
1.6773437499999997 65.67260744584713
1.6880104166666665 62.405543084133285
1.6986770833333331 59.24876862030264
1.7093437499999997 56.15286962383137
1.7200104166666665 54.03716064808472
1.7306770833333331 54.99328892681198
1.7413437499999997 57.43222918498677
1.7520104166666666 57.028696520404345
1.7626770833333332 58.73264162265552
1.7733437499999998 65.61986994034
1.7840104166666664 69.33461239536777
1.7946770833333332 69.86787286394566
1.8053437499999998 68.55241054918898
1.8160104166666664 66.33771879713001
1.8266770833333332 64.3513128319326
1.8373437499999998 63.64536534734444
1.8480104166666664 63.014804364681815
1.858677083333333 63.15131263915541
1.8693437499999999 63.31394326933883
1.8800104166666665 63.957384898867204
1.890677083333333 67.16937775109278
1.9013437499999999 70.70465634843464
1.9120104166666665 74.3486897157974
1.922677083333333 77.5122824051088
1.93334375 79.3843682555037
1.9440104166666665 80.28440472401925
1.9546770833333331 80.90135776332828
1.9653437499999997 81.35696605074418
1.9760104166666665 81.32903730777899
1.9866770833333331 80.37808508124286
1.9973437499999998 78.20442060619844
2.0080104166666666 75.34736904749907
2.018677083333333 73.58122974446519
2.02934375 73.84519633056827
2.0400104166666666 73.32882472467435
2.050677083333333 70.85869195152756
2.06134375 67.35470051267853
2.072010416666666 64.22220092796277
2.082677083333333 60.61872865782437
2.0933437499999994 58.27436323209403
2.104010416666666 59.10898596012727
2.114677083333333 61.3797845464007
2.1253437499999994 67.53815639877244
2.1360104166666662 71.03416795256568
2.146677083333333 71.61366679638991
2.1573437499999994 70.29132940907462
2.1680104166666663 67.81265455081994
2.178677083333333 67.66730297954568
2.1893437499999995 70.3297551497479
2.2000104166666663 71.62563283452317
2.210677083333333 71.09532955715808
2.2213437499999995 70.44886033054367
2.2320104166666663 70.41586305630452
2.242677083333333 70.47084939360049
2.2533437499999995 70.39086628253234
2.2640104166666664 70.24118790482545
2.274677083333333 69.78388029763238
2.2853437499999996 68.92112710722034
2.2960104166666664 68.34374366599152
2.3066770833333328 69.13837555311532
2.3173437499999996 70.27988868514579
2.3280104166666664 70.42874907861062
2.338677083333333 69.90026108829815
2.3493437499999996 69.58301973376547
2.3600104166666664 69.07114158461147
2.370677083333333 68.36195643265486
2.3813437499999996 68.42557152658088
2.3920104166666665 68.6108327386715
2.402677083333333 68.42222619782785
2.4133437499999997 68.48585143244578
2.4240104166666665 68.25199462292169
2.434677083333333 66.44870868341391
2.4453437499999997 63.24443057771152
2.4560104166666665 60.21733467254591
2.466677083333333 60.3686664990617
2.4773437499999997 62.02033392896731
2.488010416666666 64.04844391045656
2.498677083333333 65.75668549799481
2.5093437499999998 66.26571248635717
2.520010416666666 66.20178384627042
2.530677083333333 65.41554939568951
2.54134375 64.39725151237585
2.552010416666666 64.625464586337
2.562677083333333 64.8770237998204
2.57334375 63.881911348105255
2.584010416666666 62.969905147255204
2.594677083333333 62.97218754841272
2.60534375 62.304559813248005
2.6160104166666662 61.52668352951726
2.626677083333333 64.66237175940935
2.63734375 67.21103543672976
2.6480104166666663 66.62887081521984
2.658677083333333 65.70839999616072
2.66934375 70.26921980764203
2.6800104166666663 74.52461841025374
2.690677083333333 75.74434088573096
2.7013437499999995 75.200072881669
2.7120104166666663 74.16733810048709
2.722677083333333 73.40423277458258
2.7333437499999995 73.22395256169028
2.7440104166666663 72.89210716761957
2.754677083333333 72.28715104182945
2.7653437499999995 72.0329933001055
2.7760104166666664 72.18996967350388
2.786677083333333 72.34093145782049
2.7973437499999996 72.34570607281734
2.8080104166666664 72.14170195369685
2.818677083333333 71.01368684434681
2.8293437499999996 68.31764197460514
2.8400104166666664 65.26470060903145
2.8506770833333333 63.66829143891536
2.8613437499999996 62.228725330071995
2.8720104166666665 60.60321991655583
2.882677083333333 59.83873292823314
2.8933437499999997 58.06302369739059
2.9040104166666665 58.22705111431426
2.914677083333333 59.74695644003879
2.9253437499999997 65.07382619984986
2.9360104166666665 69.08341358125458
2.946677083333333 70.55214629862154
2.9573437499999997 70.79639878711714
2.9680104166666665 70.6680349089456
2.978677083333333 70.51544007865593
2.9893437499999997 70.93750062023034
3.0000104166666666 71.64194869043887
3.010677083333333 72.03410718707451
3.0213437499999998 72.50322408493106
3.0320104166666666 73.4056259580803
3.042677083333333 74.49851385979295
3.05334375 75.37115089431859
3.0640104166666666 75.89979545297949
3.074677083333333 76.24565186767974
3.08534375 76.39237027324856
3.096010416666666 76.11404089340934
3.106677083333333 75.10145922770194
3.11734375 73.38220988736443
3.1280104166666662 71.82549563783294
3.138677083333333 71.08420450632522
3.14934375 71.20190430855477
3.1600104166666663 71.57715624108639
3.170677083333333 71.89444755417169
3.18134375 72.04105364801802
3.1920104166666663 72.36598822265259
3.202677083333333 71.87723674041271
3.21334375 69.73970523348876
3.2240104166666663 66.05283152185395
3.234677083333333 64.05230006541646
3.24534375 65.54750678985931
3.2560104166666664 67.13395651897831
3.266677083333333 66.72341541079578
3.2773437499999996 65.2588929789118
3.2880104166666664 66.58651777970653
3.298677083333333 71.14022445330919
3.3093437499999996 74.15544654682517
3.3200104166666664 74.877243075362
3.3306770833333332 74.55941026238834
3.3413437499999996 74.1605548589182
3.3520104166666664 74.35828033124379
3.3626770833333333 75.4348200916289
3.3733437499999996 76.411870838486
3.3840104166666665 76.77264532996544
3.3946770833333333 76.99262670213544
3.4053437499999997 77.05808290579226
3.4160104166666665 76.17346959065523
3.4266770833333333 73.40936121790772
3.4373437499999997 70.29133012495912
3.4480104166666665 71.20683945677598
3.4586770833333333 72.39270108558527
3.4693437499999997 72.16450316478513
3.4800104166666666 70.82920309069412
3.490677083333333 69.49218760686153
3.5013437499999998 68.11332721630035
3.5120104166666666 65.57818118848996
3.522677083333333 63.66755122986078
3.53334375 65.30391658289741
3.5440104166666666 66.31790171197954
3.554677083333333 65.34873586927561
3.56534375 67.6464475820694
3.5760104166666666 72.88895913059024
3.586677083333333 75.10871348206632
3.59734375 74.93312757397969
3.6080104166666667 74.08918330673986
3.618677083333333 73.2624217771797
3.62934375 72.26042195095918
3.6400104166666667 70.77698888710485
3.650677083333333 69.19920857422896
3.66134375 68.80588708672617
3.6720104166666663 69.28095195155936
3.682677083333333 69.51761098842026
3.69334375 70.10719076085377
3.7040104166666663 71.25442526799914
3.714677083333333 72.32799924014286
3.72534375 72.9091364476509
3.7360104166666663 72.87827094719087
3.746677083333333 72.2071289105525
3.75734375 71.36281325861411
3.7680104166666664 70.65196238030808
3.778677083333333 70.32552868455885
3.78934375 70.30480229570836
3.8000104166666664 70.35820515178666
3.810677083333333 70.34882787855885
3.82134375 70.69182853009711
3.8320104166666664 70.77882987943624
3.8426770833333332 70.32973510530988
3.8533437499999996 70.13298202870371
3.8640104166666664 70.05904837522148
3.8746770833333333 68.60588215634428
3.8853437499999997 65.50768826788862
3.8960104166666665 65.20294260637993
3.9066770833333333 66.39822540271521
3.9173437499999997 66.40350104258674
3.9280104166666665 65.39342273227105
3.9386770833333333 63.72520525346773
3.9493437499999997 62.979022264185886
3.9600104166666665 63.207046756110906
3.9706770833333334 63.81525438520559
3.9813437499999997 63.97242496528563
3.9920104166666666 63.25544636855867
4.002677083333333 61.746716204869365
4.01334375 60.219222484331056
4.024010416666667 58.07605897301784
4.034677083333333 55.13316466717869
4.045343750000001 52.61752284189123
4.056010416666667 53.13590657231
4.066677083333333 55.26952029417209
4.077343750000001 57.38853735386064
4.088010416666667 57.86708238136781
4.0986770833333335 59.263050712748935
4.109343750000001 61.59048662488908
4.120010416666667 65.94335879138075
4.1306770833333335 69.21688069771558
4.14134375 70.89306174857639
4.152010416666667 71.81757544625518
4.1626770833333335 72.18202466187692
4.17334375 71.6386992048086
4.184010416666667 69.94044847144255
4.194677083333334 68.01385751877649
4.20534375 67.83200882391165
4.216010416666667 70.04628092135371
4.226677083333334 72.27512703269149
4.23734375 73.0310548503774
4.248010416666667 72.74840379235233
4.258677083333334 72.49222693100302
4.26934375 72.34201132828383
4.280010416666667 72.03665635450231
4.290677083333334 71.70074950761122
4.30134375 71.66482919427567
4.312010416666667 71.84142956304544
4.322677083333334 71.98603664659902
4.33334375 72.06057940339133
4.344010416666667 72.30052426524833
4.354677083333334 72.6024016216953
4.36534375 72.74348110168314
4.376010416666667 72.96220206676406
4.386677083333334 73.38337214387037
4.39734375 73.85438716615218
4.408010416666667 74.1066530796253
4.418677083333334 74.2131417315671
4.42934375 74.1452952837082
4.440010416666667 73.66052773918777
4.450677083333334 72.79185929088162
4.46134375 72.23224016289569
4.472010416666667 72.56230682715581
4.482677083333334 72.01204853889865
4.49334375 69.75610298533213
4.5040104166666675 66.90529378096349
4.514677083333334 64.78572798164545
4.52534375 62.5013188157774
4.536010416666667 59.88390554100239
4.546677083333334 59.15779432537882
4.55734375 60.99436252847809
4.568010416666667 67.20957597977632
4.578677083333334 72.50491503868803
4.58934375 75.10098092209637
4.600010416666667 76.34296326868393
4.610677083333334 77.18671382320066
4.62134375 77.53494756504023
4.632010416666667 77.78350227168023
4.642677083333334 78.07996365184266
4.65334375 78.01641239272206
4.664010416666667 77.50584598424405
4.674677083333334 76.56267664371188
4.68534375 75.08139651324743
4.696010416666667 72.88690204573093
4.706677083333334 69.99472800814462
4.71734375 67.53921725925531
4.728010416666667 66.23830791739832
4.738677083333334 65.24994170889981
4.74934375 65.24317076738095
4.760010416666667 64.82059945450521
4.770677083333334 63.3854186612797
4.7813437500000004 61.66002424828705
4.792010416666667 61.86495827154542
4.802677083333334 61.84440661779355
4.8133437500000005 62.45033136280632
4.824010416666667 63.25061732897648
4.834677083333334 62.9066013953262
4.8453437500000005 61.910904808022295
4.856010416666667 62.477023809562624
4.866677083333334 62.35624229593887
4.8773437500000005 62.66447314845535
4.888010416666667 63.68310136485338
4.898677083333334 65.66561392176133
4.909343750000001 68.80167126136263
4.920010416666667 70.91218170914118
4.930677083333333 71.96650645883473
4.941343750000001 72.87837935347765
4.952010416666667 73.68170052558085
4.962677083333333 73.91240831912789
4.973343750000001 73.91638395323083
4.984010416666667 74.1021049305368
4.994677083333333 74.17248882297108
5.005343750000001 73.90009781996297
5.016010416666667 73.35488681820559
5.026677083333333 71.72993646474626
5.037343750000001 67.95338280489682
5.048010416666667 63.721847210792504
5.058677083333333 63.97427368069624
5.069343750000001 65.38444508212801
5.080010416666667 66.52866030465658
5.0906770833333335 66.65544357409013
5.101343750000001 65.47364088664625
5.112010416666667 63.25610501051804
5.1226770833333335 61.86588706380388
5.133343750000001 64.64271685683248
5.144010416666667 69.32154325128352
5.1546770833333335 71.8159931977925
5.165343750000001 72.72752521891194
5.176010416666667 73.16937630389619
5.1866770833333335 73.35213579221654
5.197343750000001 73.0187338182191
5.208010416666667 72.28096187976617
5.218677083333334 71.91895184774717
5.229343750000001 71.51487978889111
5.240010416666667 70.41026503438532
5.250677083333334 68.31795048306975
5.261343750000001 66.05924658764334
5.272010416666667 67.08965820681604
5.282677083333334 69.15701002876088
5.293343750000001 69.82425002092188
5.304010416666667 69.76445920865764
5.314677083333334 68.86754399382528
5.32534375 68.1683232084269
5.336010416666667 67.51505889320089
5.346677083333334 66.82643719134958
5.35734375 66.55735242343665
5.368010416666667 67.33812075404438
5.378677083333334 68.18227755485505
5.38934375 68.63927712899722
5.400010416666667 68.86878291775076
5.410677083333334 68.6918252291324
5.42134375 68.71006168399036
5.432010416666667 68.2587445347948
5.442677083333334 67.5195423465102
5.45334375 66.14958784718128
5.464010416666667 64.38830620502627
5.474677083333334 64.3408002138372
5.48534375 66.51007213260768
5.4960104166666675 67.05006178715445
5.506677083333334 69.20845022279495
5.51734375 72.42769342382154
5.5280104166666675 73.79451593841065
5.538677083333334 73.21579915161843
5.54934375 72.00655903939266
5.5600104166666675 71.3296853694814
5.570677083333334 70.98334814132048
5.58134375 71.60526214655175
5.5920104166666675 73.20245632649905
5.602677083333334 74.25593476836157
5.61334375 74.73229621682361
5.624010416666668 74.78570181094692
5.634677083333334 74.86437622384715
5.64534375 75.35783919093448
5.656010416666668 75.60383005038258
5.666677083333334 75.21616697148416
5.67734375 74.3712445728316
5.688010416666668 73.38017004414598
5.698677083333334 71.9342945300269
5.70934375 69.30710139826529
5.720010416666667 67.35613825973171
5.730677083333334 67.1548516757623
5.74134375 66.71261246467077
5.752010416666667 65.42685685611698
5.762677083333334 66.70205507488306
5.77334375 67.24162203605943
5.784010416666667 65.8771054857669
5.794677083333334 64.34714896826546
5.8053437500000005 64.7341959537981
5.816010416666667 65.36167468745836
5.826677083333334 66.30996222204277
5.8373437500000005 69.19659402077465
5.848010416666667 72.8976967842463
5.858677083333334 74.7989892337691
5.8693437500000005 75.27246344833033
5.880010416666667 75.29050470412886
5.890677083333334 75.20530930496267
5.9013437500000006 74.57396748061578
5.912010416666667 73.84116455227931
5.922677083333334 73.66193633798832
5.933343750000001 73.88473316177551
5.944010416666667 73.54469090736535
5.954677083333334 73.22150334278396
5.965343750000001 73.30967103348024
5.976010416666667 73.30629208797089
5.986677083333334 73.30203585172922
5.997343750000001 73.31078982033176
6.008010416666667 72.85811466578062
6.018677083333334 72.62545995933412
6.029343750000001 72.99445919915156
6.040010416666667 73.05563346459675
6.050677083333334 72.99947375168693
6.061343750000001 73.3014725823433
6.072010416666667 73.99259920425811
6.082677083333334 74.33455743252993
6.093343750000001 73.58243076166875
6.104010416666667 70.87160398927557
6.1146770833333335 67.09409951394336
6.125343750000001 65.20351678872652
6.136010416666667 65.79508650499028
6.1466770833333335 66.95626715024054
6.157343750000001 68.25664643260035
6.168010416666667 68.49290475438985
6.1786770833333335 68.53331411258624
6.189343750000001 68.79109551179526
6.200010416666667 68.59967721603655
6.210677083333334 66.46995189998749
6.221343750000001 62.03239106114133
6.232010416666667 57.28247416529416
6.242677083333334 56.90771997803583
6.253343750000001 58.337189652337706
6.264010416666667 60.45653655867228
6.274677083333334 60.13749019992915
6.285343750000001 60.16730470538146
6.296010416666667 61.227749263151246
6.306677083333334 62.97473124410975
6.317343750000001 63.126598388271816
6.328010416666667 64.95680413615102
6.338677083333334 69.52162827995296
6.349343750000001 72.03832166419008
6.360010416666667 72.84368227716001
6.370677083333334 73.39140620204871
6.381343750000001 72.98412089989016
6.392010416666667 72.466485066339
6.402677083333334 72.46720094533586
6.413343750000001 72.31861803304494
6.424010416666667 72.02854296885151
6.434677083333334 71.93138827333478
6.445343750000001 71.70055372355111
6.456010416666667 71.88148123942918
6.466677083333334 72.36914419612005
6.477343750000001 72.23635367761658
6.4880104166666674 71.93008559713427
6.498677083333334 72.13810381485301
6.50934375 72.68227084865276
6.5200104166666675 72.5891159883637
6.530677083333334 72.29532910083165
6.54134375 71.98302445736661
6.5520104166666675 70.72797932320809
6.562677083333334 68.11252623133244
6.57334375 65.70124237133788
6.5840104166666675 65.29500360830058
6.594677083333334 65.16542298014167
6.60534375 63.4708862782226
6.616010416666668 61.38353284992613
6.626677083333334 64.83589313727258
6.63734375 67.9031769377041
6.648010416666668 69.27807396467902
6.658677083333334 69.06399469480473
6.66934375 67.8957197520552
6.680010416666668 67.42541154965429
6.690677083333334 67.69273359891022
6.70134375 68.30392857464486
6.712010416666668 69.38937257453456
6.722677083333334 69.71654486354413
6.73334375 69.36197682897725
6.744010416666668 68.69793168120398
6.754677083333334 67.50499353653134
6.76534375 68.65850112590282
6.776010416666668 71.24112551364107
6.786677083333334 72.38516660039116
6.7973437500000005 72.61386143706832
6.808010416666668 72.64372203852267
6.818677083333334 72.34715256992273
6.8293437500000005 71.78021947174229
6.840010416666668 71.01104469609861
6.850677083333334 69.87292355027276
6.8613437500000005 67.94805743216885
6.872010416666668 66.13637751851084
6.882677083333334 67.46227600602265
6.8933437500000005 68.93455434780381
6.904010416666667 69.19138417996572
6.914677083333334 69.5504980693749
6.925343750000001 69.85686479554455
6.936010416666667 68.87426865230326
6.946677083333334 66.44307650211535
6.957343750000001 64.67212838815956
6.968010416666667 66.50897506335397
6.978677083333334 69.24682938513597
6.989343750000001 69.77676323562531
7.000010416666667 69.44162936691193
7.010677083333334 69.07622784057993
7.021343750000001 68.74700471344737
7.032010416666667 68.26823863218395
7.042677083333334 68.39946856989923
7.053343750000001 69.09964681590607
7.064010416666667 68.44377448958777
7.074677083333334 67.22166768039925
7.085343750000001 67.5152942644374
7.096010416666667 67.53913917108851
7.106677083333334 67.2560107496309
7.117343750000001 67.42102410874574
7.128010416666667 68.05997518593833
7.138677083333334 67.54493353745511
7.149343750000001 65.60969757235073
7.160010416666667 64.91571703127772
7.170677083333334 64.03915587857551
7.181343750000001 63.427940170472645
7.192010416666667 61.38066483943213
7.2026770833333345 61.3673532410851
7.213343750000001 63.473495494824135
7.224010416666667 65.03033433155407
7.2346770833333345 65.00010377706275
7.245343750000001 65.84724901464892
7.256010416666667 68.01187351741432
7.266677083333334 68.43739088980884
7.277343750000001 68.20431143245658
7.288010416666667 69.4068752314523
7.298677083333334 69.99735881841661
7.309343750000001 69.65239011302079
7.320010416666667 70.04620025080538
7.330677083333334 71.31120268440283
7.341343750000001 71.304363530145
7.352010416666667 71.01721419738274
7.362677083333334 70.79792016676939
7.373343750000001 69.92167465801356
7.384010416666667 68.64553042994184
7.394677083333334 67.507500638169
7.405343750000001 66.75361679413652
