mean: 74.51534383209412 std: 18.802604726421237
0.04790624999999996 10.461830475046758
0.05857291666666663 10.495556923826111
0.0692395833333333 10.175587610407739
0.07990624999999996 9.91309300202056
0.09057291666666664 9.727455414298657
0.1012395833333333 9.478522763813691
0.11190624999999996 11.288499982327098
0.12257291666666664 16.950883815239678
0.1332395833333333 29.63550178157639
0.14390624999999999 50.8437560092449
0.15457291666666664 65.20491975044297
0.1652395833333333 74.63742229918412
0.17590624999999996 80.21952565144173
0.18657291666666664 82.57698806981381
0.1972395833333333 82.50974937350931
0.20790625 81.17338431912749
0.21857291666666664 79.78178751010232
0.2292395833333333 78.75403500408366
0.23990625 77.66525024632536
0.25057291666666665 77.173463691383
0.26123958333333336 77.12683908594491
0.27190625 76.36645864155395
0.2825729166666667 75.61757714511313
0.29323958333333333 75.80398469769462
0.30390625 76.6669967158038
0.3145729166666667 77.7069552269215
0.32523958333333336 77.59006622906148
0.33590625 76.77956616905442
0.3465729166666667 76.11950826631796
0.35723958333333333 74.47066132683729
0.36790625000000005 72.37757364316205
0.3785729166666667 72.3051464334848
0.38923958333333336 71.70351163098806
0.39990625 69.4852224180251
0.4105729166666667 67.7496429363518
0.4212395833333334 67.16059410924417
0.43190625000000005 65.93833235270364
0.4425729166666667 64.04508940014036
0.45323958333333336 63.112605180391874
0.46390625 65.9006057470155
0.47457291666666673 70.57580570421368
0.4852395833333334 74.34025418370602
0.49590625000000005 76.56525087098757
0.5065729166666667 77.47914249063209
0.5172395833333333 79.27490556209669
0.52790625 81.0639444995055
0.5385729166666667 81.4315013309568
0.5492395833333333 81.90604733130796
0.5599062499999999 82.494529289333
0.5705729166666667 82.79706515286773
0.5812395833333334 82.18485958699429
0.59190625 80.02064418663862
0.6025729166666667 77.78888439000353
0.6132395833333333 76.54438804052806
0.62390625 75.47880982077504
0.6345729166666667 74.09055270193439
0.6452395833333333 71.91308547491704
0.65590625 70.29875344625309
0.6665729166666666 70.3312442981252
0.6772395833333333 70.48616713151776
0.68790625 68.39566168561889
0.6985729166666667 65.34091786570096
0.7092395833333334 65.7014966852928
0.71990625 65.8129692453441
0.7305729166666667 64.69974970090247
0.7412395833333334 65.6514063409191
0.75190625 70.35445490004474
0.7625729166666667 74.14420624196141
0.7732395833333333 75.29209973995583
0.78390625 74.72197049977665
0.7945729166666667 74.17658685270214
0.8052395833333333 73.78819953584606
0.81590625 73.25150944222388
0.8265729166666667 72.6375018054948
0.8372395833333334 71.96161615420681
0.8479062500000001 71.51653672446014
0.8585729166666667 71.08048159927701
0.8692395833333334 71.66972242504697
0.87990625 72.85799371258994
0.8905729166666667 73.42300965023873
0.9012395833333334 72.95052305701398
0.91190625 72.00248278561656
0.9225729166666667 71.46802545843718
0.9332395833333333 71.05571438654809
0.9439062500000001 69.94497524059364
0.9545729166666667 68.13071555175233
0.9652395833333334 66.22179345262988
0.9759062500000001 63.22638535779009
0.9865729166666667 60.73417559557731
0.9972395833333334 59.91015200057046
1.00790625 58.82084296052912
1.0185729166666668 57.45528151882827
1.0292395833333334 56.553066856850556
1.03990625 55.10727021042744
1.0505729166666669 53.15890090664779
1.0612395833333335 51.91300465359635
1.07190625 51.44197574871821
1.0825729166666669 50.92449695353373
1.0932395833333335 50.20600361722277
1.10390625 50.53648772629109
1.114572916666667 49.85756555652615
1.1252395833333335 47.99384867647154
1.1359062500000001 46.93561053463355
1.146572916666667 46.09194443736573
1.1572395833333335 45.254169013835856
1.1679062500000001 44.04326794644675
1.1785729166666667 43.09744846896899
1.1892395833333336 43.10520729995367
1.1999062500000002 41.9737757154444
1.2105729166666668 39.94247168429355
1.2212395833333336 39.65121331373816
1.2319062500000002 41.38429121330056
1.2425729166666668 43.73587992316083
1.2532395833333336 44.3027076694431
1.2639062500000002 43.51517483792155
1.2745729166666668 43.31283338080429
1.2852395833333334 42.245107885420126
1.2959062500000003 40.09634460116777
