mean: 73.11489245845704 std: 6.9986779885909565
0.044229166666666465 62.13292371492189
0.05489583333333313 63.169445926697314
0.0655624999999998 67.0812082794108
0.07622916666666646 71.62698258285702
0.08689583333333314 74.91701465066977
0.0975624999999998 77.26190421423391
0.10822916666666646 79.02746521180869
0.11889583333333315 79.96049947802985
0.1295624999999998 79.32467354111654
0.1402291666666665 76.64488545928904
0.15089583333333315 73.16064160649779
0.1615624999999998 70.26482124036386
0.17222916666666646 67.71823349112202
0.18289583333333315 66.64247832612425
0.1935624999999998 67.38294230234987
0.2042291666666665 68.5666538015702
0.21489583333333315 69.91655975614373
0.2255624999999998 70.02745223814051
0.2362291666666665 70.29394012428001
0.24689583333333315 71.36508017071145
0.25756249999999986 72.53590285745977
0.2682291666666665 74.03216277320043
0.2788958333333332 75.9783168677225
0.28956249999999983 77.26239043684186
0.3002291666666665 77.63577776992983
0.3108958333333332 78.18767619533307
0.32156249999999986 78.6234624849309
0.3322291666666665 78.70717156180633
0.3428958333333332 78.81874507588205
0.35356249999999984 79.00513155417772
0.36422916666666655 79.2846268048163
0.3748958333333332 79.60383164526378
0.38556249999999986 79.41125459747124
0.3962291666666665 78.66745451951675
0.4068958333333332 77.71968389683758
0.4175624999999999 77.04621349129916
0.42822916666666655 76.93961218834374
0.4388958333333332 77.35920060120704
0.44956249999999986 78.08466900580648
0.4602291666666665 78.20582127772721
0.47089583333333324 77.42580104873178
0.4815624999999999 75.7297955407008
0.49222916666666655 73.75287773315603
0.5028958333333332 72.07902394833907
0.5135624999999998 70.82605674329459
0.5242291666666665 69.08368805885927
0.5348958333333332 66.85662666609979
0.5455624999999998 65.6939953302908
0.5562291666666664 65.1355455185552
0.5668958333333332 63.933031501574284
0.5775624999999999 62.36790949911821
0.5882291666666665 63.30677052847747
0.5988958333333332 65.12631969964568
0.6095624999999998 65.65327386916789
0.6202291666666665 64.26129971743362
0.6308958333333332 63.41230970589747
0.6415624999999998 63.36862942649098
0.6522291666666665 63.4724446042733
0.6628958333333331 63.65993407493679
0.6735624999999998 63.882674047300256
0.6842291666666666 63.61257376943543
0.6948958333333332 61.517538898241924
0.7055624999999999 60.169210930771904
0.7162291666666665 57.65558808273098
0.7268958333333332 55.414176323769546
0.7375624999999999 56.14424109257221
0.7482291666666665 59.3526356282492
0.7588958333333332 60.802923859263004
0.7695624999999998 60.80150317133024
0.7802291666666665 59.464565713631536
0.7908958333333332 58.346780615046825
0.8015624999999998 59.04108504979911
0.8122291666666666 58.34845056087808
0.8228958333333332 59.44361749044633
0.8335624999999999 61.01378005404888
0.8442291666666666 63.99258141149229
0.8548958333333332 67.46551685222194
0.8655624999999999 70.89748705947821
0.8762291666666665 72.993329298779
0.8868958333333332 74.58827348930603
0.8975624999999999 76.00307232265712
0.9082291666666665 76.79682186221599
0.9188958333333332 76.74028950622385
0.9295624999999998 76.46541568879887
0.9402291666666666 76.651269128491
0.9508958333333332 76.70485847848585
0.9615624999999999 76.15757534560069
0.9722291666666666 75.47175899699621
0.9828958333333332 75.06881125294342
0.9935624999999999 74.99785786896958
1.0042291666666665 74.97052268793982
1.0148958333333333 75.03615853100169
1.0255625 75.15290529903821
1.0362291666666665 75.08047858382852
1.0468958333333334 74.63636608063281
1.0575625 74.13847275924397
1.0682291666666666 73.74733182193827
1.0788958333333334 73.16825212184953
1.0895625 72.08808386179226
1.1002291666666666 70.24977110761442
1.1108958333333334 67.94349072983765
1.1215625 67.54997787142291
1.1322291666666666 68.56336655994195
1.1428958333333334 68.61952149778716
1.1535625 67.73081993683195
1.1642291666666666 67.79933163124477
1.1748958333333333 67.71361182076382
1.1855625 67.56825039297605
1.1962291666666667 68.2756660679565
1.2068958333333333 67.88054844160912
1.2175625 66.24153751101247
1.2282291666666667 64.81020381463053
1.2388958333333333 65.96899425924383
1.2495625000000001 65.4357819621928
1.2602291666666667 63.810229131856744
1.2708958333333333 62.524298970901604
1.2815625 62.51373197576776
1.2922291666666668 62.14582137651922
1.3028958333333334 62.112592996352305
1.3135625 62.54191364297768
1.3242291666666668 62.88895341507923
1.3348958333333334 62.25865115955923
1.3455625 62.92453095021781
1.3562291666666668 63.79151521734738
1.3668958333333334 64.81464641569578
1.3775625 64.69176766921859
1.3882291666666666 64.66781959282538
1.3988958333333334 65.2267246109277
1.4095625 65.77590511556178
1.4202291666666667 65.98587463209385
1.4308958333333335 65.32395991975365
1.4415625 64.65170038566184
1.4522291666666667 61.56180257897581
1.4628958333333333 59.45372934802403
1.4735625 57.61839128260121
1.4842291666666667 57.69212044682255
1.4948958333333333 57.63765557839442
1.5055625000000001 59.2755726379942
1.5162291666666667 60.32412860050839
1.5268958333333333 59.84181869144229
1.5375625000000002 56.644479497859365
1.5482291666666668 53.350344594399665
1.5588958333333334 52.43919197740599
1.5695625 56.392474631349884
1.5802291666666668 59.62290808576114
1.5908958333333334 61.87406663165102
1.6015625 64.4332805787984
1.6122291666666668 66.63145773646788
1.6228958333333334 67.16910022497552
1.6335625 67.73358935528687
1.6442291666666669 70.13618154285152
1.6548958333333335 71.26717481976392
1.6655625 70.00455308919062
1.6762291666666667 70.33845534291974
1.6868958333333335 72.59823685407119
1.6975625 73.25332401465113
1.7082291666666667 73.64028475863503
1.7188958333333335 74.75875111361775
1.7295625000000001 75.29454082828137
1.7402291666666667 75.05860898176488
1.7508958333333335 74.69005584784853
1.7615625000000001 74.6621098935705
1.7722291666666667 74.82839909807369
1.7828958333333333 75.01111696527757
1.7935625000000002 75.47047389826261
1.8042291666666668 76.03318060647968
1.8148958333333334 76.32116989938612
1.8255625000000002 76.23001549725868
1.8362291666666668 75.81880808728107
1.8468958333333334 75.03763888491488
1.8575625 73.54660326790635
1.8682291666666668 71.17944082322308
1.8788958333333334 68.9154866455537
1.8895625 67.40410862545477
1.9002291666666669 66.90097097204679
1.9108958333333335 67.31154801316006
1.9215625 67.7637798352082
1.9322291666666669 68.1929695274074
1.9428958333333335 68.97035759141606
1.9535625 68.02118187502177
1.9642291666666667 65.07439259413077
1.9748958333333335 65.36634212720891
1.9855625000000001 69.33184181840628
1.9962291666666667 73.0479017118505
2.0068958333333335 75.26115270047589
2.0175625 76.14090259083508
2.0282291666666667 76.63420973217616
2.0388958333333336 77.08110380185359
2.0495625 76.97835028120203
2.060229166666667 76.15064864161833
2.070895833333333 74.85831252158997
2.0815625 73.45154137511226
2.0922291666666664 72.13930137734437
2.102895833333333 70.4211217234702
2.1135625 67.71628169637162
2.1242291666666664 65.194469267091
2.134895833333333 63.12729639963489
2.1455625 60.04303986308834
2.1562291666666664 57.37048313737606
2.1668958333333332 57.19734079171055
2.1775625 57.07917537938748
2.1882291666666664 57.474292889780244
2.1988958333333333 58.16586220112116
2.2095625 57.60934295333408
2.2202291666666665 60.05590598085707
2.2308958333333333 63.639693742618
2.2415625 65.19564988367463
2.2522291666666665 66.41286152830911
2.2628958333333333 67.62058373991992
2.2735625 69.11907437031385
2.2842291666666665 69.88765953124451
2.2948958333333334 69.36923042635189
2.3055624999999997 67.9487670453176
2.3162291666666666 65.74193876414236
2.3268958333333334 64.316008042394
2.3375624999999998 64.62618124675187
2.3482291666666666 64.42472756409
2.3588958333333334 61.19854444676689
2.3695625 57.81840924559453
2.3802291666666666 57.464565196841555
2.3908958333333334 57.298802082153124
2.4015625 55.05970543874451
2.4122291666666666 55.10012392621831
2.4228958333333335 57.965631766686265
2.4335625 59.8647870725545
2.4442291666666667 58.65557951972475
2.4548958333333335 58.35906054932352
2.4655625 58.59815691309809
2.4762291666666667 56.27278594266825
2.486895833333333 55.93503815501468
2.4975625 56.7861890411767
2.5082291666666667 58.72495755554387
2.518895833333333 60.29250168552092
2.5295625 62.28837576850792
2.5402291666666668 62.46798366427623
2.550895833333333 63.50338655392672
2.5615625 64.47998652083453
2.572229166666667 63.71079612919169
2.582895833333333 63.450907878488884
2.5935625 64.42736579679205
2.604229166666667 63.99135851028429
2.614895833333333 63.09800799892337
2.6255625 63.49815557356692
2.636229166666667 63.14861160972654
2.6468958333333332 61.06664860330007
2.6575625 59.49374518848842
2.668229166666667 59.43601070224378
2.6788958333333333 61.104530890037566
2.6895625 61.8087782167745
2.7002291666666665 60.76266991496745
2.7108958333333333 61.531108163217745
2.7215625 63.21611741646315
2.7322291666666665 63.70416320123205
2.7428958333333333 63.41925285488899
2.7535625 64.07246809657047
2.7642291666666665 63.36426161387707
2.7748958333333333 62.771948152369205
2.7855625 64.81351321802006
2.7962291666666665 65.15011204173977
2.8068958333333334 63.83518877507686
2.8175625 64.42490844079029
2.8282291666666666 65.8713031497686
2.8388958333333334 64.1522267956275
2.8495625 59.95567787913312
2.8602291666666666 58.36169829666967
2.8708958333333334 59.36313117015893
2.8815625 59.696599616691834
2.8922291666666666 59.050492249149514
2.9028958333333335 58.8442417424902
2.9135625 58.215790160718086
2.9242291666666667 58.506600170045886
2.9348958333333335 58.7379455423946
2.9455625 59.82518915081343
2.9562291666666667 58.4479310384439
2.9668958333333335 57.894459099795625
2.9775625 60.9859031310924
2.9882291666666667 63.9439304760635
2.9988958333333335 64.06802463749361
3.0095625 61.67942205644118
3.0202291666666667 61.23511009187588
3.0308958333333336 61.52368279908722
3.0415625 60.22756056145856
3.0522291666666668 58.72579910275863
3.0628958333333336 62.4925950855265
3.0735625 66.11285673683123
3.084229166666667 70.70652758603978
3.094895833333333 75.30744020383568
3.1055625 78.33817794573514
3.116229166666667 80.41917349989913
3.126895833333333 82.20458233192163
3.1375625 83.2635180758745
3.148229166666667 83.57114760501501
3.1588958333333332 83.28948780211977
3.1695625 82.35918080065537
3.180229166666667 80.89967038879026
3.1908958333333333 78.99994732517823
3.2015625 77.23440898282746
3.212229166666667 76.0094356321285
3.2228958333333333 74.7281161029705
3.2335625 73.04043553819781
3.244229166666667 70.41816232293088
3.2548958333333333 67.00231160877023
3.2655625 64.31081470042281
3.2762291666666665 63.33406809679221
3.2868958333333333 64.55385554356648
3.2975625 71.3094140709818
3.3082291666666666 76.55344048429903
3.3188958333333334 78.98581190346339
3.3295625 79.46850212943299
3.3402291666666666 79.04030474606935
3.3508958333333334 79.23540371020431
3.3615625000000002 80.70203839663164
3.3722291666666666 81.97397104621486
3.3828958333333334 82.61759563438011
3.3935625000000003 82.96412139726259
3.4042291666666666 83.0802402497427
3.4148958333333335 82.98882801043867
3.4255625000000003 82.46270520418224
3.4362291666666667 80.49794687337803
3.4468958333333335 76.09994766063669
3.4575625000000003 71.48719972592781
3.4682291666666667 70.32000691835876
3.4788958333333335 69.06575162819705
3.4895625 69.46265468196435
3.5002291666666667 71.24252194819599
3.5108958333333335 71.83478066112161
3.5215625 70.9196888979581
3.5322291666666668 68.76843610288249
3.5428958333333336 66.01954147357367
3.5535625 63.69063429952198
3.564229166666667 62.617207301801926
3.5748958333333336 61.80006632462082
3.5855625 59.781276503464696
3.596229166666667 60.65026832798295
3.6068958333333336 62.09371590156196
3.6175625 65.96689069686607
3.628229166666667 72.95806179995033
3.6388958333333337 77.34743832614795
3.6495625 79.09123057199763
3.660229166666667 79.39287212715543
3.6708958333333332 79.08034701602371
3.6815625 78.53416060741745
3.692229166666667 78.70687605172114
3.7028958333333333 79.17895844875198
3.7135625 79.13126770335695
3.724229166666667 78.62421590941321
3.7348958333333333 77.81030910713608
3.7455625 77.23116776497369
3.756229166666667 77.26294945747793
3.7668958333333333 77.2665102810568
3.7775625 76.88477010176415
3.788229166666667 76.21398221844618
3.7988958333333334 75.64874878054657
3.8095625 75.42576239154683
3.820229166666667 75.29562845676836
3.8308958333333334 75.09792243318232
3.8415625 75.04476143448143
3.8522291666666666 75.13889367660771
3.8628958333333334 75.25318903601074
3.8735625000000002 75.16524267587153
3.8842291666666666 74.74425048223496
3.8948958333333334 73.94492182795175
3.9055625000000003 73.04772920986663
3.9162291666666667 72.43034497181492
3.9268958333333335 71.71613179716418
3.9375625000000003 70.24612698694823
3.9482291666666667 69.43933970568064
3.9588958333333335 69.82529309452377
3.9695625000000003 69.86801017963997
3.9802291666666667 69.98823829690127
3.9908958333333335 70.16064871925428
4.0015625 71.04580977597303
4.012229166666667 72.34521908347291
4.022895833333334 71.48006912654493
4.0335625 68.1371961879861
4.044229166666668 67.7545072799686
4.054895833333334 71.11734757289996
4.0655625 72.87315646965537
4.076229166666668 73.34181860435875
4.086895833333334 73.61981191076752
4.0975625 74.05568739935545
4.108229166666668 74.4996380548124
4.118895833333334 74.68205269570419
4.1295625000000005 74.42323800331474
4.140229166666667 73.49395022634833
4.150895833333334 71.72366691075104
4.1615625000000005 69.30412190115821
4.172229166666667 67.17874064340177
4.182895833333334 67.60251253008691
4.1935625000000005 68.6470249372134
4.204229166666667 69.0837760877257
4.214895833333334 69.71988900923027
4.2255625000000006 70.46648912823383
4.236229166666667 69.8204650604112
4.246895833333334 67.62924542801277
4.257562500000001 64.85613906731469
4.268229166666667 62.183594784375735
4.278895833333334 60.886974671498145
4.289562500000001 63.15281223609145
4.300229166666667 66.1332213677616
4.310895833333334 66.7126483307452
4.321562500000001 65.85895458522747
4.332229166666667 65.06217138083119
4.342895833333334 65.0992212622428
4.353562500000001 65.44652440041
4.364229166666667 65.40652104031457
4.374895833333334 64.6738785229745
4.385562500000001 64.60823324769365
4.396229166666667 65.2631934175072
4.406895833333334 64.89050599838285
4.417562500000001 62.28560804310861
4.428229166666667 58.88433861466857
4.438895833333334 57.39386874132854
4.449562500000001 58.32376182262641
4.460229166666667 59.06467127788852
4.470895833333334 59.8458736455745
4.481562500000001 61.03857806054113
4.492229166666667 60.3924694882502
4.502895833333334 58.9778889018599
4.513562500000001 61.29103842108
4.524229166666667 63.817662365144145
4.534895833333334 65.16262373025101
4.545562500000001 66.05617310400842
4.556229166666667 67.10706566828566
4.566895833333334 67.89776800937406
4.577562500000001 67.62076481074601
4.588229166666667 66.29899124970477
4.598895833333334 65.48662549708469
4.609562500000001 65.6380108273118
4.620229166666667 65.7737029076751
4.630895833333334 66.4389105555519
4.641562500000001 68.2804762243747
4.652229166666667 68.78974961529275
4.662895833333334 67.54851329026116
4.673562500000001 66.47853790588793
4.684229166666667 64.90065848445509
4.694895833333334 61.82695443073822
4.705562500000001 58.20412392120929
4.716229166666667 55.7464444807172
4.726895833333334 56.10618926286313
4.737562500000001 58.91150392484246
4.748229166666667 61.073682262796936
4.758895833333334 61.25965561417903
4.769562500000001 61.318438134979516
4.780229166666667 63.76051968652342
4.790895833333334 64.83444517606081
4.801562500000001 63.04493578237551
4.8122291666666674 62.77611984669324
4.822895833333334 64.41914798366288
4.833562500000001 64.19899036625526
4.8442291666666675 62.53951428246473
4.854895833333334 60.621001300850594
4.865562500000001 60.51781050786448
4.8762291666666675 60.25221999949287
4.886895833333334 61.017341145480486
4.897562500000001 61.17723424267372
4.9082291666666675 61.41697554618409
4.918895833333334 63.29526664362021
4.9295625 64.7615069311673
4.940229166666668 64.12489291780047
4.950895833333334 62.647024805399624
4.9615625 62.44426118516101
4.972229166666668 64.75499264441929
4.982895833333334 65.18246783661704
