Time_s   Intensity_dB
0.064000   10.260891
0.080000   9.821474
0.096000   9.807933
0.112000   10.233431
0.128000   10.638659
0.144000   10.382645
0.160000   9.816483
0.176000   9.539230
0.192000   10.018624
0.208000   10.503633
0.224000   10.465104
0.240000   10.080860
0.256000   9.741217
0.272000   9.885360
0.288000   10.035814
0.304000   10.417254
0.320000   10.770186
0.336000   10.813419
0.352000   10.819373
0.368000   10.391941
0.384000   9.853351
0.400000   9.919557
0.416000   10.048063
0.432000   9.942997
0.448000   9.788261
0.464000   9.825090
0.480000   10.313974
0.496000   10.627173
0.512000   10.364017
0.528000   10.108836
0.544000   10.220837
0.560000   10.255418
0.576000   9.806860
0.592000   9.558036
0.608000   9.895625
0.624000   10.078581
0.640000   9.929816
0.656000   10.002759
0.672000   10.398949
0.688000   10.581225
0.704000   10.352712
0.720000   10.028644
0.736000   9.836552
0.752000   9.834266
0.768000   9.675584
0.784000   9.375854
0.800000   9.888433
0.816000   10.230068
0.832000   10.055872
0.848000   9.896087
0.864000   9.894970
0.880000   10.252403
0.896000   10.616887
0.912000   10.535600
0.928000   10.206704
0.944000   10.188547
0.960000   10.215497
0.976000   10.420136
0.992000   12.137480
1.008000   14.499055
1.024000   17.613273
1.040000   20.205191
1.056000   21.204926
1.072000   25.099862
1.088000   30.863599
1.104000   39.414849
1.120000   52.683765
1.136000   61.036910
1.152000   64.468750
1.168000   63.645695
1.184000   59.950481
1.200000   56.615373
1.216000   54.972734
1.232000   58.993220
1.248000   69.871937
1.264000   77.503875
1.280000   81.660957
1.296000   83.130996
1.312000   82.863013
1.328000   81.717838
1.344000   80.172756
1.360000   79.228143
1.376000   78.808961
1.392000   77.564052
1.408000   76.143570
1.424000   76.392424
1.440000   77.378734
1.456000   77.883887
1.472000   78.774332
1.488000   79.670668
1.504000   79.483216
1.520000   78.862495
1.536000   78.912247
1.552000   79.461904
1.568000   79.419200
1.584000   78.767322
1.600000   78.494130
1.616000   78.564234
1.632000   78.466886
1.648000   77.683098
1.664000   75.580147
1.680000   72.480602
1.696000   71.580954
1.712000   73.894356
1.728000   74.920591
1.744000   74.540767
1.760000   76.946317
1.776000   80.220500
1.792000   82.166370
1.808000   83.237617
1.824000   83.652848
1.840000   83.039567
1.856000   81.620302
1.872000   80.403062
1.888000   79.789116
1.904000   80.049448
1.920000   81.166012
1.936000   81.314443
1.952000   79.373865
1.968000   76.474819
1.984000   74.892133
2.000000   74.319668
2.016000   73.656250
2.032000   73.967613
2.048000   78.791511
2.064000   82.710384
2.080000   83.683336
2.096000   83.326054
2.112000   82.287244
2.128000   80.409949
2.144000   80.686484
2.160000   81.109104
2.176000   79.267780
2.192000   76.683142
2.208000   74.100215
2.224000   71.256961
2.240000   68.255863
2.256000   65.884953
2.272000   64.653819
2.288000   63.493394
2.304000   65.072834
2.320000   66.458586
2.336000   65.948932
2.352000   65.982347
2.368000   65.537166
2.384000   65.194016
2.400000   66.370582
2.416000   65.983897
2.432000   63.026736
2.448000   59.378973
2.464000   55.917221
2.480000   55.635831
2.496000   59.067568
2.512000   60.735864
2.528000   59.675266
2.544000   57.603649
2.560000   56.468030
2.576000   55.888816
2.592000   55.361780
2.608000   54.628185
2.624000   53.202864
2.640000   51.952894
2.656000   52.209621
2.672000   52.537677
2.688000   52.506560
2.704000   51.785583
2.720000   49.826347
2.736000   47.680256
2.752000   48.851229
2.768000   51.204814
2.784000   54.329979
2.800000   56.303633
2.816000   55.841552
2.832000   54.441170
2.848000   55.661533
2.864000   63.878966
2.880000   70.612868
2.896000   74.923020
2.912000   77.752760
2.928000   79.538318
2.944000   79.785592
2.960000   77.390265
2.976000   72.732883
2.992000   71.778421
3.008000   74.404012
3.024000   75.358556
3.040000   73.561035
3.056000   69.289647
3.072000   65.095281
3.088000   66.695644
3.104000   70.971663
3.120000   75.907965
3.136000   79.799363
3.152000   81.587800
3.168000   81.864327
3.184000   81.845441
3.200000   81.942494
3.216000   82.177665
3.232000   82.693171
3.248000   83.177454
3.264000   83.374791
3.280000   83.037436
3.296000   82.169207
3.312000   81.168230
3.328000   80.196557
3.344000   79.308412
3.360000   78.265444
3.376000   77.507446
3.392000   76.977576
3.408000   75.958220
3.424000   75.149677
3.440000   75.406485
3.456000   75.413872
3.472000   74.979397
3.488000   74.358325
3.504000   72.922308
3.520000   70.553783
3.536000   67.610797
3.552000   69.319094
3.568000   76.457672
3.584000   81.350219
3.600000   83.132131
3.616000   82.489902
3.632000   81.753300
3.648000   81.735752
3.664000   80.470811
3.680000   78.299868
3.696000   77.193538
3.712000   77.258749
3.728000   77.921777
3.744000   78.501064
3.760000   78.688775
3.776000   78.376984
3.792000   77.838795
3.808000   77.662917
3.824000   78.065699
3.840000   78.109255
3.856000   76.712556
3.872000   74.099665
3.888000   73.788692
3.904000   76.326165
3.920000   79.378059
3.936000   81.862943
3.952000   82.809440
3.968000   82.264596
3.984000   80.663059
4.000000   78.884445
4.016000   76.820609
4.032000   74.590931
4.048000   72.012764
4.064000   69.557134
4.080000   69.012817
4.096000   70.250350
4.112000   71.001962
4.128000   70.041781
4.144000   68.682728
4.160000   68.549949
4.176000   71.264427
4.192000   76.731334
4.208000   80.481488
4.224000   81.966447
4.240000   82.176686
4.256000   81.878904
4.272000   81.671073
4.288000   81.597095
4.304000   80.806158
4.320000   78.456963
4.336000   75.040821
4.352000   72.525331
4.368000   71.151402
4.384000   71.177266
4.400000   72.096650
4.416000   72.133817
4.432000   71.221744
4.448000   69.320400
4.464000   68.145140
4.480000   72.459903
4.496000   76.186896
4.512000   77.448103
4.528000   76.210964
4.544000   72.851398
4.560000   69.183642
4.576000   67.670493
4.592000   66.779801
4.608000   65.153794
4.624000   65.980307
4.640000   70.324846
4.656000   72.145018
4.672000   70.377858
4.688000   65.744874
4.704000   61.348052
4.720000   60.497118
4.736000   60.497629
4.752000   61.351531
4.768000   63.076562
4.784000   63.993824
4.800000   64.469591
4.816000   67.661975
4.832000   74.272093
4.848000   79.071539
4.864000   81.644540
4.880000   83.016062
4.896000   84.035954
4.912000   84.695921
4.928000   84.588836
4.944000   83.568358
4.960000   82.428017
4.976000   82.030527
4.992000   81.242666
5.008000   80.087455
5.024000   77.977327
5.040000   74.724836
5.056000   71.782621
5.072000   71.029927
5.088000   71.355756
5.104000   70.454262
5.120000   68.769222
5.136000   67.304940
5.152000   67.185246
5.168000   67.898030
5.184000   67.964059
5.200000   68.008086
5.216000   67.427008
5.232000   64.639525
5.248000   60.325141
5.264000   59.924173
5.280000   65.888799
5.296000   70.743475
5.312000   74.566138
5.328000   76.095704
5.344000   74.374984
5.360000   70.157841
5.376000   65.418875
5.392000   61.652627
5.408000   58.844776
5.424000   56.167321
5.440000   52.939220
5.456000   50.599960
5.472000   49.602500
5.488000   48.891474
5.504000   47.906041
5.520000   46.974553
5.536000   46.481281
5.552000   46.235859
5.568000   45.556016
5.584000   44.931557
5.600000   44.877302
5.616000   44.512124
5.632000   43.261245
5.648000   42.207190
5.664000   41.638610
5.680000   41.481409
5.696000   42.622939
5.712000   43.983249
5.728000   44.393849
5.744000   43.810833
5.760000   43.159238
5.776000   42.304782
5.792000   40.792974
5.808000   39.720362
5.824000   38.535191
5.840000   38.509376
5.856000   41.238003
5.872000   44.277216
5.888000   47.641335
5.904000   55.156379
5.920000   64.704597
5.936000   70.691979
5.952000   73.331905
5.968000   73.396971
5.984000   71.346982
6.000000   67.867907
6.016000   65.370279
6.032000   65.757407
6.048000   66.833377
6.064000   68.632729
6.080000   73.018491
6.096000   76.839436
6.112000   79.355833
6.128000   80.870526
6.144000   81.388226
6.160000   81.016968
6.176000   80.234639
6.192000   79.825081
6.208000   79.794797
6.224000   79.095022
6.240000   76.816638
6.256000   72.562571
6.272000   67.438875
6.288000   64.891685
6.304000   64.587196
6.320000   66.179140
6.336000   72.206063
6.352000   77.620185
6.368000   80.751183
6.384000   81.405556
6.400000   79.242995
6.416000   74.878925
6.432000   71.617807
6.448000   70.688718
6.464000   69.292041
6.480000   68.765485
6.496000   68.985254
6.512000   68.236421
6.528000   66.598928
6.544000   65.639191
6.560000   69.693225
6.576000   74.761222
6.592000   77.490636
6.608000   78.390657
6.624000   78.377440
6.640000   77.639413
6.656000   76.104170
6.672000   74.765531
6.688000   74.200464
6.704000   73.981718
6.720000   73.999639
6.736000   73.567178
6.752000   72.368689
6.768000   70.761190
6.784000   69.261195
6.800000   67.614248
6.816000   66.407561
6.832000   65.567156
6.848000   64.771609
6.864000   66.325275
6.880000   69.228846
6.896000   70.444818
6.912000   68.887527
6.928000   65.598260
6.944000   63.536126
6.960000   63.325163
6.976000   63.327440
6.992000   62.355527
7.008000   60.152045
7.024000   60.099565
7.040000   64.826514
7.056000   70.442735
7.072000   74.528323
7.088000   76.860929
7.104000   77.658489
7.120000   77.027452
7.136000   74.850329
7.152000   71.250471
7.168000   68.116604
7.184000   66.538837
7.200000   65.804528
7.216000   68.163033
7.232000   70.139371
7.248000   69.796792
7.264000   70.288423
7.280000   72.433561
7.296000   74.504762
7.312000   75.840945
7.328000   76.674429
7.344000   77.055142
7.360000   76.415420
7.376000   75.748563
7.392000   75.674208
7.408000   74.620627
7.424000   72.461586
7.440000   71.868692
7.456000   72.011666
7.472000   71.142418
7.488000   70.352494
7.504000   70.242209
7.520000   70.552993
7.536000   69.656525
7.552000   66.997509
7.568000   67.916475
7.584000   72.344548
7.600000   75.709478
7.616000   77.782582
7.632000   78.717914
7.648000   78.373822
7.664000   77.732644
7.680000   77.750790
7.696000   76.936151
7.712000   74.127935
7.728000   71.029830
7.744000   68.531449
7.760000   65.613822
7.776000   64.222495
7.792000   67.417460
7.808000   71.886481
7.824000   74.127483
7.840000   74.116994
7.856000   71.998745
7.872000   68.795303
7.888000   67.051544
7.904000   66.515606
7.920000   66.229343
7.936000   67.058286
7.952000   67.536917
7.968000   66.453514
7.984000   63.991675
8.000000   60.565907
8.016000   56.869981
8.032000   53.911022
8.048000   52.131353
8.064000   51.149782
8.080000   50.795439
8.096000   50.568675
8.112000   49.957675
8.128000   49.283547
8.144000   48.126274
8.160000   45.988220
8.176000   44.704367
8.192000   45.166908
8.208000   46.010460
8.224000   46.175665
8.240000   44.570138
8.256000   42.050159
8.272000   42.562528
8.288000   45.552424
8.304000   47.801419
8.320000   49.136550
8.336000   49.842590
8.352000   49.633743
8.368000   48.767254
8.384000   47.848670
8.400000   46.963155
8.416000   45.719884
8.432000   44.198042
8.448000   44.495755
8.464000   45.401725
8.480000   46.048704
8.496000   47.323941
8.512000   48.766000
8.528000   49.816390
8.544000   49.959928
8.560000   49.096330
8.576000   47.928674
8.592000   47.115342
8.608000   58.130259
8.624000   68.545954
8.640000   73.808161
8.656000   75.030001
8.672000   73.421744
8.688000   71.603459
8.704000   71.561251
8.720000   70.522094
8.736000   67.431264
8.752000   66.825265
8.768000   73.674706
8.784000   78.885914
8.800000   81.919595
8.816000   83.461234
8.832000   84.256525
8.848000   84.502623
8.864000   84.587919
8.880000   84.915555
8.896000   85.088599
8.912000   84.847751
8.928000   84.204418
8.944000   82.920534
8.960000   81.166681
8.976000   79.599296
8.992000   78.643423
9.008000   78.151987
9.024000   78.279110
9.040000   78.381865
9.056000   76.753029
9.072000   73.683346
9.088000   72.458099
9.104000   73.219432
9.120000   74.139310
9.136000   73.856233
9.152000   73.145436
9.168000   76.275147
9.184000   80.714652
9.200000   83.574820
9.216000   84.388353
9.232000   83.350793
9.248000   81.332728
9.264000   79.384107
9.280000   77.977075
9.296000   78.087769
9.312000   79.229250
9.328000   79.377804
9.344000   78.227449
9.360000   76.996197
9.376000   75.876259
9.392000   73.691312
9.408000   72.083916
9.424000   70.422626
9.440000   67.603975
9.456000   64.626305
9.472000   64.922505
9.488000   72.638160
9.504000   79.071112
9.520000   82.362869
9.536000   83.745739
9.552000   84.318725
9.568000   84.447376
9.584000   84.296178
9.600000   83.872424
9.616000   83.569081
9.632000   83.449110
9.648000   82.835506
9.664000   81.031570
9.680000   77.961436
9.696000   74.629279
9.712000   72.156975
9.728000   71.454123
9.744000   71.201401
9.760000   70.439713
9.776000   70.351465
9.792000   72.100183
9.808000   74.724584
9.824000   75.718133
9.840000   75.361982
9.856000   74.901312
9.872000   74.718516
9.888000   74.307392
9.904000   73.146623
9.920000   72.642247
9.936000   72.636609
9.952000   71.317669
9.968000   68.571360
9.984000   66.799308
10.000000   71.810282
10.016000   76.611633
10.032000   78.647991
10.048000   78.808444
10.064000   78.982125
10.080000   79.596326
10.096000   77.976132
10.112000   74.250320
10.128000   70.967360
10.144000   68.299381
10.160000   66.748174
10.176000   66.164484
10.192000   66.977598
10.208000   67.727240
10.224000   67.448063
10.240000   66.781624
10.256000   66.671542
10.272000   71.664024
10.288000   76.587591
10.304000   79.636656
10.320000   81.458612
10.336000   82.513914
10.352000   83.500401
10.368000   84.133023
10.384000   84.205729
10.400000   84.236698
10.416000   84.262412
10.432000   83.948599
10.448000   82.711146
10.464000   79.843898
10.480000   75.018536
10.496000   71.572218
10.512000   73.708370
10.528000   77.034138
10.544000   79.168864
10.560000   78.907277
10.576000   75.969238
10.592000   71.852767
10.608000   68.938292
10.624000   66.079818
10.640000   64.622773
10.656000   65.590880
10.672000   66.072172
10.688000   65.435704
10.704000   64.369519
10.720000   65.093283
10.736000   71.447035
10.752000   75.831240
10.768000   76.979489
10.784000   77.144425
10.800000   77.370550
10.816000   77.086623
10.832000   75.514575
10.848000   73.519761
10.864000   75.632226
10.880000   78.874643
10.896000   81.458607
10.912000   83.087560
10.928000   83.058844
10.944000   81.060957
10.960000   77.663199
10.976000   75.801355
10.992000   75.540131
11.008000   75.807625
11.024000   77.482927
11.040000   78.410010
11.056000   77.479541
11.072000   76.340736
11.088000   76.192994
11.104000   75.981863
11.120000   75.430869
11.136000   76.233685
11.152000   77.643620
11.168000   77.735326
11.184000   76.763045
11.200000   76.187343
11.216000   75.825456
11.232000   74.563564
11.248000   73.419149
11.264000   74.413953
11.280000   75.930069
11.296000   75.764015
11.312000   73.402961
11.328000   70.964282
11.344000   69.535393
11.360000   67.462278
11.376000   64.964547
11.392000   63.474674
11.408000   62.551451
11.424000   61.257969
11.440000   59.900276
11.456000   58.686822
11.472000   57.704749
11.488000   56.649318
11.504000   55.105548
11.520000   55.049154
11.536000   56.277633
11.552000   57.151796
11.568000   57.667580
11.584000   57.441120
11.600000   56.939208
11.616000   56.516092
11.632000   55.886346
11.648000   55.435036
11.664000   54.927802
11.680000   54.537900
11.696000   54.547529
11.712000   55.529724
11.728000   56.622261
11.744000   56.749433
11.760000   58.117536
11.776000   63.679858
11.792000   68.688405
11.808000   71.112033
11.824000   72.080575
11.840000   73.921483
11.856000   76.143742
11.872000   77.708849
11.888000   78.585508
11.904000   79.752137
11.920000   81.424108
11.936000   82.224534
11.952000   81.125150
11.968000   78.459565
11.984000   76.147564
12.000000   74.258545
12.016000   72.218857
12.032000   70.563008
12.048000   69.335342
12.064000   68.659882
12.080000   71.816674
12.096000   75.637373
12.112000   76.929172
12.128000   77.215904
12.144000   77.874125
12.160000   77.519630
12.176000   76.558553
12.192000   76.219480
12.208000   76.154236
12.224000   76.239746
12.240000   76.135161
12.256000   76.004609
12.272000   75.948473
12.288000   76.623239
12.304000   79.271499
12.320000   81.241185
12.336000   81.408357
12.352000   81.810922
12.368000   82.379689
12.384000   82.386438
12.400000   82.493495
12.416000   82.107017
12.432000   81.003509
12.448000   79.595344
12.464000   77.700285
12.480000   74.769530
12.496000   72.501657
12.512000   72.891253
12.528000   74.535624
12.544000   76.662696
12.560000   77.963760
12.576000   78.283129
12.592000   77.013914
12.608000   73.980224
12.624000   70.381299
12.640000   68.308312
12.656000   66.966478
12.672000   65.041836
12.688000   62.998201
12.704000   64.068920
12.720000   67.279080
12.736000   67.991352
12.752000   66.270409
12.768000   64.897131
12.784000   68.722615
12.800000   73.275174
12.816000   75.213216
12.832000   74.280378
12.848000   70.757322
12.864000   65.868434
12.880000   63.477534
12.896000   63.615974
12.912000   63.362166
12.928000   62.093063
12.944000   62.065852
12.960000   66.845356
12.976000   70.497938
12.992000   71.129272
13.008000   69.085930
13.024000   65.242708
13.040000   62.896447
13.056000   65.398190
13.072000   69.589057
13.088000   73.498358
13.104000   75.997558
13.120000   77.160289
13.136000   77.943275
13.152000   77.689077
13.168000   75.281386
13.184000   71.331852
13.200000   67.719854
13.216000   66.088995
13.232000   65.278246
13.248000   63.866527
13.264000   67.048172
13.280000   72.847218
13.296000   76.101157
13.312000   77.163199
13.328000   77.028998
13.344000   76.210525
13.360000   75.205526
13.376000   74.155970
13.392000   73.354521
13.408000   73.219289
13.424000   73.639385
13.440000   75.406653
13.456000   77.523046
13.472000   78.315315
13.488000   77.497341
13.504000   74.771809
13.520000   69.894260
13.536000   65.263775
13.552000   64.484631
13.568000   64.382977
13.584000   64.156645
13.600000   65.247787
13.616000   65.120724
13.632000   64.337861
13.648000   68.060567
13.664000   69.821370
13.680000   68.362309
13.696000   66.882742
13.712000   65.857447
13.728000   63.385890
13.744000   59.864072
13.760000   56.439526
13.776000   53.898628
13.792000   52.197230
13.808000   50.361323
13.824000   48.805477
13.840000   49.014258
13.856000   50.941729
13.872000   51.332921
13.888000   52.797156
13.904000   55.899988
13.920000   56.138798
13.936000   54.308305
