mean: 230.0778757165415 std: 62.55978514363224 duration: 9.462125
0.021062500000000314 --undefined--
0.031062500000000312 --undefined--
0.041062500000000314 --undefined--
0.051062500000000316 --undefined--
0.06106250000000031 --undefined--
0.07106250000000032 --undefined--
0.08106250000000031 316.1085550125892
0.09106250000000032 308.9718509392277
0.10106250000000032 302.88240637712215
0.11106250000000031 294.7640058027714
0.12106250000000032 287.45679588159703
0.1310625000000003 281.8920834976865
0.1410625000000003 283.9394576214921
0.15106250000000032 290.5821160450536
0.16106250000000033 296.1571499685339
0.1710625000000003 302.2444911868801
0.18106250000000032 305.7956591663131
0.19106250000000033 306.99984998361657
0.2010625000000003 306.3595537773277
0.21106250000000032 303.41070529395216
0.22106250000000033 287.17105684317914
0.2310625000000003 272.389070891307
0.24106250000000032 271.4566078134781
0.2510625000000003 274.160299810399
0.2610625000000003 266.9463813108628
0.2710625000000003 276.62828964632985
0.2810625000000003 277.5544646388681
0.29106250000000033 249.5853315748028
0.30106250000000034 260.204548205886
0.3110625000000003 276.63025646041484
0.3210625000000003 310.15268819800167
0.3310625000000003 311.0113591045583
0.3410625000000003 308.9478898455747
0.35106250000000033 301.4055292803821
0.36106250000000034 290.6042198639874
0.37106250000000035 274.62931850406613
0.3810625000000003 245.46433263977673
0.3910625000000003 238.3673413834231
0.4010625000000003 227.74624543990637
0.41106250000000033 228.3758441300503
0.42106250000000034 237.3028368239014
0.43106250000000035 249.22724091089762
0.4410625000000003 260.61946757181687
0.4510625000000003 267.8892948751447
0.4610625000000003 270.6248788363197
0.47106250000000033 269.7845433831374
0.48106250000000034 269.1652702526353
0.49106250000000035 270.22910270309404
0.5010625000000003 274.34046400450325
0.5110625000000003 277.4035891592524
0.5210625000000003 277.6273456127728
0.5310625000000003 277.1548473216677
0.5410625000000003 277.3540657502231
0.5510625000000003 277.20212867915006
0.5610625000000004 277.3968773796014
0.5710625000000004 278.35957233960454
0.5810625000000004 280.30379833022016
0.5910625000000004 283.7546965638656
0.6010625000000003 282.52466952863887
0.6110625000000003 277.7582171912711
0.6210625000000003 275.62044246012925
0.6310625000000003 273.53508839324167
0.6410625000000003 271.59372904981745
0.6510625000000003 270.0839986154978
0.6610625000000003 268.42648738696175
0.6710625000000003 267.96577525641266
0.6810625000000003 269.0829925505623
0.6910625000000004 256.98841582788765
0.7010625000000004 251.11983761086262
0.7110625000000004 258.66609926933864
0.7210625000000004 266.3278935041515
0.7310625000000003 267.2477412154111
0.7410625000000003 264.366852681385
0.7510625000000003 262.26700176055033
0.7610625000000003 260.4468930786003
0.7710625000000003 257.9965012728174
0.7810625000000003 256.04334461780627
0.7910625000000003 255.3274378595651
0.8010625000000003 253.80683809020357
0.8110625000000004 252.00816264738657
0.8210625000000004 249.9299570672733
0.8310625000000004 247.00635286355575
0.8410625000000004 246.06170480036286
0.8510625000000004 248.08655040583943
0.8610625000000003 247.71522515719502
0.8710625000000003 247.9799712497485
0.8810625000000003 247.0963453716827
0.8910625000000003 246.01720747337538
0.9010625000000003 245.11832519902185
0.9110625000000003 244.54757083774012
0.9210625000000003 243.44416813968726
0.9310625000000003 242.1426204767876
0.9410625000000004 241.6633953953101
0.9510625000000004 241.59327228437883
0.9610625000000004 240.45573182118028
0.9710625000000004 238.85358771929796
0.9810625000000003 236.8189782682811
0.9910625000000003 231.70615613037924
1.0010625000000002 226.70836095759304
1.0110625000000002 224.4915009118581
1.0210625000000002 223.71712769273518
1.0310625000000002 223.04722449084127
1.0410625000000002 222.02041364287206
1.0510625000000002 217.53229389009323
1.0610625000000002 208.45206445658695
1.0710625000000003 208.1532627616825
1.0810625000000003 234.11658292484438
1.0910625000000003 --undefined--
1.1010625000000003 --undefined--
1.1110625000000003 --undefined--
1.1210625000000003 --undefined--
1.1310625000000003 --undefined--
1.1410625000000003 --undefined--
1.1510625000000003 --undefined--
1.1610625000000003 --undefined--
1.1710625000000003 --undefined--
1.1810625000000001 --undefined--
1.1910625000000001 --undefined--
1.2010625000000001 --undefined--
1.2110625000000002 --undefined--
1.2210625000000002 --undefined--
1.2310625000000002 --undefined--
1.2410625000000002 231.17925720202436
1.2510625000000002 239.90615051112582
1.2610625000000002 239.86182287208626
1.2710625000000002 236.14481542538573
1.2810625000000002 233.6633235511236
1.2910625000000002 233.5236174948416
1.3010625000000002 233.80777555958915
1.3110625000000002 235.6759537290033
1.3210625000000003 240.24472640037803
1.3310625000000003 244.36868109128483
1.3410625000000003 253.65711836900954
1.3510625000000003 262.62136524102374
1.3610625000000003 268.090080644651
1.3710625000000003 275.4678240739004
1.3810625000000003 285.7315734153095
1.3910625000000003 290.3130479066724
1.4010625000000003 289.21783580352655
1.4110625000000003 283.40299625820813
1.4210625000000003 270.1634651694049
1.4310625000000001 255.1267363433905
1.4410625000000001 251.23940380601127
1.4510625000000001 262.0816486498856
1.4610625000000002 274.2778933940099
1.4710625000000002 257.02007259803554
1.4810625000000002 242.50057127729173
1.4910625000000002 229.80726796193582
1.5010625000000002 219.75264319211794
1.5110625000000002 208.22936698758517
1.5210625000000002 201.68413392115428
1.5310625000000002 199.11451303278633
1.5410625000000002 198.46925693277421
1.5510625000000002 198.28019985509147
1.5610625000000002 199.2358741842208
1.5710625000000003 200.95769094309372
1.5810625000000003 202.28656800027588
1.5910625000000003 202.88258994479327
1.6010625000000003 202.6582024628221
1.6110625000000003 203.8529865700044
1.6210625000000003 205.1711471292819
1.6310625000000003 203.88837334946587
1.6410625000000003 197.68011581142125
1.6510625000000003 187.73138260943952
1.6610625000000003 180.28730565426946
1.6710625000000003 180.11290672729845
1.6810625000000003 186.40397868770822
1.6910625000000001 187.32141114194258
1.7010625000000001 212.16575730623887
1.7110625000000002 221.3457334508589
1.7210625000000002 227.6174759174002
1.7310625000000002 228.618854806802
1.7410625000000002 227.77907760930557
1.7510625000000002 226.19982426339686
1.7610625000000002 224.45672229897193
1.7710625000000002 224.08914895181374
1.7810625000000002 224.28552852606649
1.7910625000000002 225.99577182342296
1.8010625000000002 235.47440983747143
1.8110625000000002 242.94177716429888
1.8210625000000003 249.75552140220165
1.8310625000000003 255.29161621063346
1.8410625000000003 261.14148880660207
1.8510625000000003 266.2507243157157
1.8610625000000003 273.3790598471759
1.8710625000000003 283.7225445944941
1.8810625000000003 283.2494700401035
1.8910625000000003 275.0143944220581
1.9010625000000003 267.4618908445581
1.9110625000000003 259.1580438222098
1.9210625000000003 255.50397168639586
1.9310625000000003 274.6161025120813
1.9410625000000001 277.17114200441875
1.9510625000000001 --undefined--
1.9610625000000002 --undefined--
1.9710625000000002 --undefined--
1.9810625000000002 --undefined--
1.9910625000000002 --undefined--
2.0010625 --undefined--
2.0110625000000004 321.3182644586999
2.0210625 260.53380782309284
2.0310625000000004 251.82284792802895
2.0410625000000002 240.86769446825357
2.0510625000000005 228.21135760418247
2.0610625000000002 220.93930499196418
2.0710625 216.8761388685552
2.0810625000000003 213.28105789258032
2.0910625 209.82562997878185
2.1010625000000003 207.65068432811054
2.1110625 206.4257457420342
2.1210625000000003 207.34275036150183
2.1310625 206.91143609989925
2.1410625000000003 205.0272233652455
2.1510625 204.76078915959332
2.1610625000000003 199.64554499944603
2.1710625 198.69182021088238
2.1810625000000003 199.09340073429073
2.1910625 199.57441429179627
2.2010625000000004 199.06908826334418
2.2110625 199.09889512264954
2.2210625000000004 199.25366241979847
2.2310625 198.41916352018336
2.2410625000000004 199.42034990719756
2.2510625 199.15769110965712
2.2610625000000004 198.4850785887543
2.2710625 --undefined--
2.2810625000000004 --undefined--
2.2910625000000002 --undefined--
2.3010625000000005 --undefined--
2.3110625000000002 --undefined--
2.3210625000000005 --undefined--
2.3310625000000003 319.2323265712392
2.3410625 322.39436793822654
2.3510625000000003 301.4560883911699
2.3610625 251.31718664768908
2.3710625000000003 249.381722844185
2.3810625 246.55129692489126
2.3910625000000003 247.64960068654906
2.4010625 252.73749683497422
2.4110625000000003 256.213961768179
2.4210625 256.8190522379806
2.4310625000000003 253.81246247514463
2.4410625 238.8381019779292
2.4510625000000004 228.96910888172192
2.4610625 226.86841243239076
2.4710625000000004 223.0492777515763
2.4810625 220.18072102821898
2.4910625000000004 217.31274310040578
2.5010625 208.4218664006866
2.5110625000000004 --undefined--
2.5210625 --undefined--
2.5310625000000004 --undefined--
2.5410625000000002 198.83679047093338
2.5510625000000005 190.78757175801692
2.5610625000000002 182.85879158368004
2.5710625000000005 178.4262791110951
2.5810625000000003 174.6466512709154
2.5910625 175.30033762421803
2.6010625000000003 176.74410818694926
2.6110625 174.5787081335178
2.6210625000000003 173.47938611738186
2.6310625 175.51053390596329
2.6410625000000003 176.38716312450757
2.6510625 176.30395813273543
2.6610625000000003 175.65589252445696
2.6710625 173.86611177201107
2.6810625000000003 171.31047017043525
2.6910625 168.66985976219033
2.7010625000000004 168.2784206453421
2.7110625 --undefined--
2.7210625000000004 --undefined--
2.7310625 --undefined--
2.7410625000000004 --undefined--
2.7510625 --undefined--
2.7610625000000004 --undefined--
2.7710625 --undefined--
2.7810625000000004 --undefined--
2.7910625000000002 --undefined--
2.8010625000000005 87.15298399751178
2.8110625000000002 86.72343486840064
2.8210625000000005 88.03704255806431
2.8310625000000003 91.41893637234963
2.8410625 94.0631385558876
2.8510625000000003 97.82714627180229
2.8610625 100.38065138765569
2.8710625000000003 104.19777477589248
2.8810625 108.5608619020348
2.8910625000000003 113.49899956403489
2.9010625 119.09610621094649
2.9110625000000003 125.96256700167235
2.9210625 131.24738518461191
2.9310625000000003 134.80716189318022
2.9410625 141.4146557425508
2.9510625000000004 145.00314978241775
2.9610625 143.39238266885476
2.9710625000000004 --undefined--
2.9810625 --undefined--
2.9910625000000004 --undefined--
3.0010625 --undefined--
3.0110625000000004 --undefined--
3.0210625 480.4318576059445
3.0310625000000004 480.46415337500304
3.0410625000000002 --undefined--
3.0510625000000005 --undefined--
3.0610625000000002 --undefined--
3.0710625000000005 --undefined--
3.0810625000000003 --undefined--
3.0910625000000005 --undefined--
3.1010625000000003 --undefined--
3.1110625 --undefined--
3.1210625000000003 --undefined--
3.1310625 --undefined--
3.1410625000000003 --undefined--
3.1510625 --undefined--
3.1610625000000003 --undefined--
3.1710625 --undefined--
3.1810625000000003 491.18899861423074
3.1910625 494.1360192539574
3.2010625000000004 --undefined--
3.2110625 434.3491239964029
3.2210625000000004 --undefined--
3.2310625 --undefined--
3.2410625000000004 489.35896388458343
3.2510625 --undefined--
3.2610625000000004 --undefined--
3.2710625 --undefined--
3.2810625000000004 --undefined--
3.2910625000000002 --undefined--
3.3010625000000005 --undefined--
3.3110625000000002 --undefined--
3.3210625000000005 --undefined--
3.3310625000000003 --undefined--
3.3410625000000005 --undefined--
3.3510625000000003 --undefined--
3.3610625 --undefined--
3.3710625000000003 --undefined--
3.3810625 --undefined--
3.3910625000000003 --undefined--
3.4010625 --undefined--
3.4110625000000003 --undefined--
3.4210625 --undefined--
3.4310625000000003 --undefined--
3.4410625 --undefined--
3.4510625000000004 --undefined--
3.4610625 --undefined--
3.4710625000000004 --undefined--
3.4810625 230.58846090093087
3.4910625000000004 237.4080418083273
3.5010625 235.2271990950744
3.5110625000000004 229.026000951148
3.5210625 226.52535125774858
3.5310625000000004 226.90044530062684
3.5410625000000002 226.94908675354534
3.5510625000000005 226.44479932281817
3.5610625000000002 225.19130835013715
3.5710625000000005 224.865113084955
3.5810625000000003 225.34953889801238
3.5910625000000005 225.9832862028583
3.6010625000000003 225.2731144023145
3.6110625 221.3026256261543
3.6210625000000003 210.00849884085716
3.6310625 211.65370243538084
3.6410625000000003 --undefined--
3.6510625 --undefined--
3.6610625000000003 --undefined--
3.6710625 --undefined--
3.6810625000000003 --undefined--
3.6910625 --undefined--
3.7010625000000004 --undefined--
3.7110625 --undefined--
3.7210625000000004 --undefined--
3.7310625 216.26334141243947
3.7410625000000004 217.12398650639315
3.7510625 229.90054910591087
3.7610625000000004 230.56743209706823
3.7710625 228.00376722182412
3.7810625000000004 223.8631741334324
3.7910625000000002 220.2803034346149
3.8010625000000005 216.82671521418905
3.8110625000000002 212.884155718796
3.8210625000000005 206.23039229532785
3.8310625000000003 201.99307704283729
3.8410625000000005 212.0397899414895
3.8510625000000003 213.53944651937513
3.8610625 213.58264635980484
3.8710625000000003 213.23237146188563
3.8810625 213.0843846595181
3.8910625000000003 212.63804981426958
3.9010625 213.08113000904734
3.9110625000000003 213.24243679635532
3.9210625 212.25640593628856
3.9310625000000003 210.39545528517093
3.9410625 208.72094231572842
3.9510625000000004 207.59488785185317
3.9610625 206.2178034715815
3.9710625000000004 204.68864462336552
3.9810625 202.8700771249937
3.9910625000000004 201.79330393366956
4.001062500000001 201.1043185264884
4.0110625 200.97386082348567
4.0210625 200.49970116643277
4.0310625 200.14620598416488
4.041062500000001 199.20892322936461
4.0510625000000005 197.08096403947727
4.0610625 192.5766317195372
4.0710625 189.1459059266559
4.081062500000001 187.72309227025667
4.0910625000000005 187.86299674679378
4.1010625 --undefined--
4.1110625 --undefined--
4.1210625 --undefined--
4.1310625000000005 --undefined--
4.1410625 --undefined--
4.1510625 --undefined--
4.1610625 --undefined--
4.171062500000001 --undefined--
4.1810625 --undefined--
4.1910625 --undefined--
4.2010625 --undefined--
4.211062500000001 --undefined--
4.2210625 --undefined--
4.2310625 --undefined--
4.2410625 --undefined--
4.251062500000001 --undefined--
4.2610625 --undefined--
4.2710625 --undefined--
4.2810625 --undefined--
4.291062500000001 --undefined--
4.3010625000000005 229.7962225466853
4.3110625 233.46041383655307
4.3210625 218.70891304923117
4.331062500000001 213.77470639603393
4.3410625000000005 210.57626614268406
4.3510625 209.53527201589213
4.3610625 207.46690121399553
4.371062500000001 206.35929887960233
4.3810625000000005 205.45300944205914
4.3910625 204.7822074415172
4.4010625 203.9740659071112
4.4110625 202.72066124583418
4.421062500000001 202.64400938290083
4.4310625 202.80527074952192
4.4410625 202.26197246123246
4.4510625 201.08713662859756
4.461062500000001 199.35685585010364
4.4710625 201.05254852600766
4.4810625 200.40155523269095
4.4910625 199.8413079364447
4.501062500000001 198.78338865681897
4.5110625 198.35157587782555
4.5210625 197.84369613388404
4.5310625 197.5175016767068
4.541062500000001 197.34109299916778
4.5510625000000005 196.96432739651223
4.5610625 195.4513711499281
4.5710625 194.10193925883297
4.581062500000001 194.1772331379572
4.5910625000000005 196.57749149462302
4.6010625 195.77529000017248
4.6110625 192.22024300523802
4.621062500000001 192.30701059958906
4.6310625000000005 192.03449785755907
4.6410625 191.4146242000987
4.6510625 191.6337120345258
4.6610625 191.717412253789
4.671062500000001 192.43953265514688
4.6810625 191.7045748191197
4.6910625 190.14809957664036
4.7010625 188.84039995934728
4.711062500000001 187.58631896727272
4.7210625 186.52584490634467
4.7310625 185.77963354766229
4.7410625 183.40596238171992
4.751062500000001 179.13871378709064
4.7610625 174.32715911984863
4.7710625 175.8360603454186
4.7810625 177.84241627651943
4.791062500000001 186.93238689096628
4.8010625000000005 188.2520247737172
4.8110625 186.4299752790346
4.8210625 184.392194862243
4.831062500000001 183.6303921233729
4.8410625000000005 183.56237715765894
4.8510625 182.5845435901188
4.8610625 181.7393843719256
4.871062500000001 181.12118017389008
4.8810625000000005 180.7042032950553
4.8910625 180.32145450147362
4.9010625 180.18440401877726
4.9110625 179.18669472970825
4.921062500000001 178.275356839037
4.9310625 177.81924085242176
4.9410625 177.31945284305368
4.9510625 177.32477400667668
4.961062500000001 177.75392860762136
4.9710625 178.68451904128008
4.9810625 178.7016863892207
4.9910625 178.40305100882597
5.001062500000001 177.28820910952217
5.0110625 175.15057252319968
5.0210625 174.7660833332277
5.0310625 178.16319104871303
5.041062500000001 176.69771837766697
5.0510625000000005 177.48216012242744
5.0610625 178.87452607392117
5.0710625 180.9499804652726
5.081062500000001 185.3045466316287
5.0910625000000005 187.15269155948067
5.1010625 93.09139744810945
5.1110625 94.81648716104962
5.121062500000001 --undefined--
5.1310625000000005 --undefined--
5.1410625 --undefined--
5.1510625 283.229990508772
5.1610625 278.26285942354457
5.171062500000001 263.56022778556206
5.1810625 245.14831976372665
5.1910625 256.31961909392635
5.2010625 256.2363400589271
5.211062500000001 250.70627623530046
5.2210625 258.171597077569
5.2310625 --undefined--
5.2410625 --undefined--
5.251062500000001 --undefined--
5.2610625 --undefined--
5.2710625 --undefined--
5.2810625 --undefined--
5.291062500000001 --undefined--
5.3010625000000005 --undefined--
5.3110625 --undefined--
5.3210625 --undefined--
5.331062500000001 --undefined--
5.3410625000000005 --undefined--
5.3510625 --undefined--
5.3610625 --undefined--
5.371062500000001 --undefined--
5.3810625000000005 --undefined--
5.3910625 --undefined--
5.4010625 --undefined--
5.4110625 --undefined--
5.421062500000001 --undefined--
5.4310625 --undefined--
5.4410625 --undefined--
5.4510625 --undefined--
5.461062500000001 --undefined--
5.4710625 --undefined--
5.4810625 --undefined--
5.4910625 --undefined--
5.501062500000001 --undefined--
5.5110625 --undefined--
5.5210625 --undefined--
5.5310625 --undefined--
5.541062500000001 --undefined--
5.5510625000000005 --undefined--
5.5610625 --undefined--
5.5710625 --undefined--
5.581062500000001 --undefined--
5.5910625000000005 --undefined--
5.6010625 --undefined--
5.6110625 --undefined--
5.621062500000001 --undefined--
5.6310625000000005 --undefined--
5.6410625 --undefined--
5.6510625 --undefined--
5.6610625 --undefined--
5.671062500000001 --undefined--
5.6810625 --undefined--
5.6910625 --undefined--
5.7010625 --undefined--
5.711062500000001 --undefined--
5.7210625 --undefined--
5.7310625 --undefined--
5.7410625 --undefined--
5.751062500000001 --undefined--
5.7610625 --undefined--
5.7710625 --undefined--
5.7810625 --undefined--
5.791062500000001 --undefined--
5.8010625000000005 --undefined--
5.8110625 --undefined--
5.8210625 --undefined--
5.831062500000001 --undefined--
5.8410625000000005 --undefined--
5.8510625 --undefined--
5.8610625 --undefined--
5.871062500000001 --undefined--
5.8810625000000005 --undefined--
5.8910625 --undefined--
5.9010625 --undefined--
5.9110625 --undefined--
5.921062500000001 --undefined--
5.9310625 --undefined--
5.9410625 --undefined--
5.9510625 --undefined--
5.961062500000001 --undefined--
5.9710625 --undefined--
5.9810625 --undefined--
5.9910625 --undefined--
6.001062500000001 --undefined--
6.0110625 --undefined--
6.0210625 --undefined--
6.0310625 --undefined--
6.041062500000001 --undefined--
6.0510625000000005 --undefined--
6.0610625 --undefined--
6.0710625 --undefined--
6.081062500000001 --undefined--
6.0910625000000005 --undefined--
6.1010625 --undefined--
6.1110625 --undefined--
6.121062500000001 --undefined--
6.1310625000000005 --undefined--
6.1410625 --undefined--
6.1510625 --undefined--
6.161062500000001 --undefined--
6.171062500000001 --undefined--
6.1810625 --undefined--
6.1910625 --undefined--
6.2010625 --undefined--
6.211062500000001 --undefined--
6.2210625 --undefined--
6.2310625 --undefined--
6.2410625 --undefined--
6.251062500000001 --undefined--
6.2610625 --undefined--
6.2710625 --undefined--
6.2810625 --undefined--
6.291062500000001 234.8221092028997
6.3010625000000005 251.77720349138806
6.3110625 255.54456705592216
6.3210625 254.79481655342664
6.331062500000001 253.1628865547456
6.3410625000000005 250.88950389628272
6.3510625 249.25329483872707
6.3610625 248.11247662786235
6.371062500000001 247.64912142885535
6.3810625000000005 248.65648806902573
6.3910625 250.52575922153076
6.4010625 253.03912396461888
6.411062500000001 255.3661348566759
6.421062500000001 260.36833228829715
6.4310625 259.4162026933331
6.4410625 249.07667915248575
6.4510625 238.95258247831197
6.461062500000001 228.11237908475985
6.4710625 220.24089612889057
6.4810625 213.15252182515098
6.4910625 208.34382055210088
6.501062500000001 206.67431950808933
6.5110625 207.1569071656028
6.5210625 209.66098581919715
6.5310625 213.5715751006654
6.541062500000001 218.03289182346808
6.5510625000000005 226.69624702224158
6.5610625 230.99557655555805
6.5710625 234.82863967553038
6.581062500000001 238.6930700285032
6.5910625000000005 240.4061533544382
6.6010625 241.30079598495735
6.6110625 239.19184322282294
6.621062500000001 235.1641220190409
6.6310625000000005 233.8063697415344
6.6410625 258.52892270800606
6.6510625 280.2871197058234
6.661062500000001 242.34172303472184
6.671062500000001 234.26857673503505
6.6810625 216.99215679075064
6.6910625 203.6277354999455
6.7010625 192.46346925813086
6.711062500000001 187.8927459789929
6.7210625 187.0467592268536
6.7310625 186.85478831721963
6.7410625 186.17793447480747
6.751062500000001 187.07176615255722
6.7610625 187.91673557920203
6.7710625 187.33707881123453
6.7810625 185.3418070697239
6.791062500000001 178.4162102274075
6.8010625000000005 --undefined--
6.8110625 --undefined--
6.8210625 --undefined--
6.831062500000001 --undefined--
6.8410625000000005 --undefined--
6.8510625 --undefined--
6.8610625 181.963501486195
6.871062500000001 176.1910623269477
6.8810625000000005 168.0434485299275
6.8910625 164.490199084626
6.9010625 162.94554758687605
6.911062500000001 163.66974662260122
6.921062500000001 164.0911426573192
6.9310625 170.5890926061237
6.9410625 175.0221067399288
6.9510625 174.59912073948874
6.961062500000001 --undefined--
6.9710625 --undefined--
6.9810625 --undefined--
6.9910625 246.77526548953367
7.001062500000001 256.2127002133565
7.0110625 265.1403999082091
7.0210625 --undefined--
7.0310625 --undefined--
7.041062500000001 --undefined--
7.0510625000000005 --undefined--
7.0610625 --undefined--
7.0710625 --undefined--
7.081062500000001 --undefined--
7.0910625000000005 --undefined--
7.1010625 --undefined--
7.1110625 --undefined--
7.121062500000001 --undefined--
7.1310625000000005 --undefined--
7.1410625 --undefined--
7.1510625 --undefined--
7.161062500000001 --undefined--
7.171062500000001 --undefined--
7.1810625 --undefined--
7.1910625 --undefined--
7.2010625 --undefined--
7.211062500000001 --undefined--
7.2210625 --undefined--
7.2310625 --undefined--
7.2410625 --undefined--
7.251062500000001 --undefined--
7.2610625 --undefined--
7.2710625 197.41545709050686
7.2810625 193.36300189678892
7.291062500000001 186.5587438331042
7.3010625000000005 186.46031639129075
7.3110625 185.9161451231936
7.3210625 184.55858840190606
7.331062500000001 182.3210711554215
7.3410625000000005 178.97328093549984
7.3510625 174.98551043170997
7.3610625 --undefined--
7.371062500000001 --undefined--
7.3810625000000005 --undefined--
7.3910625 --undefined--
7.4010625 --undefined--
7.411062500000001 --undefined--
7.421062500000001 181.80417015534522
7.4310625 174.11825892829165
7.4410625 174.49119489495794
7.4510625 --undefined--
7.461062500000001 --undefined--
7.4710625 --undefined--
7.4810625 470.27148479692875
7.4910625 470.4104662815323
7.501062500000001 468.61164821740647
7.5110625 442.98780213413653
7.5210625 445.4483611161564
7.5310625 --undefined--
7.541062500000001 --undefined--
7.5510625000000005 --undefined--
7.5610625 --undefined--
7.5710625 --undefined--
7.581062500000001 --undefined--
7.5910625000000005 --undefined--
7.6010625 --undefined--
7.6110625 --undefined--
7.621062500000001 --undefined--
7.6310625000000005 --undefined--
7.6410625 --undefined--
7.6510625 --undefined--
7.661062500000001 --undefined--
7.671062500000001 --undefined--
7.6810625 --undefined--
7.6910625 --undefined--
7.7010625 480.7814672899545
7.711062500000001 477.11774639142254
7.7210625 483.98980504726535
7.7310625 483.690142080125
7.7410625 481.1379620170457
7.751062500000001 472.27049450168937
7.7610625 --undefined--
7.7710625 --undefined--
7.7810625 --undefined--
7.791062500000001 --undefined--
7.8010625000000005 --undefined--
7.8110625 --undefined--
7.8210625 --undefined--
7.831062500000001 --undefined--
7.8410625000000005 --undefined--
7.8510625 --undefined--
7.8610625 --undefined--
7.871062500000001 --undefined--
7.8810625000000005 --undefined--
7.8910625 --undefined--
7.9010625 --undefined--
7.911062500000001 --undefined--
7.921062500000001 --undefined--
7.9310625 --undefined--
7.9410625 --undefined--
7.951062500000001 --undefined--
7.961062500000001 --undefined--
7.9710625 --undefined--
7.9810625 --undefined--
7.9910625 --undefined--
8.001062500000002 231.31690620675838
8.011062500000001 226.74043763068394
8.021062500000001 234.62020816026876
8.0310625 245.9225499197544
8.0410625 249.6883577944861
8.0510625 252.84352330733742
8.061062500000002 259.4592288460562
8.071062500000002 261.48574784543524
8.081062500000002 261.51544052236665
8.091062500000001 265.0918024421791
8.101062500000001 262.2581024293442
8.111062500000001 --undefined--
8.1210625 --undefined--
8.1310625 --undefined--
8.141062500000002 --undefined--
8.151062500000002 --undefined--
8.161062500000002 --undefined--
8.171062500000001 --undefined--
8.181062500000001 --undefined--
8.191062500000001 235.9143217549529
8.2010625 246.7076895465868
8.2110625 252.43267432618012
8.2210625 254.9030412627172
8.231062500000002 255.38071222282656
8.241062500000002 252.40174167708057
8.251062500000002 249.25302673597903
8.261062500000001 247.1592664274734
8.271062500000001 232.5988992398685
8.2810625 227.20543436062397
8.2910625 222.12652181678496
8.3010625 219.1864805661271
8.311062500000002 199.76900602046908
8.321062500000002 187.88978958077465
8.331062500000002 179.34445829253744
8.341062500000001 --undefined--
8.351062500000001 --undefined--
8.361062500000001 --undefined--
8.3710625 --undefined--
8.3810625 203.89405673143548
8.391062500000002 207.91594749546024
8.401062500000002 210.34930395680192
8.411062500000002 222.29770574259908
8.421062500000001 228.70749980970857
8.431062500000001 213.98181464471634
8.441062500000001 201.43400853654273
8.4510625 195.19834655273345
8.4610625 190.8847222895495
8.4710625 188.40932939578772
8.481062500000002 186.37237871274942
8.491062500000002 185.60535823658805
8.501062500000002 187.2533360875612
8.511062500000001 186.27517647077914
8.521062500000001 --undefined--
8.5310625 --undefined--
8.5410625 --undefined--
8.5510625 --undefined--
8.561062500000002 --undefined--
8.571062500000002 --undefined--
8.581062500000002 --undefined--
8.591062500000001 201.3136429971112
8.601062500000001 188.46910784858446
8.611062500000001 183.68874742340333
8.6210625 180.4401027504929
8.6310625 177.60492331435543
8.641062500000002 175.64500347353595
8.651062500000002 --undefined--
8.661062500000002 --undefined--
8.671062500000001 --undefined--
8.681062500000001 --undefined--
8.691062500000001 --undefined--
8.7010625 --undefined--
8.7110625 --undefined--
8.721062500000002 --undefined--
8.731062500000002 --undefined--
8.741062500000002 --undefined--
8.751062500000002 --undefined--
8.761062500000001 --undefined--
8.771062500000001 --undefined--
8.7810625 --undefined--
8.7910625 --undefined--
8.8010625 --undefined--
8.811062500000002 --undefined--
8.821062500000002 --undefined--
8.831062500000002 --undefined--
8.841062500000001 --undefined--
8.851062500000001 --undefined--
8.861062500000001 --undefined--
8.8710625 --undefined--
8.8810625 499.67010599789046
8.891062500000002 487.60364335912124
8.901062500000002 --undefined--
8.911062500000002 --undefined--
8.921062500000001 --undefined--
8.931062500000001 --undefined--
8.941062500000001 --undefined--
8.9510625 --undefined--
8.9610625 --undefined--
8.971062500000002 --undefined--
8.981062500000002 --undefined--
8.991062500000002 --undefined--
9.001062500000002 --undefined--
9.011062500000001 --undefined--
9.021062500000001 --undefined--
9.0310625 --undefined--
9.0410625 --undefined--
9.0510625 --undefined--
9.061062500000002 --undefined--
9.071062500000002 --undefined--
9.081062500000002 --undefined--
9.091062500000001 --undefined--
9.101062500000001 --undefined--
9.111062500000001 --undefined--
9.1210625 --undefined--
9.1310625 --undefined--
9.141062500000002 --undefined--
9.151062500000002 --undefined--
9.161062500000002 --undefined--
9.171062500000001 --undefined--
9.181062500000001 --undefined--
9.191062500000001 --undefined--
9.2010625 --undefined--
9.2110625 --undefined--
9.221062500000002 --undefined--
9.231062500000002 --undefined--
9.241062500000002 --undefined--
9.251062500000002 --undefined--
9.261062500000001 --undefined--
9.271062500000001 --undefined--
9.2810625 --undefined--
9.2910625 --undefined--
9.3010625 --undefined--
9.311062500000002 --undefined--
9.321062500000002 --undefined--
9.331062500000002 --undefined--
9.341062500000001 --undefined--
9.351062500000001 --undefined--
9.361062500000001 --undefined--
9.3710625 --undefined--
9.3810625 --undefined--
9.391062500000002 --undefined--
9.401062500000002 --undefined--
9.411062500000002 --undefined--
9.421062500000001 --undefined--
9.431062500000001 --undefined--
9.441062500000001 --undefined--
