mean: 73.88997933520703 std: 5.615698606033488 duration: 4.2470625
0.04353124999999972 64.34048148348543
0.05419791666666639 65.56702431734223
0.06486458333333306 69.50863696019375
0.07553124999999972 73.07933387984893
0.0861979166666664 76.13228996414774
0.09686458333333306 78.32215726251243
0.10753124999999972 79.66691160758576
0.1181979166666664 80.391559600347
0.12886458333333306 80.86360723356138
0.13953124999999975 81.05234803049818
0.1501979166666664 81.20197307237264
0.16086458333333306 81.67371132261495
0.17153124999999972 82.43620654620699
0.1821979166666664 82.59838451992492
0.19286458333333306 81.28591402976636
0.20353124999999975 78.27184509319211
0.2141979166666664 74.24238721996205
0.22486458333333306 70.76891129486545
0.23553124999999975 67.88755900998868
0.2461979166666664 67.61296342607321
0.2568645833333331 70.49442069195122
0.2675312499999998 72.3793819968742
0.27819791666666643 72.05029269505285
0.2888645833333331 70.47384025790765
0.29953124999999975 68.94219202793056
0.31019791666666646 67.96570634501589
0.3208645833333331 69.6340211783799
0.3315312499999998 74.29297935043111
0.34219791666666644 77.62975695278618
0.3528645833333331 79.35486787737251
0.3635312499999998 79.97794201023753
0.37419791666666646 79.60256561559345
0.3848645833333331 78.05002678515697
0.3955312499999998 75.77222579659876
0.40619791666666644 73.7800482882743
0.41686458333333315 71.88724441734918
0.4275312499999998 70.53256688558261
0.43819791666666646 71.00604917158806
0.4488645833333331 73.56724227089815
0.4595312499999998 75.99351336360053
0.4701979166666665 77.76004951417141
0.48086458333333315 79.0022100188517
0.4915312499999998 79.7741612405205
0.5021979166666665 79.94087435882658
0.5128645833333331 79.30889401498727
0.5235312499999998 78.17659874263958
0.5341979166666665 76.35332111216373
0.5448645833333331 72.94099027366333
0.5555312499999997 68.6953875286371
0.5661979166666664 67.44256539544978
0.5768645833333331 67.45031763731728
0.5875312499999997 67.32524631064874
0.5981979166666664 68.02318020439107
0.608864583333333 69.82036466148662
0.6195312499999998 73.61869511500043
0.6301979166666665 76.56230242096916
0.6408645833333331 77.74777186663052
0.6515312499999998 77.0192581870703
0.6621979166666664 74.72909439673599
0.6728645833333331 72.82301214193811
0.6835312499999998 71.99517907665997
0.6941979166666664 71.443972650128
0.7048645833333331 70.32249732611365
0.7155312499999997 68.16737727220483
0.7261979166666664 65.50935660053557
0.7368645833333332 62.49146795810785
0.7475312499999998 59.42729829087909
0.7581979166666665 61.85921908705033
0.7688645833333331 68.8910001371924
0.7795312499999998 74.06541076419443
0.7901979166666665 77.15432774391472
0.8008645833333331 78.68122087396206
0.8115312499999998 79.18605114125191
0.8221979166666664 79.22887874039789
0.8328645833333331 79.27086155821976
0.8435312499999998 79.43241614868982
0.8541979166666664 79.71754787880204
0.8648645833333332 80.0132226757445
0.8755312499999998 79.83443055668722
0.8861979166666665 78.67955014556743
0.8968645833333332 77.04702423615075
0.9075312499999998 75.43515440175523
0.9181979166666665 73.28389899195588
0.9288645833333331 70.38027620625391
0.9395312499999998 68.39174229626123
0.9501979166666664 67.34236810397401
0.9608645833333331 66.76544953812616
0.9715312499999998 67.39963766613346
0.9821979166666664 66.49693955119949
0.9928645833333332 64.05308538215951
1.0035312499999998 64.00568898476283
1.0141979166666666 67.45955818659081
1.0248645833333332 71.86439891078089
1.0355312499999998 75.55242588180846
1.0461979166666666 77.73006217573123
1.0568645833333332 78.53049023590687
1.0675312499999998 78.60088482120113
1.0781979166666666 78.66283835284071
1.0888645833333332 78.94768874850779
1.0995312499999998 78.7480039361351
1.1101979166666667 78.02002047186586
1.1208645833333333 77.72403109816132
1.1315312499999999 77.63384909498929
1.1421979166666667 77.30648467787029
1.1528645833333333 76.979422384443
1.16353125 76.45756706460477
1.1741979166666665 76.09774836485222
1.1848645833333333 76.31916919519385
1.19553125 76.17584652325321
1.2061979166666665 74.86324192819407
1.2168645833333334 72.74866296592569
1.22753125 70.08689987682712
1.2381979166666666 66.60030748134918
1.2488645833333334 66.17853327521618
1.25953125 69.61200716203396
1.2701979166666666 73.58889771829637
1.2808645833333332 76.00102734194988
1.29153125 77.03769335739108
1.3021979166666666 77.30746791569791
1.3128645833333332 77.15801760027838
1.32353125 76.78083178231978
1.3341979166666667 76.15455559813041
1.3448645833333333 75.30899323346789
1.35553125 74.00439120165716
1.3661979166666667 72.19306158210554
1.3768645833333333 69.88101036100312
1.3875312499999999 67.13178520609628
1.3981979166666667 67.02331348710018
1.4088645833333333 68.30218707956776
1.41953125 67.50425386153006
1.4301979166666667 66.17815482921438
1.4408645833333333 65.8712062482977
1.45153125 65.10587136204504
1.4621979166666665 63.00462677817217
1.4728645833333334 63.59529275612451
1.48353125 67.39866208988477
1.4941979166666666 68.25788873405833
1.5048645833333334 65.72142315740008
1.51553125 61.562288428485644
1.5261979166666666 61.75449739031987
1.5368645833333334 62.448156673866734
1.54753125 62.450392241656346
1.5581979166666666 63.719741612016264
1.5688645833333332 66.49470821995081
1.57953125 68.43816490265627
1.5901979166666667 69.57851654912764
1.6008645833333333 70.28408800403868
1.61153125 69.5589756650819
1.6221979166666667 68.87295639999769
1.6328645833333333 67.89179678929463
1.64353125 66.37154017986079
1.6541979166666667 68.48206667698187
1.6648645833333333 71.74924479264014
1.67553125 73.85897280280444
1.6861979166666667 75.50424360750809
1.6968645833333333 76.69416695561543
1.70753125 77.07492137669752
1.7181979166666668 76.72861450736909
1.7288645833333334 75.91549038214231
1.73953125 74.77289369627734
1.7501979166666668 73.6826633877218
1.7608645833333334 72.87824210492737
1.77153125 71.35090576361787
1.7821979166666666 69.66199625461091
1.7928645833333334 69.3360345126119
1.80353125 68.83442137194223
1.8141979166666666 67.23028634526325
1.8248645833333335 67.71545733405537
1.83553125 68.3877268231356
1.8461979166666667 67.54743885696784
1.8568645833333333 66.65475544762019
1.86753125 65.98428383152401
1.8781979166666667 66.1624914445531
1.8888645833333333 65.6380266908012
1.8995312500000001 65.7259661266476
1.9101979166666667 65.4853958217762
1.9208645833333333 65.82989699480731
1.9315312500000001 66.3229593211904
1.9421979166666667 65.8662786296207
1.9528645833333333 63.85261780064325
1.96353125 61.722884435087025
1.9741979166666668 59.74828531347343
1.9848645833333334 59.97475719758554
1.99553125 60.21136520512199
2.006197916666667 58.471204470678956
2.016864583333333 59.246409679182136
2.02753125 63.679233585493705
2.038197916666667 66.04745776905484
2.048864583333333 65.33321187424592
2.05953125 62.46555787050248
2.0701979166666664 60.801918690784134
2.0808645833333332 59.99100011797039
2.0915312499999996 62.41663537157506
2.1021979166666664 67.6615015719228
2.1128645833333333 71.66868499994762
2.1235312499999996 74.5708372742733
2.1341979166666665 76.07267716612263
2.1448645833333333 76.70192855211327
2.1555312499999997 77.45861097517394
2.1661979166666665 78.23001122860491
2.1768645833333333 79.20009510867916
2.1875312499999997 79.7221778961628
2.1981979166666665 79.21956429389303
2.2088645833333334 78.49290591390454
2.2195312499999997 77.92896445672366
2.2301979166666666 77.08702938542449
2.2408645833333334 75.93667591927644
2.2515312499999998 74.73538175128459
2.2621979166666666 73.86182352560192
2.2728645833333334 73.64749285380947
2.28353125 73.78004509356981
2.2941979166666666 73.76575497159108
2.304864583333333 73.56481630164738
2.31553125 73.3572252273245
2.3261979166666666 73.09612515983662
2.336864583333333 72.78184238433812
2.34753125 72.63938866539988
2.3581979166666667 73.15147893715712
2.368864583333333 74.1401110588638
2.37953125 75.12540313260999
2.3901979166666667 75.71645323356098
2.400864583333333 75.35223832039875
2.41153125 74.36241225220442
2.4221979166666667 74.45365864269944
2.432864583333333 75.57116908547486
2.44353125 76.69124311655445
2.4541979166666668 77.53356657312827
2.464864583333333 77.98875613493884
2.47553125 77.97404927879626
2.4861979166666663 77.35298759659969
2.496864583333333 76.2276001595968
2.50753125 74.76918063078362
2.5181979166666664 73.66505536513618
2.528864583333333 73.32646809024249
2.53953125 73.44977522818793
2.5501979166666664 74.16056395716177
2.560864583333333 74.95447372566717
2.57153125 75.33366636652414
2.5821979166666664 75.48363455129281
2.5928645833333333 75.77032335299832
2.60353125 75.71169172850055
2.6141979166666665 74.04813947636339
2.6248645833333333 69.97132420688874
2.63553125 64.99274812023978
2.6461979166666665 62.753745842443365
2.6568645833333333 62.98026476896699
2.66753125 65.7445536675109
2.6781979166666665 66.91217695123802
2.6888645833333333 65.92657584255589
2.6995312499999997 65.12194710703851
2.7101979166666665 66.54301023593949
2.7208645833333334 69.69937328426231
2.7315312499999997 71.7814532105922
2.7421979166666666 72.37724327465997
2.7528645833333334 72.00173187029105
2.7635312499999998 71.5959626979062
2.7741979166666666 71.6454871600064
2.7848645833333334 71.53944826646396
2.79553125 71.49215596790425
2.8061979166666666 71.64370255262368
2.8168645833333334 72.03214907674167
2.82753125 72.46316759612853
2.8381979166666667 72.3991298361144
2.8488645833333335 71.77435416351877
2.85953125 69.72647476977718
2.8701979166666667 66.2248346039046
2.880864583333333 63.606368002424716
2.89153125 61.4693456879467
2.9021979166666667 59.54040818141657
2.912864583333333 61.06148238881984
2.92353125 65.48045369532689
2.9341979166666667 68.7604703058882
2.944864583333333 69.8397997361925
2.95553125 68.3486957132542
2.9661979166666668 64.99405782277671
2.976864583333333 61.61461784192379
2.98753125 59.22242245446803
2.998197916666667 59.86739009669252
3.008864583333333 61.5729092951893
3.01953125 61.876787747986114
3.030197916666667 61.36960461035301
3.040864583333333 61.480264149421906
3.05153125 61.45675668301828
3.062197916666667 62.91743414440592
3.0728645833333332 63.6375891911341
3.08353125 62.49340721910138
3.0941979166666664 63.97551799196282
3.1048645833333333 66.85284300356444
3.11553125 69.29876725281379
3.1261979166666665 72.46503752696
3.1368645833333333 74.44256281131754
3.14753125 75.05638805130177
3.1581979166666665 74.91956276721585
3.1688645833333333 74.27482221188164
3.17953125 73.69251050307528
3.1901979166666665 73.75708165078404
3.2008645833333333 73.91021412273024
3.21153125 73.93056136744914
3.2221979166666666 73.39676516395743
3.2328645833333334 72.21102143673357
3.24353125 70.33744823849423
3.2541979166666666 68.1555161818183
3.2648645833333334 66.38396428980371
3.27553125 64.3999519532342
3.2861979166666666 62.26025983988022
3.2968645833333334 61.75347698694552
3.30753125 62.40048638527054
3.3181979166666666 61.98451981599053
3.3288645833333335 64.48975548376218
3.33953125 68.47225139998055
3.3501979166666667 70.91546971318606
3.3608645833333335 71.95524652048715
3.37153125 72.11872718008968
3.3821979166666667 71.77775041668274
3.3928645833333335 72.02073983153846
3.40353125 72.8072151719893
3.4141979166666667 72.3636889840253
3.4248645833333335 70.82722224510866
3.43553125 68.87738247246938
3.4461979166666667 66.80198842404023
3.4568645833333336 64.96085079720957
3.46753125 65.33375286582151
3.478197916666667 66.20857532899781
3.488864583333333 65.51161209710835
3.49953125 67.38068539361083
3.510197916666667 68.68537846795185
3.520864583333333 67.70820063631515
3.53153125 66.1687989890183
3.542197916666667 68.76046157163839
3.552864583333333 72.09443821660523
3.56353125 73.31412241515311
3.574197916666667 73.26012566484533
3.5848645833333332 73.19499357050279
3.59553125 73.13497512778181
3.606197916666667 73.39153986079558
3.6168645833333333 74.10947437054435
3.62753125 75.25241909927173
3.638197916666667 76.23417324487386
3.6488645833333333 76.784132860297
3.65953125 77.05813444729418
3.6701979166666665 76.73766721764542
3.6808645833333333 75.53651172494655
3.69153125 73.3030198052299
3.7021979166666665 70.67120617246526
3.7128645833333334 70.43960086994694
3.72353125 73.44657908366088
3.7341979166666666 75.81910436545563
3.7448645833333334 76.95380345087119
3.75553125 77.24936684686269
3.7661979166666666 76.85387757451443
3.7768645833333334 75.74862451335943
3.7875312500000002 73.84604134228083
3.7981979166666666 71.45601906674902
3.8088645833333334 69.29506417399368
3.8195312500000003 67.63020927739356
3.8301979166666666 66.98628435423001
3.8408645833333335 67.07542461184278
3.85153125 66.5083544576885
3.8621979166666667 66.20185968479997
3.8728645833333335 66.57854968673006
3.88353125 66.38771989096728
3.8941979166666667 64.70412333676832
3.9048645833333335 62.2584180617503
3.91553125 63.35461946729171
3.9261979166666667 64.98113948457086
3.9368645833333336 63.67411196462602
3.94753125 60.33788717593484
3.9581979166666668 61.37067697856339
3.9688645833333336 64.63290271933367
3.97953125 67.64666099391219
3.990197916666667 68.72280479933424
4.000864583333334 68.15085281316814
4.01153125 66.57807697876605
4.022197916666667 65.3403042882273
4.032864583333334 65.22047490884265
4.043531250000001 64.7919628612471
4.054197916666667 64.96263452406781
4.064864583333334 65.40175589110575
4.075531250000001 65.71240407338058
4.086197916666667 65.81867638547143
4.096864583333334 65.64225005256932
4.107531250000001 65.41724580059237
4.118197916666667 65.3500237279928
4.128864583333334 65.7565123317672
4.13953125 66.69752813401686
4.150197916666667 66.51165063786885
4.160864583333334 64.79723374921919
4.17153125 64.30307217942972
4.182197916666667 64.47624549211152
4.192864583333334 64.28126878451239
4.20353125 64.83839252931453
