mean: 224.58844418722012 std: 56.20308150779688
0.02396874999999998 --undefined--
0.03396874999999998 --undefined--
0.04396874999999998 --undefined--
0.05396874999999998 --undefined--
0.06396874999999998 --undefined--
0.07396874999999999 --undefined--
0.08396874999999998 --undefined--
0.09396874999999999 259.62176066728847
0.10396874999999998 249.64712144083094
0.11396874999999998 252.25494803338412
0.12396874999999999 253.3027159578206
0.13396874999999997 253.57823113533306
0.14396874999999998 253.80008476536483
0.15396875 254.20509630698504
0.16396875 255.14153181519694
0.17396874999999998 257.3362981043977
0.18396875 259.4102254964442
0.19396875 257.1077938456092
0.20396874999999998 253.58342805371294
0.21396874999999999 247.11164496774228
0.22396875 245.75452962779733
0.23396874999999998 245.2707339515444
0.24396874999999998 248.442914361893
0.25396874999999997 256.5614108927896
0.26396875 258.5091225452358
0.27396875 255.34792837336133
0.28396875 252.3957593006154
0.29396875 250.71552418829774
0.30396875 248.57815576030393
0.31396874999999996 246.2140261850575
0.32396874999999997 243.83668376386123
0.33396875 242.1806023387438
0.34396875 239.64132186936695
0.35396875 221.4911097525785
0.36396875 218.0999717272876
0.37396875 209.9783219953353
0.38396874999999997 211.0004813436082
0.39396875 216.55336236727436
0.40396875 223.96844553630152
0.41396875 236.24486450579172
0.42396875 243.835178439245
0.43396875 245.42914202033077
0.44396874999999997 242.72981749270767
0.45396875 239.99286345763815
0.46396875 238.7299061971571
0.47396875 238.49415586374718
0.48396875 238.05878574702274
0.49396875 237.53665523532328
0.50396875 239.92854455366725
0.51396875 244.5031751780274
0.52396875 249.42267067384284
0.53396875 253.59693184545662
0.54396875 256.27002250569444
0.55396875 258.3220289883108
0.56396875 258.81030896027875
0.57396875 258.12400368486755
0.58396875 256.45877493739704
0.59396875 255.8227384538237
0.6039687499999999 257.7715041340829
0.61396875 261.0158789048267
0.62396875 264.8172161982762
0.63396875 268.83689327426
0.64396875 272.92915012373936
0.65396875 276.30133708149447
0.66396875 279.2444026012675
0.67396875 283.9763958123266
0.68396875 286.23926030806604
0.69396875 288.0694245887716
0.70396875 290.4957242730606
0.71396875 292.430670757996
0.72396875 296.2130600426708
0.73396875 300.39113049850425
0.74396875 300.38539805139783
0.75396875 285.2238486437012
0.76396875 252.54156538143243
0.77396875 245.57812962633258
0.78396875 240.28830022771885
0.79396875 232.41370498123135
0.80396875 229.92652182769802
0.81396875 241.9399461439924
0.82396875 243.2229319984547
0.83396875 240.4704077288972
0.84396875 235.38487186448828
0.85396875 230.74354889629993
0.86396875 227.12037005696519
0.87396875 223.98207945748095
0.88396875 222.85762193255835
0.89396875 225.47804334791428
0.90396875 223.19778764769413
0.91396875 220.84478760623256
0.92396875 220.3655649646694
0.93396875 214.32206593102558
0.94396875 211.89850100870493
0.95396875 210.09702570142895
0.96396875 208.18816382705342
0.97396875 204.7414885307948
0.98396875 200.1497570933656
0.99396875 198.2359921885115
1.0039687499999999 198.46034048687264
1.0139687499999999 198.17965150049687
1.0239687499999999 198.5154400526169
1.0339687499999999 199.75950242812632
1.04396875 200.40258192148139
1.05396875 200.52185263266327
1.06396875 201.24051905667
1.07396875 202.85373642804615
1.08396875 205.4523585968993
1.09396875 208.2172557716386
1.10396875 212.22927543596194
1.11396875 211.45081023191463
1.12396875 212.23093216007194
1.13396875 213.0632773871746
1.14396875 215.08990245039672
1.15396875 218.03745913113028
1.16396875 220.43913014112903
1.17396875 222.38853725390342
1.1839687499999998 226.02158445969337
1.1939687499999998 229.0750144619374
1.2039687499999998 228.78021566473768
1.2139687499999998 223.07299873272683
1.2239687499999998 222.94418164621814
1.2339687499999998 234.01848720263297
1.2439687499999998 248.81561782837628
1.2539687499999999 257.99135612449487
1.2639687499999999 264.938397931159
1.2739687499999999 270.06095380295966
1.2839687499999999 272.7287177153503
1.29396875 273.45205521424856
1.30396875 271.34488603226345
1.31396875 271.06768634607045
1.32396875 271.8624588340491
1.33396875 273.12375461936574
1.34396875 273.44085314015103
1.35396875 270.9923214547881
1.36396875 265.11457201809606
1.37396875 256.3313230448477
1.38396875 250.55507972905363
1.39396875 255.46796395031961
1.40396875 265.3628891917006
1.41396875 265.1994765446902
1.42396875 264.38435905513603
1.4339687499999998 231.9892252063711
1.4439687499999998 227.34546052594663
1.4539687499999998 222.89456805259127
1.4639687499999998 217.5338823684253
1.4739687499999998 213.80851413118427
1.4839687499999998 210.37310628665603
1.4939687499999998 207.41149602741976
1.5039687499999999 205.17026264533405
1.5139687499999999 202.4172764996178
1.5239687499999999 201.3436880270611
1.5339687499999999 202.27003599387717
1.54396875 204.21268053916813
1.55396875 205.06584055021602
1.56396875 204.7861064168631
1.57396875 204.1825942861805
1.58396875 203.88728119864982
1.59396875 201.89332269427476
1.60396875 199.4369335992096
1.61396875 193.8587654458918
1.62396875 189.11238389081336
1.63396875 188.83724892048718
1.64396875 189.05901267025223
1.65396875 185.52425169615026
1.66396875 197.2793701836371
1.67396875 203.5092550903428
1.68396875 207.72486904980596
1.6939687499999998 209.22675959446815
1.7039687499999998 209.8881971081543
1.7139687499999998 208.12419155583365
1.7239687499999998 203.2731329765793
1.7339687499999998 203.13210349474917
1.7439687499999998 200.90831243094235
1.7539687499999999 196.90837925895264
1.7639687499999999 192.35548534546862
1.7739687499999999 187.35594978973685
1.7839687499999999 182.46089392872602
1.79396875 176.82152143253901
1.80396875 --undefined--
1.81396875 --undefined--
1.82396875 --undefined--
1.83396875 439.53982287098927
1.84396875 478.2689270566492
1.85396875 --undefined--
1.86396875 213.91473754946975
1.87396875 209.8865215387286
1.88396875 205.10912019230904
1.89396875 201.59427649847336
1.90396875 198.00415654190755
1.91396875 195.45768142386493
1.92396875 194.3896454136581
1.93396875 193.50781743665092
1.9439687499999998 193.1838827609045
1.9539687499999998 192.89370493539778
1.9639687499999998 192.83173412037507
1.9739687499999998 195.3366074034083
1.9839687499999998 196.5169833072374
1.9939687499999998 196.54037581687106
2.00396875 196.06296220791148
2.01396875 196.1713340572384
2.02396875 195.85176752360144
2.03396875 195.20944370299048
2.04396875 194.19166115020806
2.05396875 193.18472732141703
2.06396875 192.84234111482982
2.0739687499999997 193.35195791050185
2.08396875 194.19794150605833
2.0939687499999997 195.21877268894883
2.10396875 196.93364222620727
2.1139687499999997 193.65829499395076
2.12396875 191.07782057341228
2.1339687499999997 --undefined--
2.14396875 --undefined--
2.1539687499999998 --undefined--
2.16396875 --undefined--
2.17396875 --undefined--
2.18396875 --undefined--
2.19396875 --undefined--
2.20396875 --undefined--
2.21396875 --undefined--
2.22396875 218.15809265480465
2.23396875 210.28380851500793
2.24396875 204.174781580958
2.25396875 199.67183111224153
2.26396875 195.9696003911204
2.27396875 193.9680222191279
2.28396875 193.43587862111187
2.29396875 193.0998281448451
2.30396875 191.8180420342947
2.31396875 190.6902291081093
2.32396875 189.04818817845754
2.33396875 189.31498306678927
2.3439687499999997 185.31226762109722
2.35396875 177.27875567995252
2.3639687499999997 172.75221142678632
2.37396875 167.8523459569111
2.3839687499999997 166.63754745962243
2.39396875 186.9846799212596
2.4039687499999998 188.95747433929503
2.41396875 187.19006448594357
2.42396875 182.43484954053687
2.43396875 178.29561847762406
2.44396875 175.62388057773532
2.45396875 174.0297506232848
2.46396875 174.51562612664975
2.47396875 176.42247846396015
2.48396875 177.3566910008296
2.49396875 177.84591835997915
2.50396875 177.3938411820934
2.51396875 177.33467075880174
2.52396875 177.86619902689716
2.53396875 177.96649760198656
2.54396875 178.41524175270663
2.55396875 176.41785126995828
2.56396875 171.9938160971517
2.57396875 168.291100209039
2.58396875 171.28610520548975
2.5939687499999997 --undefined--
2.60396875 --undefined--
2.6139687499999997 --undefined--
2.62396875 --undefined--
2.6339687499999997 --undefined--
2.64396875 --undefined--
2.6539687499999998 --undefined--
2.66396875 --undefined--
2.67396875 102.92788737307812
2.68396875 105.26564544308324
2.69396875 108.31214110946438
2.70396875 110.34986289228951
2.71396875 109.45794625283462
2.72396875 109.79592214738592
2.73396875 --undefined--
2.74396875 --undefined--
2.75396875 --undefined--
2.76396875 --undefined--
2.77396875 --undefined--
2.78396875 --undefined--
2.79396875 --undefined--
2.80396875 --undefined--
2.81396875 --undefined--
2.82396875 --undefined--
2.83396875 --undefined--
2.8439687499999997 --undefined--
2.85396875 --undefined--
2.8639687499999997 --undefined--
2.87396875 444.69419602216226
2.8839687499999997 440.7312117649001
2.89396875 442.52707243034064
2.9039687499999998 441.680769329921
2.91396875 447.7374894081442
2.92396875 --undefined--
2.93396875 --undefined--
2.94396875 --undefined--
2.95396875 --undefined--
2.96396875 --undefined--
2.97396875 --undefined--
2.98396875 --undefined--
2.99396875 --undefined--
3.00396875 --undefined--
3.01396875 --undefined--
3.02396875 --undefined--
3.03396875 --undefined--
3.04396875 --undefined--
3.05396875 --undefined--
3.06396875 --undefined--
3.07396875 232.08936899150316
3.08396875 230.31361597364653
3.09396875 229.91890483741145
3.10396875 232.16268706758757
3.1139687499999997 229.701394699844
3.12396875 229.30380693894034
3.1339687499999997 231.62295802687942
3.14396875 234.05827709364715
3.1539687499999998 236.11639084161104
3.16396875 237.3311096143001
3.17396875 237.3866415564423
3.18396875 235.81383224865218
3.19396875 233.3118974169687
3.20396875 235.2705951339106
3.21396875 238.84578781077028
3.22396875 214.46567531811885
3.23396875 212.19002120320798
3.24396875 --undefined--
3.25396875 --undefined--
3.26396875 --undefined--
3.27396875 --undefined--
3.28396875 --undefined--
3.29396875 212.1747411269243
3.30396875 215.03001744411478
3.31396875 222.06738895441435
3.32396875 227.0730291783293
3.33396875 224.91700983108052
3.34396875 219.36327894817114
3.35396875 215.24733656323343
3.3639687499999997 211.57384941209014
3.37396875 209.19474946941205
3.3839687499999997 206.99507084126165
3.39396875 204.8070088045346
3.4039687499999998 203.5417746263807
3.41396875 191.03538476689215
3.42396875 190.9444739191042
3.43396875 189.3109226322874
3.44396875 207.1688040578814
3.45396875 207.61130503671862
3.46396875 207.4344390825235
3.47396875 206.43719175622408
3.48396875 205.4511349029465
3.49396875 204.5841629331748
3.50396875 204.0519321296457
3.51396875 204.6776805404665
3.52396875 206.30796735274595
3.53396875 208.37627760728185
3.54396875 207.15661431929257
3.55396875 205.26138581198148
3.56396875 202.66148957561532
3.57396875 206.39320052172647
3.58396875 235.76214999258536
3.59396875 238.35684934042254
3.60396875 257.47169501132953
3.6139687499999997 262.1261560494984
3.62396875 292.5097751529047
3.6339687499999997 --undefined--
3.64396875 --undefined--
3.6539687499999998 --undefined--
3.66396875 --undefined--
3.67396875 216.99011886488927
3.68396875 216.32798184537248
3.69396875 214.84993348174163
3.70396875 207.1786084311208
3.71396875 208.10046394435543
3.72396875 205.7019270822284
3.73396875 202.35019350477833
3.74396875 201.88997114976888
3.75396875 203.2705968592602
3.76396875 204.9831754985547
3.77396875 206.7853942040455
3.78396875 208.6239710786916
3.79396875 209.46618452225403
3.80396875 209.55158289676027
3.81396875 211.32432560306816
3.82396875 208.25624128436954
3.83396875 203.73384600770086
3.84396875 203.10559297722796
3.85396875 203.40738145534468
3.8639687499999997 203.50893849215996
3.87396875 204.3154483012039
3.8839687499999997 204.56609156860256
3.89396875 204.78460196626182
3.9039687499999998 204.13371869179912
3.91396875 202.3641299522331
3.92396875 202.11768857436664
3.93396875 200.31133306823742
3.94396875 195.04749854540268
3.95396875 191.61993988568116
3.96396875 188.73039820681822
3.97396875 186.47149655373448
3.98396875 188.4745330704284
3.99396875 203.04164913358
4.00396875 206.0558537220205
4.01396875 203.97224914017605
4.02396875 201.57885125295167
4.03396875 201.46959883565575
4.04396875 200.38272218196482
4.05396875 203.29270336584622
4.06396875 204.31397986312442
4.07396875 203.37367731938295
4.08396875 203.42187130945388
4.09396875 203.63856661425055
4.10396875 204.30754614180992
4.11396875 205.40057326816262
4.1239687499999995 202.7083329608309
4.13396875 196.57485257486266
4.14396875 --undefined--
4.15396875 --undefined--
4.1639687499999996 --undefined--
4.17396875 --undefined--
4.18396875 --undefined--
4.19396875 --undefined--
4.20396875 --undefined--
4.21396875 --undefined--
4.22396875 --undefined--
4.23396875 --undefined--
4.24396875 --undefined--
4.25396875 221.752148009195
4.26396875 234.71275965364538
4.27396875 233.82307733094876
4.28396875 229.015484897013
4.29396875 225.30219891705858
4.30396875 225.45801040665103
4.31396875 228.36642130169764
4.32396875 231.675586660753
4.33396875 236.1734417699491
4.34396875 249.17642619690298
4.35396875 253.21259636422408
4.36396875 256.49101341224684
4.37396875 259.77805850146746
4.38396875 262.5759636731491
4.39396875 265.3106744834038
4.40396875 267.8713552004905
4.4139687499999996 269.5454059068162
4.42396875 267.98003147700325
4.43396875 261.10824910733766
4.44396875 253.63403740120683
4.45396875 255.52176723196862
4.46396875 260.9785431530103
4.47396875 261.999169914672
4.48396875 310.4325156407906
4.49396875 235.42759886999897
4.50396875 227.72340786514533
4.51396875 215.4257192780367
4.52396875 207.44100505307946
4.53396875 202.11179259035993
4.54396875 198.0431366142539
4.55396875 194.90738512877869
4.56396875 193.32406374410058
4.57396875 192.2371018441797
4.58396875 191.08719180824832
4.59396875 190.3118648438811
4.60396875 190.06146907726105
4.61396875 190.06933286548485
4.62396875 191.15298556323302
4.63396875 192.82180516050906
4.64396875 194.00042375603493
4.65396875 192.30687028328623
4.6639687499999996 187.48500298042958
4.67396875 184.1453409083618
4.68396875 179.82356122349447
4.69396875 180.8559557864222
4.70396875 184.08727785447834
4.71396875 188.83354173341047
4.72396875 193.15639441778168
4.73396875 195.46135717992584
4.74396875 195.10630414795463
4.75396875 192.56262663764437
4.76396875 194.85258202150644
4.77396875 193.4500371203607
4.78396875 189.4313449343092
4.79396875 178.81889096404458
4.80396875 --undefined--
4.81396875 --undefined--
4.82396875 --undefined--
4.83396875 --undefined--
4.84396875 --undefined--
4.85396875 --undefined--
4.86396875 --undefined--
4.87396875 --undefined--
4.88396875 --undefined--
4.89396875 206.50891870387616
4.90396875 206.3397387355604
4.9139687499999996 207.54126357574108
4.92396875 208.9626880859365
4.93396875 213.12742189202197
4.94396875 219.98700700288148
4.95396875 229.01626052560633
4.96396875 238.59224218333804
4.97396875 246.13698187700675
4.98396875 249.85788061088417
4.99396875 251.45012717207726
5.00396875 250.31484268951988
5.01396875 246.36098624192132
5.02396875 251.73261669281553
5.03396875 --undefined--
5.04396875 --undefined--
5.05396875 394.34251876075206
5.06396875 440.1578423419593
5.07396875 447.19084960233624
5.08396875 447.98180340258995
5.09396875 --undefined--
5.10396875 202.1497027487154
5.11396875 193.74151038159653
5.12396875 183.57892425288858
5.13396875 174.71128784196904
5.14396875 --undefined--
5.15396875 --undefined--
5.1639687499999996 --undefined--
5.17396875 --undefined--
5.18396875 --undefined--
5.19396875 --undefined--
5.20396875 --undefined--
5.21396875 --undefined--
5.22396875 --undefined--
5.23396875 176.6437236345637
5.24396875 171.8909272602761
5.25396875 169.45504269562062
5.26396875 168.05477002106488
5.27396875 167.88049432600823
5.28396875 168.37867957413073
5.29396875 169.41253721748694
5.30396875 169.09867199782346
5.31396875 168.96609064459088
5.32396875 171.35721309651225
5.33396875 169.23935249318862
5.34396875 170.4529870131147
5.35396875 169.81292372941357
5.36396875 174.4231720826761
5.37396875 179.6318887286698
5.38396875 178.97940959781056
5.39396875 178.9895914923458
5.40396875 184.60630803680556
5.4139687499999996 186.00271291535475
5.42396875 186.62420448020816
5.43396875 185.504552550072
5.44396875 182.81526499412536
5.45396875 181.31722191609325
5.46396875 179.5768523280979
5.47396875 177.58661031905413
5.48396875 176.01267992604838
5.49396875 176.50878987381773
5.50396875 178.1709154664115
5.51396875 179.9477449662736
5.52396875 179.99609142761582
5.53396875 180.46851065423562
5.54396875 179.84861638082822
5.55396875 180.22898194897687
5.56396875 182.47439110504476
5.57396875 182.59697774962703
5.58396875 184.6652774681356
5.59396875 186.3375625811437
5.60396875 188.74286468555297
5.61396875 190.23003229319204
5.62396875 190.91337570031754
5.63396875 189.00407298089044
5.64396875 --undefined--
5.65396875 --undefined--
5.6639687499999996 435.6037703154028
5.67396875 438.29765784107923
5.68396875 443.40375858235956
5.69396875 485.25292280650876
5.70396875 485.7575772521007
5.71396875 498.41186252587687
5.72396875 446.8530184616158
5.73396875 272.00338264342827
5.74396875 272.6133212902511
5.75396875 278.0823311128374
5.76396875 283.23999212201574
5.77396875 283.55481535464907
5.78396875 282.3870742656228
5.79396875 282.65473675439273
5.80396875 281.9495061391154
5.81396875 277.6087830534667
5.82396875 267.93071123487954
5.83396875 254.2371198438373
5.84396875 252.44924619900036
5.85396875 263.0329273604389
5.86396875 --undefined--
5.87396875 --undefined--
5.88396875 --undefined--
5.89396875 --undefined--
5.90396875 --undefined--
5.9139687499999996 --undefined--
5.92396875 --undefined--
5.93396875 --undefined--
5.94396875 168.554895340755
5.95396875 174.12787301199583
5.96396875 171.76896901137192
5.97396875 --undefined--
5.98396875 --undefined--
5.99396875 --undefined--
6.00396875 --undefined--
6.01396875 --undefined--
6.02396875 --undefined--
6.03396875 --undefined--
6.04396875 --undefined--
6.05396875 --undefined--
6.06396875 --undefined--
6.07396875 --undefined--
6.08396875 --undefined--
6.09396875 --undefined--
6.10396875 --undefined--
6.11396875 --undefined--
6.12396875 --undefined--
6.13396875 --undefined--
6.14396875 --undefined--
6.15396875 --undefined--
6.16396875 --undefined--
6.17396875 --undefined--
6.18396875 --undefined--
6.19396875 --undefined--
6.20396875 --undefined--
6.21396875 --undefined--
6.22396875 --undefined--
6.23396875 --undefined--
6.24396875 --undefined--
6.25396875 --undefined--
6.26396875 --undefined--
6.27396875 --undefined--
6.28396875 --undefined--
6.29396875 447.63712056627514
6.30396875 --undefined--
6.31396875 --undefined--
6.32396875 --undefined--
6.33396875 --undefined--
6.34396875 --undefined--
6.35396875 --undefined--
6.36396875 --undefined--
6.37396875 --undefined--
6.38396875 --undefined--
6.39396875 --undefined--
6.40396875 --undefined--
6.41396875 --undefined--
6.42396875 --undefined--
6.43396875 --undefined--
6.44396875 --undefined--
6.45396875 --undefined--
6.46396875 --undefined--
6.47396875 --undefined--
6.48396875 --undefined--
6.49396875 --undefined--
6.50396875 --undefined--
6.51396875 --undefined--
6.52396875 --undefined--
6.53396875 --undefined--
6.54396875 --undefined--
6.55396875 --undefined--
6.56396875 --undefined--
6.57396875 --undefined--
6.58396875 --undefined--
6.59396875 --undefined--
6.60396875 --undefined--
6.61396875 --undefined--
6.62396875 --undefined--
6.63396875 --undefined--
6.64396875 --undefined--
6.65396875 --undefined--
6.66396875 --undefined--
6.67396875 --undefined--
6.68396875 --undefined--
6.69396875 --undefined--
6.70396875 --undefined--
6.71396875 --undefined--
6.72396875 --undefined--
6.73396875 --undefined--
6.74396875 --undefined--
6.75396875 --undefined--
6.76396875 --undefined--
6.77396875 --undefined--
6.78396875 --undefined--
6.79396875 --undefined--
6.80396875 --undefined--
6.81396875 --undefined--
6.82396875 --undefined--
6.83396875 --undefined--
6.84396875 --undefined--
6.85396875 --undefined--
6.86396875 --undefined--
6.87396875 --undefined--
6.88396875 --undefined--
