Time_s   F0_Hz
0.032125   --undefined--
0.047125   --undefined--
0.062125   --undefined--
0.077125   --undefined--
0.092125   --undefined--
0.107125   --undefined--
0.122125   241.981264
0.137125   256.987858
0.152125   257.474792
0.167125   253.418426
0.182125   250.929372
0.197125   249.258166
0.212125   248.853077
0.227125   247.242404
0.242125   244.758994
0.257125   243.278562
0.272125   243.209501
0.287125   242.115881
0.302125   241.533931
0.317125   241.086396
0.332125   239.932619
0.347125   238.499328
0.362125   236.709804
0.377125   234.033855
0.392125   231.585462
0.407125   230.483574
0.422125   231.305986
0.437125   232.091142
0.452125   231.736683
0.467125   227.354656
0.482125   219.691586
0.497125   --undefined--
0.512125   --undefined--
0.527125   --undefined--
0.542125   --undefined--
0.557125   --undefined--
0.572125   --undefined--
0.587125   --undefined--
0.602125   227.343774
0.617125   217.631420
0.632125   209.133660
0.647125   204.150363
0.662125   201.653935
0.677125   201.345641
0.692125   201.608351
0.707125   202.162471
0.722125   204.423040
0.737125   210.409550
0.752125   218.021141
0.767125   222.601559
0.782125   225.431928
0.797125   221.914924
0.812125   230.412924
0.827125   240.034067
0.842125   237.864261
0.857125   235.678746
0.872125   226.080431
0.887125   214.699126
0.902125   207.003017
0.917125   196.789202
0.932125   188.169785
0.947125   181.853310
0.962125   182.046227
0.977125   188.949422
0.992125   190.576768
1.007125   190.068475
1.022125   188.294450
1.037125   183.731450
1.052125   179.015726
1.067125   180.534778
1.082125   185.622561
1.097125   184.930837
1.112125   182.345036
1.127125   179.502103
1.142125   177.937929
1.157125   176.926407
1.172125   175.574867
1.187125   174.913259
1.202125   173.621551
1.217125   171.943491
1.232125   171.696790
1.247125   171.810104
1.262125   172.132076
1.277125   168.334380
1.292125   --undefined--
1.307125   --undefined--
1.322125   --undefined--
1.337125   --undefined--
1.352125   374.130880
1.367125   --undefined--
1.382125   --undefined--
1.397125   --undefined--
1.412125   219.887795
1.427125   210.702268
1.442125   205.216436
1.457125   205.317692
1.472125   205.623482
1.487125   --undefined--
1.502125   --undefined--
1.517125   --undefined--
1.532125   --undefined--
1.547125   --undefined--
1.562125   --undefined--
1.577125   --undefined--
1.592125   --undefined--
1.607125   237.553684
1.622125   227.208856
1.637125   222.443246
1.652125   217.016944
1.667125   212.400528
1.682125   208.415124
1.697125   205.593403
1.712125   193.379479
1.727125   181.153918
1.742125   185.810684
1.757125   184.876620
1.772125   205.795556
1.787125   192.447029
1.802125   184.885177
1.817125   177.530497
1.832125   171.237379
1.847125   166.640956
1.862125   165.167649
1.877125   166.138344
1.892125   205.059206
1.907125   207.708284
1.922125   220.034350
1.937125   225.506538
1.952125   --undefined--
1.967125   332.549510
1.982125   336.642653
1.997125   --undefined--
2.012125   --undefined--
2.027125   --undefined--
2.042125   --undefined--
2.057125   339.772125
2.072125   --undefined--
2.087125   206.540197
2.102125   197.523270
2.117125   190.329271
2.132125   186.632119
2.147125   184.888571
2.162125   183.981681
2.177125   183.355660
2.192125   182.026233
2.207125   180.501314
2.222125   179.023334
2.237125   178.761970
2.252125   180.295591
2.267125   181.993854
2.282125   182.779235
2.297125   182.873671
2.312125   182.741574
2.327125   182.580328
2.342125   184.132035
2.357125   187.946125
2.372125   194.457539
2.387125   205.043184
2.402125   212.376435
2.417125   224.209380
2.432125   238.510763
2.447125   245.176985
2.462125   245.084736
2.477125   241.597022
2.492125   231.383000
2.507125   211.837748
2.522125   --undefined--
2.537125   --undefined--
2.552125   --undefined--
2.567125   163.616628
2.582125   165.388831
2.597125   165.315655
2.612125   --undefined--
2.627125   --undefined--
2.642125   --undefined--
2.657125   --undefined--
2.672125   398.957950
2.687125   --undefined--
2.702125   --undefined--
2.717125   --undefined--
2.732125   372.261597
2.747125   377.045310
2.762125   --undefined--
2.777125   --undefined--
2.792125   --undefined--
2.807125   --undefined--
2.822125   --undefined--
2.837125   --undefined--
2.852125   101.024118
2.867125   107.144447
2.882125   --undefined--
2.897125   --undefined--
2.912125   246.161092
2.927125   253.795679
2.942125   266.841259
2.957125   288.085303
2.972125   310.733749
2.987125   --undefined--
3.002125   --undefined--
3.017125   --undefined--
3.032125   --undefined--
3.047125   --undefined--
3.062125   --undefined--
3.077125   --undefined--
3.092125   --undefined--
3.107125   --undefined--
3.122125   --undefined--
3.137125   --undefined--
3.152125   --undefined--
3.167125   --undefined--
3.182125   344.674905
3.197125   --undefined--
3.212125   398.670777
3.227125   --undefined--
3.242125   --undefined--
3.257125   --undefined--
3.272125   --undefined--
3.287125   --undefined--
3.302125   --undefined--
3.317125   --undefined--
3.332125   --undefined--
3.347125   --undefined--
3.362125   --undefined--
3.377125   --undefined--
3.392125   --undefined--
3.407125   --undefined--
3.422125   --undefined--
3.437125   --undefined--
3.452125   198.766017
3.467125   198.316812
3.482125   196.970031
3.497125   199.922976
3.512125   198.944166
3.527125   196.184276
3.542125   195.175962
3.557125   194.503384
3.572125   194.026727
3.587125   193.622702
3.602125   192.643221
3.617125   189.659818
3.632125   187.218169
3.647125   184.724769
3.662125   183.904438
3.677125   185.293332
3.692125   184.007821
3.707125   181.141858
3.722125   178.535551
3.737125   178.150020
3.752125   179.744262
3.767125   186.320620
3.782125   190.617918
3.797125   189.993782
3.812125   187.704366
3.827125   186.997695
3.842125   188.230039
3.857125   193.573679
3.872125   199.572610
3.887125   197.053275
3.902125   192.689469
3.917125   180.301445
3.932125   177.777505
3.947125   194.413110
3.962125   211.596377
3.977125   208.541328
3.992125   204.713526
4.007125   201.650264
4.022125   198.632832
4.037125   192.934160
4.052125   184.681096
4.067125   181.128188
4.082125   195.214368
4.097125   205.109796
4.112125   207.850367
4.127125   206.751831
4.142125   204.806974
4.157125   201.013099
4.172125   199.530450
4.187125   203.170547
4.202125   212.705800
4.217125   225.171306
4.232125   236.930554
4.247125   252.739267
4.262125   263.544348
4.277125   270.741324
4.292125   271.731725
4.307125   --undefined--
4.322125   --undefined--
4.337125   --undefined--
4.352125   --undefined--
4.367125   --undefined--
4.382125   192.267912
4.397125   192.009211
4.412125   191.928357
4.427125   190.624646
4.442125   188.799142
4.457125   187.111984
4.472125   186.587473
4.487125   186.894108
4.502125   186.352192
4.517125   --undefined--
4.532125   --undefined--
4.547125   --undefined--
4.562125   --undefined--
4.577125   --undefined--
4.592125   --undefined--
4.607125   --undefined--
4.622125   --undefined--
4.637125   --undefined--
4.652125   --undefined--
4.667125   202.561853
4.682125   196.622124
4.697125   189.851107
4.712125   187.654197
4.727125   187.666276
4.742125   188.178935
4.757125   188.470406
4.772125   190.570246
4.787125   199.537088
4.802125   211.459030
4.817125   216.837918
4.832125   --undefined--
4.847125   --undefined--
4.862125   --undefined--
4.877125   --undefined--
4.892125   --undefined--
4.907125   220.065613
4.922125   211.709463
4.937125   198.476877
4.952125   186.664058
4.967125   181.598752
4.982125   174.313819
4.997125   172.515606
5.012125   172.851486
5.027125   174.695359
5.042125   175.834694
5.057125   174.905028
5.072125   173.781754
5.087125   173.030769
5.102125   173.058957
5.117125   172.965657
5.132125   172.551472
5.147125   173.002456
5.162125   173.557373
5.177125   173.339571
5.192125   173.113167
5.207125   178.259873
5.222125   179.676908
5.237125   178.966859
5.252125   176.905377
5.267125   --undefined--
5.282125   92.413166
5.297125   92.132328
5.312125   94.161262
5.327125   --undefined--
5.342125   --undefined--
5.357125   299.154315
5.372125   294.418422
5.387125   --undefined--
5.402125   --undefined--
5.417125   --undefined--
5.432125   --undefined--
5.447125   --undefined--
5.462125   201.588143
5.477125   195.014847
5.492125   189.168006
5.507125   184.476799
5.522125   184.212072
5.537125   184.042083
5.552125   183.889300
5.567125   184.489110
5.582125   183.508854
5.597125   181.763352
5.612125   180.518762
5.627125   180.055557
5.642125   180.919385
5.657125   181.404396
5.672125   182.201427
5.687125   --undefined--
5.702125   --undefined--
5.717125   --undefined--
5.732125   --undefined--
5.747125   --undefined--
5.762125   --undefined--
5.777125   --undefined--
5.792125   --undefined--
5.807125   --undefined--
5.822125   --undefined--
5.837125   --undefined--
5.852125   367.236436
5.867125   369.109650
5.882125   368.890034
5.897125   388.296188
5.912125   --undefined--
5.927125   --undefined--
5.942125   203.140240
5.957125   202.491290
5.972125   196.538122
5.987125   192.528479
6.002125   191.845031
6.017125   191.343107
6.032125   192.774523
6.047125   193.111569
6.062125   193.660442
6.077125   194.138034
6.092125   194.313284
6.107125   191.697585
6.122125   188.861473
6.137125   187.773027
6.152125   183.996699
6.167125   195.588189
6.182125   193.059759
6.197125   192.770403
6.212125   190.939152
6.227125   187.166988
6.242125   184.556799
6.257125   181.345845
6.272125   175.692786
6.287125   185.745070
6.302125   193.509593
6.317125   194.293038
6.332125   192.522974
6.347125   191.675295
6.362125   191.482255
6.377125   191.705552
6.392125   192.046650
6.407125   192.273736
6.422125   192.224750
6.437125   192.183115
6.452125   191.745875
6.467125   191.310100
6.482125   190.546562
6.497125   --undefined--
6.512125   --undefined--
6.527125   --undefined--
6.542125   --undefined--
6.557125   192.476122
6.572125   197.029691
6.587125   196.575292
6.602125   194.743293
6.617125   198.438559
6.632125   200.280860
6.647125   201.281734
6.662125   200.643957
6.677125   194.495795
6.692125   191.557373
6.707125   197.671431
6.722125   196.909271
6.737125   197.968565
6.752125   203.425313
6.767125   204.693561
6.782125   200.997091
6.797125   --undefined--
6.812125   --undefined--
6.827125   --undefined--
6.842125   --undefined--
6.857125   --undefined--
6.872125   --undefined--
6.887125   --undefined--
6.902125   234.398570
6.917125   224.252343
6.932125   218.994130
6.947125   218.252310
6.962125   216.552763
6.977125   215.336455
6.992125   212.577161
7.007125   248.309868
7.022125   290.270130
7.037125   --undefined--
7.052125   --undefined--
7.067125   --undefined--
7.082125   --undefined--
7.097125   --undefined--
7.112125   --undefined--
7.127125   --undefined--
7.142125   --undefined--
7.157125   234.925459
7.172125   233.247063
7.187125   230.934552
7.202125   228.054407
7.217125   227.824770
7.232125   229.490339
7.247125   230.921088
7.262125   231.956224
7.277125   232.764805
7.292125   233.710380
7.307125   235.828076
7.322125   239.473167
7.337125   242.540016
7.352125   242.409556
7.367125   244.317586
7.382125   247.292760
7.397125   248.556056
7.412125   250.568929
7.427125   254.571069
7.442125   255.922608
7.457125   255.969610
7.472125   254.620233
7.487125   253.432054
7.502125   255.007232
7.517125   257.308034
7.532125   254.931072
7.547125   254.372586
7.562125   254.238708
7.577125   256.272349
7.592125   263.258004
7.607125   268.016590
7.622125   273.775595
7.637125   285.895438
7.652125   301.647869
7.667125   322.922327
7.682125   348.726416
7.697125   377.734570
7.712125   203.468493
7.727125   214.838632
7.742125   222.683162
7.757125   224.165680
7.772125   220.130619
7.787125   212.778037
7.802125   --undefined--
7.817125   --undefined--
7.832125   350.688132
7.847125   351.637330
7.862125   312.195003
7.877125   --undefined--
7.892125   --undefined--
7.907125   --undefined--
7.922125   --undefined--
7.937125   --undefined--
7.952125   --undefined--
7.967125   314.446565
7.982125   313.611740
7.997125   314.505253
8.012125   315.133208
8.027125   228.689897
8.042125   214.611419
8.057125   210.158900
8.072125   206.029796
8.087125   --undefined--
8.102125   --undefined--
8.117125   --undefined--
8.132125   --undefined--
8.147125   --undefined--
