mean: 243.0996611152175 std: 78.72416847882273
0.02353125000000011 --undefined--
0.03353125000000011 --undefined--
0.04353125000000011 --undefined--
0.05353125000000011 --undefined--
0.06353125000000011 267.2103774723725
0.07353125000000012 251.83278174628418
0.08353125000000011 252.76286979445783
0.09353125000000012 256.0157536219236
0.10353125000000012 258.69989953339996
0.11353125000000011 261.24291523095724
0.12353125000000012 263.0156846772959
0.1335312500000001 263.8051293132672
0.1435312500000001 263.754515388769
0.15353125000000012 263.6369122444863
0.16353125000000013 263.73089084871367
0.1735312500000001 264.7354930278137
0.18353125000000012 266.9811885014985
0.19353125000000013 270.0990075771808
0.2035312500000001 269.35994695607815
0.21353125000000012 252.79597072536302
0.22353125000000013 252.46709396154674
0.2335312500000001 266.0060309877677
0.24353125000000012 258.62023476088825
0.2535312500000001 --undefined--
0.2635312500000001 --undefined--
0.2735312500000001 --undefined--
0.2835312500000001 --undefined--
0.29353125000000013 --undefined--
0.30353125000000014 --undefined--
0.3135312500000001 --undefined--
0.3235312500000001 277.5992521300536
0.3335312500000001 279.3474548484177
0.3435312500000001 275.6990810655633
0.35353125000000013 271.96374488311517
0.36353125000000014 267.33179446197374
0.37353125000000015 261.8567310971959
0.3835312500000001 258.2693376808395
0.3935312500000001 246.6838645785632
0.4035312500000001 233.77281977464165
0.41353125000000013 218.66049792474072
0.42353125000000014 216.78747980094988
0.43353125000000015 217.94814939768403
0.4435312500000001 244.36698768844693
0.4535312500000001 252.6346589432125
0.4635312500000001 252.9971849767823
0.4735312500000001 253.5240570194802
0.48353125000000013 255.55590525954537
0.49353125000000014 259.63997936192317
0.5035312500000001 263.36682492731825
0.5135312500000001 265.2629965683618
0.5235312500000001 264.5343426691744
0.5335312500000001 262.3240930350872
0.5435312500000001 260.05410496113217
0.5535312500000001 260.29704213508774
0.5635312500000002 268.3165554327313
0.5735312500000002 272.624272416217
0.5835312500000002 --undefined--
0.5935312500000002 --undefined--
0.6035312500000001 --undefined--
0.6135312500000001 --undefined--
0.6235312500000001 --undefined--
0.6335312500000001 223.03082482467462
0.6435312500000001 229.82602392973348
0.6535312500000001 229.68341742231237
0.6635312500000001 224.19862812633662
0.6735312500000001 221.76239318223733
0.6835312500000001 215.72743152237334
0.6935312500000002 211.37656997057675
0.7035312500000002 207.1013676902347
0.7135312500000002 201.7249884341731
0.7235312500000002 193.09820946689354
0.7335312500000001 --undefined--
0.7435312500000001 --undefined--
0.7535312500000001 --undefined--
0.7635312500000001 241.80595001975445
0.7735312500000001 229.30445684280886
0.7835312500000001 229.3258671679898
0.7935312500000001 232.11429209623984
0.8035312500000001 232.44076439915366
0.8135312500000002 234.0951174261181
0.8235312500000002 235.6124073078214
0.8335312500000002 236.09125296757674
0.8435312500000002 236.8138891383413
0.8535312500000002 239.09473823362046
0.8635312500000001 241.09946448722192
0.8735312500000001 243.34339888736537
0.8835312500000001 247.47132733357014
0.8935312500000001 273.7564962924753
0.9035312500000001 276.07562263023107
0.9135312500000001 275.06106429222484
0.9235312500000001 272.55970464543503
0.9335312500000001 254.08288890666796
0.9435312500000002 262.5093485428515
0.9535312500000002 261.20504254923685
0.9635312500000002 256.8929890179175
0.9735312500000002 252.5019094860765
0.9835312500000001 244.61186728556942
0.9935312500000001 244.84125411383354
1.00353125 --undefined--
1.01353125 --undefined--
1.02353125 --undefined--
1.03353125 243.246981852129
1.04353125 245.27388740354183
1.05353125 244.26133675592524
1.06353125 240.9092452934835
1.07353125 238.07727616112777
1.08353125 236.469388614291
1.09353125 235.33817447719946
1.10353125 231.43474899074792
1.11353125 226.4990368908334
1.12353125 224.88684215465628
1.13353125 223.49186812218275
1.14353125 222.9461333163359
1.1535312500000001 222.2203946326748
1.1635312500000001 220.9953828188998
1.1735312500000001 220.28675164254764
1.18353125 221.45968294039875
1.19353125 220.99409640444352
1.20353125 218.292491686714
1.21353125 211.24147976669278
1.22353125 203.84174566405818
1.23353125 196.03833137543458
1.24353125 191.42230703091894
1.25353125 201.12362967483602
1.26353125 208.76252530487506
1.27353125 211.1583485364916
1.28353125 204.8069331546458
1.29353125 196.10564771208908
1.30353125 189.6744174302967
1.31353125 185.00247369756678
1.32353125 184.53283693778462
1.33353125 185.95122301520445
1.34353125 186.5739223956262
1.35353125 186.4555851346659
1.36353125 187.23535952652517
1.37353125 186.25005692887194
1.38353125 --undefined--
1.39353125 --undefined--
1.4035312500000001 --undefined--
1.4135312500000001 --undefined--
1.4235312500000001 --undefined--
1.43353125 --undefined--
1.44353125 --undefined--
1.45353125 --undefined--
1.46353125 --undefined--
1.47353125 --undefined--
1.48353125 216.43387990717946
1.49353125 201.57727285949562
1.50353125 187.653641025815
1.51353125 --undefined--
1.52353125 --undefined--
1.53353125 --undefined--
1.54353125 --undefined--
1.55353125 --undefined--
1.56353125 471.1511670001103
1.57353125 471.3904227782177
1.58353125 445.96105885271146
1.59353125 443.733248443213
1.60353125 443.9145319150815
1.61353125 448.4167760399736
1.62353125 481.52163297987863
1.63353125 --undefined--
1.64353125 --undefined--
1.6535312500000001 --undefined--
1.6635312500000001 207.1773391172956
1.6735312500000001 194.56463689938073
1.6835312500000001 185.04247532954793
1.69353125 176.1861886024803
1.70353125 172.68447395164642
1.71353125 172.6242919110479
1.72353125 172.48358757022646
1.73353125 172.51330678520634
1.74353125 172.57722376729689
1.75353125 171.7704079905601
1.76353125 169.23308407737215
1.77353125 168.88018514849782
1.78353125 --undefined--
1.79353125 --undefined--
1.80353125 --undefined--
1.81353125 482.09299393814433
1.82353125 484.03000592559016
1.83353125 489.3451029611598
1.84353125 488.33368123485286
1.85353125 468.1572697407117
1.86353125 487.83909855284975
1.87353125 485.01413748952524
1.88353125 492.1721895734609
1.89353125 --undefined--
1.9035312500000001 --undefined--
1.9135312500000001 --undefined--
1.9235312500000001 --undefined--
1.9335312500000001 --undefined--
1.94353125 --undefined--
1.95353125 --undefined--
1.96353125 --undefined--
1.97353125 --undefined--
1.98353125 --undefined--
1.99353125 --undefined--
2.00353125 --undefined--
2.01353125 --undefined--
2.02353125 --undefined--
2.0335312500000002 --undefined--
2.04353125 --undefined--
2.0535312500000003 --undefined--
2.06353125 --undefined--
2.07353125 --undefined--
2.08353125 --undefined--
2.09353125 --undefined--
2.10353125 215.32530049843416
2.11353125 214.38534239274273
2.12353125 216.00962457550065
2.13353125 214.2064612438013
2.14353125 209.32487857343727
2.15353125 205.64818051445218
2.16353125 201.0941411478212
2.17353125 196.92142800589787
2.18353125 193.26897682252522
2.19353125 189.6227816379321
2.20353125 188.0965194027747
2.21353125 188.05748109460808
2.22353125 187.5714021884237
2.23353125 187.42673971627562
2.24353125 188.20597144908
2.25353125 189.09052271128206
2.26353125 189.15306501645068
2.27353125 188.99969848237762
2.2835312500000002 187.87603826219302
2.29353125 188.59930389864226
2.3035312500000003 190.1428716932638
2.31353125 188.71270168392616
2.3235312500000003 188.98110166222034
2.33353125 191.295413420602
2.34353125 193.20727093516163
2.35353125 194.3214180896519
2.36353125 195.30880650423688
2.37353125 196.87084739739907
2.38353125 198.1045184222566
2.39353125 198.87002182178585
2.40353125 199.16834381210745
2.41353125 194.04226568720816
2.42353125 192.90686520859745
2.43353125 193.41532843333164
2.44353125 194.0913503694679
2.45353125 195.18655739540168
2.46353125 196.14590476144758
2.47353125 197.29715934994405
2.48353125 198.44337864443574
2.49353125 200.31809871875976
2.50353125 202.58602869885735
2.51353125 206.05557074561207
2.52353125 210.5341067612265
2.5335312500000002 214.45612654312342
2.54353125 218.97559914996418
2.5535312500000003 224.85968675863197
2.56353125 228.84224312744252
2.5735312500000003 231.43306179784827
2.58353125 235.12581804144662
2.59353125 237.71796508018565
2.60353125 237.00837416052295
2.61353125 233.0439032879526
2.62353125 221.2117436648618
2.63353125 --undefined--
2.64353125 --undefined--
2.65353125 --undefined--
2.66353125 --undefined--
2.67353125 --undefined--
2.68353125 --undefined--
2.69353125 75.07550755207568
2.70353125 --undefined--
2.71353125 207.91024684461337
2.72353125 202.181436882355
2.73353125 196.02533482359655
2.74353125 191.6843508506217
2.75353125 188.3179790429285
2.76353125 186.66441122415662
2.77353125 186.188119997361
2.7835312500000002 185.8406948418121
2.79353125 185.748719229958
2.8035312500000003 186.01664774813614
2.81353125 186.13358646032512
2.8235312500000003 189.98698514895162
2.83353125 195.25330484653236
2.84353125 197.38152733096587
2.85353125 196.78387123281743
2.86353125 190.29763162264425
2.87353125 --undefined--
2.88353125 --undefined--
2.89353125 --undefined--
2.90353125 --undefined--
2.91353125 --undefined--
2.92353125 --undefined--
2.93353125 --undefined--
2.94353125 214.3310989907127
2.95353125 203.05399008256575
2.96353125 184.60114188885973
2.97353125 --undefined--
2.98353125 --undefined--
2.99353125 --undefined--
3.00353125 --undefined--
3.01353125 --undefined--
3.02353125 --undefined--
3.0335312500000002 --undefined--
3.04353125 437.6064916008413
3.0535312500000003 --undefined--
3.06353125 --undefined--
3.0735312500000003 --undefined--
3.08353125 --undefined--
3.0935312500000003 --undefined--
3.10353125 --undefined--
3.11353125 --undefined--
3.12353125 260.79063510178423
3.13353125 257.0757121520178
3.14353125 251.52290862645975
3.15353125 245.90097423422984
3.16353125 240.77546575386
3.17353125 233.74271940097867
3.18353125 225.39659205886167
3.19353125 216.47880130127623
3.20353125 207.42882864373524
3.21353125 202.2771319362652
3.22353125 199.70846189223298
3.23353125 197.2997709860347
3.24353125 192.4250719054654
3.25353125 189.7295124977221
3.26353125 --undefined--
3.27353125 --undefined--
3.2835312500000002 --undefined--
3.29353125 --undefined--
3.3035312500000003 --undefined--
3.31353125 --undefined--
3.3235312500000003 --undefined--
3.33353125 --undefined--
3.3435312500000003 --undefined--
3.35353125 --undefined--
3.36353125 --undefined--
3.37353125 --undefined--
3.38353125 --undefined--
3.39353125 --undefined--
3.40353125 --undefined--
3.41353125 --undefined--
3.42353125 --undefined--
3.43353125 --undefined--
3.44353125 --undefined--
3.45353125 --undefined--
3.46353125 --undefined--
3.47353125 --undefined--
3.48353125 --undefined--
3.49353125 457.9663186619155
3.50353125 484.4083097706064
3.51353125 488.9186676840838
3.52353125 495.64655572866275
3.5335312500000002 --undefined--
3.54353125 241.55402513302056
3.5535312500000003 231.33463394392905
3.56353125 225.0425268211192
3.5735312500000003 217.06377494742773
3.58353125 214.127256734101
3.5935312500000003 211.26005402829693
3.60353125 210.70893237653289
3.61353125 209.4301732191522
3.62353125 211.34842452705865
3.63353125 216.3521953026507
3.64353125 218.61022682144704
3.65353125 222.85160317313355
3.66353125 226.72164469808658
3.67353125 229.91410295447142
3.68353125 231.54114170303603
3.69353125 230.40519342973872
3.70353125 225.8700212928387
3.71353125 248.78649689224218
3.72353125 261.3915622397846
3.73353125 266.73830220937975
3.74353125 270.21033687880356
3.75353125 273.4860702072045
3.76353125 275.7442769219208
3.77353125 275.22314914600634
3.7835312500000002 271.18228360967856
3.79353125 262.52783740999035
3.8035312500000003 250.38081237366865
3.81353125 260.9040326848033
3.8235312500000003 --undefined--
3.83353125 --undefined--
3.8435312500000003 --undefined--
3.85353125 --undefined--
3.86353125 --undefined--
3.87353125 --undefined--
3.88353125 473.10644539122393
3.89353125 471.7380161229981
3.90353125 --undefined--
3.91353125 --undefined--
3.92353125 452.12732671825097
3.93353125 499.2632181067597
3.94353125 492.361106980935
3.95353125 --undefined--
3.96353125 --undefined--
3.97353125 --undefined--
3.98353125 --undefined--
3.99353125 --undefined--
4.00353125 --undefined--
4.013531250000001 --undefined--
4.0235312500000004 --undefined--
4.03353125 --undefined--
4.043531250000001 --undefined--
4.053531250000001 --undefined--
4.0635312500000005 --undefined--
4.07353125 --undefined--
4.083531250000001 109.23885422981307
4.093531250000001 104.23343671427557
4.1035312500000005 105.22123930832109
4.11353125 107.50440636782459
4.12353125 226.6853041955193
4.133531250000001 238.5752067982692
4.1435312500000006 243.25306987854157
4.15353125 243.8067190237318
4.16353125 247.54447939569863
4.173531250000001 239.31158291643752
4.183531250000001 229.81817453551514
4.19353125 217.85623127296
4.20353125 220.43767256493376
4.213531250000001 220.38056571726995
4.223531250000001 218.82104889924105
