mean: 75.10208435489753 std: 18.495910974411775 duration: 13.052875
0.04643749999999939 35.40638085001369
0.057104166666666054 54.165494541304525
0.06777083333333273 67.0624778866866
0.07843749999999938 75.72642358867473
0.08910416666666607 81.64704369716628
0.09977083333333273 84.30714020696698
0.11043749999999938 84.0286800768437
0.12110416666666607 83.06670825514358
0.13177083333333273 82.25571700831694
0.1424374999999994 80.5715436871732
0.15310416666666607 78.73194874299828
0.16377083333333273 76.14407366641203
0.17443749999999938 74.2336625302428
0.18510416666666607 73.74023877271746
0.19577083333333273 72.98440870359373
0.2064374999999994 71.70148785764938
0.21710416666666607 70.62709698181335
0.22777083333333273 72.55128627894553
0.2384374999999994 78.93701664178317
0.24910416666666607 84.13412540783708
0.2597708333333328 86.54263927089193
0.27043749999999944 86.8053986875192
0.2811041666666661 86.17157400021682
0.29177083333333276 85.5945079873028
0.3024374999999994 84.7945445767684
0.31310416666666613 83.87464679710602
0.3237708333333328 83.27861501098191
0.33443749999999944 82.22117543485498
0.3451041666666661 81.63233352547068
0.35577083333333276 83.15427198715845
0.36643749999999947 84.61345016856411
0.37710416666666613 85.21677015928279
0.3877708333333328 84.74529287095358
0.39843749999999944 84.05490192544556
0.4091041666666661 83.85369025863514
0.4197708333333328 82.99834984575382
0.4304374999999995 81.76485995392983
0.44110416666666613 81.00872449659256
0.4517708333333328 80.88970704154846
0.46243749999999945 81.75723199090152
0.47310416666666616 83.18412513971379
0.4837708333333328 83.35072879794777
0.4944374999999995 81.56393621883706
0.5051041666666661 79.39837752033208
0.5157708333333327 78.56836048293735
0.5264374999999994 78.1935754827669
0.5371041666666662 76.89278356117416
0.5477708333333328 75.65077380029979
0.5584374999999994 77.37466413801721
0.5691041666666661 79.32939072131043
0.5797708333333328 80.50799133780174
0.5904374999999994 81.50930750772162
0.6011041666666661 81.96904005303081
0.6117708333333327 81.26108299267004
0.6224374999999994 80.0175797216987
0.6331041666666661 79.60987720385529
0.6437708333333327 80.41283395806269
0.6544374999999995 80.44034558273209
0.665104166666666 78.58502789621087
0.6757708333333328 75.22746669695559
0.6864374999999995 74.03487905545273
0.6971041666666661 76.32959388815647
0.7077708333333328 77.51930319067125
0.7184374999999994 76.76394182650911
0.7291041666666661 73.87393787037952
0.7397708333333328 70.38339690236377
0.7504374999999994 70.93289454062275
0.7611041666666661 75.50928613438063
0.7717708333333327 79.75574650620943
0.7824374999999995 81.61641930705032
0.7931041666666662 81.69187100085325
0.8037708333333328 81.60845306182254
0.8144374999999995 81.4225620052703
0.8251041666666661 80.13142389503442
0.8357708333333328 78.30287248505061
0.8464374999999995 76.80438400768976
0.8571041666666661 75.40239379534262
0.8677708333333328 75.34008878044408
0.8784374999999994 74.80033996033032
0.8891041666666661 74.28366232755054
0.8997708333333329 75.12621594212872
0.9104374999999995 75.11880387258104
0.9211041666666662 73.92331263988567
0.9317708333333328 72.04798831047755
0.9424374999999995 71.00969450031185
0.9531041666666661 71.56574016670933
0.9637708333333328 71.80807787891025
0.9744374999999995 71.23524429385925
0.9851041666666661 71.49142300194178
0.9957708333333328 71.87149555797312
1.0064374999999994 71.98446423259864
1.0171041666666663 73.11513292185086
1.0277708333333329 74.54840168490489
1.0384374999999995 75.42915989352399
1.0491041666666663 76.48414249775325
1.0597708333333329 77.48974706732368
1.0704374999999995 77.49837181726417
1.0811041666666663 76.72757562893362
1.091770833333333 76.59662708874546
1.1024374999999995 76.36042125775583
1.1131041666666663 75.29860544164544
1.123770833333333 74.51958137749055
1.1344374999999995 75.27667128911357
1.1451041666666664 76.91679789643443
1.155770833333333 77.83979738513113
1.1664374999999996 77.51118136562884
1.1771041666666662 76.1483917725108
1.187770833333333 75.29495598228117
1.1984374999999996 76.16635451308841
1.2091041666666662 76.87921072808491
1.219770833333333 76.70242274498008
1.2304374999999996 75.7914175633963
1.2411041666666662 74.5677000476098
1.251770833333333 73.51761420657847
1.2624374999999997 72.60042694882395
1.2731041666666663 71.44635291118666
1.2837708333333329 70.08376412270182
1.2944374999999997 68.62301873198996
1.3051041666666663 67.1443482036807
1.315770833333333 66.25535890632327
1.3264374999999997 66.81546889964032
1.3371041666666663 68.28984594845372
1.347770833333333 70.64965503527388
1.3584374999999997 73.34973913633398
1.3691041666666663 75.79319354257309
1.379770833333333 78.24608406406784
1.3904374999999995 80.56501782432238
1.4011041666666664 81.91316684329857
1.411770833333333 81.97169807649429
1.4224374999999996 81.388401351385
1.4331041666666664 80.90183200692371
1.443770833333333 80.4081376426658
1.4544374999999996 80.31770506372452
1.4651041666666662 81.17558102121669
1.475770833333333 82.0368121543583
1.4864374999999996 81.33840829003178
1.4971041666666662 79.45400320143911
1.507770833333333 77.47902934909636
1.5184374999999997 76.7328364033881
1.5291041666666663 75.36986784160766
1.539770833333333 73.06225846625593
1.5504374999999997 72.1807178910106
1.5611041666666663 70.66195881509648
1.571770833333333 67.62632269108747
1.5824374999999997 65.7600950555725
1.5931041666666663 67.70725828142992
1.603770833333333 72.01823148583718
1.6144374999999997 75.16852540637892
1.6251041666666663 76.55453527667288
1.635770833333333 76.97383811499128
1.6464374999999998 76.54904839070625
1.6571041666666664 74.77922389496354
1.667770833333333 72.7510933208704
1.6784374999999996 71.41979572863364
1.6891041666666664 70.11707218592781
1.699770833333333 68.29830478511863
1.7104374999999996 66.7053341896329
1.7211041666666664 66.18699373212974
1.731770833333333 67.44254299986488
1.7424374999999996 70.65513690565052
1.7531041666666665 72.55203171011641
1.763770833333333 72.22938806374982
1.7744374999999997 71.00212026206012
1.7851041666666663 70.85324663397381
1.795770833333333 70.50704107168946
1.8064374999999997 68.91590395949774
1.8171041666666663 67.39495431780992
1.8277708333333331 65.58491175753107
1.8384374999999997 62.95566943900838
1.8491041666666663 63.011132296932
1.859770833333333 68.14999858178224
1.8704374999999998 74.25235255636393
1.8811041666666664 78.61002768058752
1.891770833333333 81.2875600504318
1.9024374999999998 82.4558916871209
1.9131041666666664 82.5468889935575
1.923770833333333 82.57408689607692
1.9344374999999998 82.61804390930729
1.9451041666666664 81.81077624484013
1.955770833333333 80.44680450059367
1.9664374999999996 78.43611417793188
1.9771041666666664 77.79724098310564
1.987770833333333 78.22129048289797
1.9984374999999996 77.87081681221105
2.0091041666666665 77.10548325792917
2.019770833333333 76.57894673509601
2.0304374999999997 76.57904742597705
2.0411041666666665 76.16159238818909
2.051770833333333 76.18478645387154
2.0624374999999997 77.26880141228304
2.073104166666666 77.7611636852574
2.083770833333333 77.16316954311856
2.0944374999999993 76.35656447464524
2.105104166666666 75.20332172030376
2.115770833333333 73.29809639933589
2.1264374999999993 72.55915698832463
2.137104166666666 73.01932743908115
2.147770833333333 73.31290174223922
2.1584374999999993 72.29446890480047
2.169104166666666 70.28690862239091
2.179770833333333 69.78450218203909
2.1904374999999994 69.71562178741475
2.201104166666666 70.93012286015345
2.211770833333333 72.57718713769337
2.2224374999999994 73.80193099739697
2.2331041666666662 73.72611210628864
2.243770833333333 72.05285154685126
2.2544374999999994 69.92432903764006
2.2651041666666663 67.60585572677529
2.275770833333333 66.29483124137101
2.2864374999999995 66.67386374101648
2.2971041666666663 66.22962234124194
2.3077708333333327 64.97862713355336
2.3184374999999995 64.51630648926893
2.3291041666666663 64.24288789285298
2.3397708333333327 62.91085144161141
2.3504374999999995 63.211686568103445
2.3611041666666663 67.06072144156275
2.3717708333333327 70.34392023179943
2.3824374999999995 72.32756249463674
2.3931041666666664 73.64577983086937
2.4037708333333327 74.17437902266431
2.4144374999999996 74.88914550607319
2.4251041666666664 77.01305467217443
2.4357708333333328 78.5014373439971
2.4464374999999996 78.44570850504797
2.4571041666666664 78.14500551222847
2.467770833333333 78.04653208195693
2.4784374999999996 77.31132802209748
2.489104166666666 76.12373383599328
2.499770833333333 75.269862670017
2.5104374999999997 75.12271337363117
2.521104166666666 74.56037642710596
2.531770833333333 73.29117619504107
2.5424374999999997 71.83358345957087
2.553104166666666 70.20551897299575
2.563770833333333 68.65008956934037
2.5744374999999997 68.96159988906093
2.585104166666666 69.37303442937697
2.595770833333333 68.01857678291267
2.6064374999999997 65.53053235931158
2.617104166666666 65.4817657971289
2.627770833333333 67.58464516289126
2.6384374999999998 68.6351917916152
2.649104166666666 67.32631830077868
2.659770833333333 64.2906213546618
2.6704375 62.304087957324455
2.681104166666666 60.8895487420874
2.691770833333333 59.55380304894037
2.7024374999999994 60.45864366190189
2.713104166666666 67.04374357295495
2.723770833333333 73.07959112752597
2.7344374999999994 76.19927743972963
2.7451041666666662 77.44818275368446
2.755770833333333 77.71134456393185
2.7664374999999994 76.63026982490629
2.7771041666666663 73.73925735701792
2.787770833333333 71.59961135933483
2.7984374999999995 70.67285457672443
2.8091041666666663 68.99980277686831
2.819770833333333 67.96508214783371
2.8304374999999995 68.58761922096582
2.8411041666666663 68.5872353793727
2.851770833333333 66.50888340795271
2.8624374999999995 65.1116532581616
2.8731041666666663 65.72795595900398
2.8837708333333327 66.08503136136963
2.8944374999999996 68.85954104871236
2.9051041666666664 71.9545944411779
2.9157708333333328 72.52977991783432
2.9264374999999996 70.99857597040977
2.9371041666666664 69.69666136974661
2.947770833333333 69.22635616902048
2.9584374999999996 69.24319080793681
2.9691041666666664 70.0851768645333
2.979770833333333 71.1397595181087
2.9904374999999996 71.64310369430493
3.0011041666666665 71.30403143365757
3.011770833333333 70.14710165346854
3.0224374999999997 69.74297662350102
3.0331041666666665 71.28295701432359
3.043770833333333 71.25364444493971
3.0544374999999997 70.03420802613435
3.0651041666666665 69.06810310169008
3.075770833333333 67.22540293456572
3.0864374999999997 67.36588666444942
3.097104166666666 69.25932437373251
3.107770833333333 70.64941137901731
3.1184374999999998 72.66923107017446
3.129104166666666 74.36443987159608
3.139770833333333 75.24559296013439
3.1504375 75.8239018259476
3.161104166666666 76.72378267949695
3.171770833333333 77.95868383625121
3.1824375 78.45577552786197
3.193104166666666 77.88521333452178
3.203770833333333 77.42095396912435
3.2144375 77.3271497767947
3.225104166666666 77.77647960531968
3.235770833333333 77.55282328911314
3.2464375 76.65657044910722
3.2571041666666662 75.96845090155665
3.267770833333333 74.73387021635646
3.2784374999999994 72.28027514173577
3.2891041666666663 71.37223539192343
3.299770833333333 71.54346966161722
3.3104374999999995 69.92390236534354
3.3211041666666663 67.72353252080974
3.331770833333333 67.5879775145422
3.3424374999999995 70.11770495360794
3.3531041666666663 72.53938323552708
3.363770833333333 72.54956680146394
3.3744374999999995 71.24826402773198
3.3851041666666664 69.9075843212083
3.395770833333333 67.907621970377
3.4064374999999996 65.83028570451815
3.4171041666666664 64.417115512859
3.427770833333333 63.52331493502434
3.4384374999999996 63.83796998009377
3.4491041666666664 68.32787013996195
3.4597708333333332 74.18779570079246
3.4704374999999996 77.90673823216606
3.4811041666666664 79.87347298485032
3.491770833333333 80.6786098941067
3.5024374999999996 80.54190205568183
3.5131041666666665 80.8609651330844
3.523770833333333 81.28229913782394
3.5344374999999997 80.24980222318162
3.5451041666666665 78.43216918251495
3.555770833333333 76.6145426920182
3.5664374999999997 75.15725902658014
3.5771041666666665 74.15740211506065
3.587770833333333 73.08131626002208
3.5984374999999997 71.66880007613673
3.6091041666666666 70.00748264736362
3.619770833333333 68.71811431023178
3.6304374999999998 67.13442885002183
3.6411041666666666 65.082555546861
3.651770833333333 64.12919559383324
3.6624375 63.43767489292559
3.673104166666666 62.20635970998713
3.683770833333333 63.691721085963984
3.6944375 67.91879138151357
3.705104166666666 70.24170890238875
3.715770833333333 69.52062491788665
3.7264375 66.44931977587278
3.7371041666666662 64.97271788960495
3.747770833333333 67.30997599957492
3.7584375 68.61502597446092
3.7691041666666663 67.45028007205839
3.779770833333333 64.10903675467372
3.7904375 61.007942185943364
3.8011041666666663 59.7657504273507
3.811770833333333 58.51930539615819
3.8224375 57.85018083377457
3.8331041666666663 57.52071001208166
3.843770833333333 56.53199925177951
3.8544374999999995 54.93533855217677
3.8651041666666663 53.658565323520484
3.875770833333333 54.0155394169054
3.8864374999999995 57.22866449270755
3.8971041666666664 64.07676612132258
3.907770833333333 69.42274049709611
3.9184374999999996 71.47226864281457
3.9291041666666664 71.08107286539938
3.939770833333333 70.52637227970501
3.9504374999999996 70.41579742371002
3.9611041666666664 70.09646120497058
3.9717708333333333 69.11660713767132
3.9824374999999996 67.47708756481933
3.9931041666666665 65.20887474454594
4.003770833333333 62.195508055191425
4.0144375 59.594185994862414
4.025104166666667 57.49033910182302
4.035770833333333 55.390151843964745
4.046437500000001 53.71970577864686
4.057104166666667 52.09181928768
4.067770833333333 50.53281293643241
4.078437500000001 50.148010445360725
4.089104166666667 50.19090350680508
4.099770833333333 50.25126654972859
4.110437500000001 49.79501258910532
4.121104166666667 48.54101944435621
4.131770833333333 47.54988468817637
4.1424375 47.12516239766542
4.153104166666667 47.355880972761014
4.163770833333333 47.899668652111515
4.1744375 48.866974764680684
4.185104166666667 48.709763434026875
4.1957708333333334 46.8980685771027
4.2064375 44.86883959523503
4.217104166666667 43.86001370038145
4.2277708333333335 44.31387322043682
4.2384375 46.31643460771193
4.249104166666667 49.29170451352573
4.2597708333333335 50.939604579389425
4.2704375 51.68687448287347
4.281104166666667 52.27086635774328
4.2917708333333335 54.75246491012753
4.3024375 62.91039738428501
4.313104166666667 69.93130462336426
4.323770833333334 75.21586921475374
4.3344375 79.54194969847474
4.345104166666667 82.80760311771908
4.355770833333334 84.77934462012881
4.3664375 85.46618732370885
4.377104166666667 85.24269346571656
4.387770833333334 84.57349265590909
4.3984375 83.98044244669097
4.409104166666667 83.57416684325507
4.419770833333334 83.11892235480705
4.4304375 82.13503460577155
4.441104166666667 80.21081711025188
4.451770833333334 78.47356552439724
4.4624375 77.40887180991706
4.473104166666667 76.10185983742815
4.483770833333334 74.45281445011959
4.4944375 73.00396846959266
4.505104166666667 72.40405919963293
4.515770833333334 71.84017885066724
4.5264375 71.66583027477826
4.5371041666666665 72.23343978446155
4.547770833333334 72.76526536564758
4.5584375 73.54139944380843
4.5691041666666665 74.32359651403878
4.579770833333334 73.69202248528192
4.5904375 72.00128093175174
4.6011041666666666 71.81086854845016
4.611770833333334 74.02618938879507
4.6224375 75.8353335756374
4.633104166666667 76.9070679623074
4.643770833333334 78.37630973660767
4.6544375 80.0405165896211
4.665104166666667 81.3845548686476
4.675770833333334 81.8105485569997
4.6864375 81.96231017535537
4.697104166666667 82.35316452293445
4.707770833333334 82.52613902584724
4.7184375 82.97134632177516
4.729104166666667 83.13310605085123
4.739770833333334 83.00966124559028
4.7504375 83.36875252870209
4.761104166666667 83.67137219690866
4.771770833333334 83.72218593980858
4.7824375 83.40072951658469
4.793104166666667 82.77627878996597
4.803770833333334 83.53056669316601
4.8144375 85.06671706439711
4.825104166666667 85.18119330535994
4.835770833333334 84.10718123591231
4.8464375 83.70247465868061
4.857104166666667 84.22061503197932
4.867770833333334 84.50901162289342
4.8784375 84.50075646424742
4.889104166666667 84.96490595710027
4.899770833333334 85.12658961934824
4.9104375000000005 84.04584011713456
4.921104166666667 81.66622885863106
4.931770833333333 78.8507317016604
4.9424375000000005 76.74849261021765
4.953104166666667 75.56847793607193
4.963770833333333 74.95922998584791
4.9744375000000005 74.2784099018345
4.985104166666667 73.71794323755553
4.995770833333333 72.82947269180141
5.0064375000000005 71.95613401302468
5.017104166666667 70.6543330659163
5.027770833333333 68.69773614410533
5.038437500000001 67.33114155045261
5.049104166666667 66.0988824884954
5.059770833333333 64.48877861796709
5.070437500000001 63.69014797987556
5.081104166666667 66.32541792023339
5.091770833333333 71.1463269528431
5.102437500000001 75.44514814827596
5.113104166666667 78.25177036566978
5.123770833333333 79.51495564029196
5.134437500000001 79.62633923962694
5.145104166666667 79.62773029822137
5.155770833333333 79.66367622615365
5.166437500000001 79.26211261763402
5.177104166666667 78.38378701424068
5.187770833333333 77.24105942881825
5.198437500000001 76.59022248867727
5.209104166666667 76.28456403250064
5.2197708333333335 75.9531407967049
5.230437500000001 74.99710595481704
5.241104166666667 73.18487598401629
5.2517708333333335 71.39629322448012
5.262437500000001 69.96010655410336
5.273104166666667 68.21221902318628
5.2837708333333335 66.71370061208351
5.294437500000001 67.76212995133224
5.305104166666667 70.02277816104052
5.315770833333334 71.87186917650406
5.3264375 72.8032218225214
5.337104166666667 72.9495489182049
5.347770833333334 72.42574698947513
5.3584375 70.8232073061277
5.369104166666667 68.01340731407916
5.379770833333334 66.56939320820827
5.3904375 68.50020682007985
5.401104166666667 70.04335256995695
5.411770833333334 70.17483112370394
5.4224375 69.23887016601958
5.433104166666667 67.69660438698088
5.443770833333334 65.78257181047002
5.4544375 63.98348722448433
5.465104166666667 66.71898682195369
5.475770833333334 72.33804956094373
5.4864375 75.6501512490659
5.497104166666667 76.83620324233955
5.507770833333334 77.44313887345223
5.5184375 78.16873986978919
5.529104166666667 78.61687250120161
5.539770833333334 78.77681109838626
5.5504375 78.53793384857819
5.561104166666667 77.49276275077194
5.571770833333334 76.09661257016862
5.5824375 75.49749644000401
5.593104166666667 75.35897354902164
5.603770833333334 74.41446116115182
5.6144375 72.38542696593099
5.6251041666666675 71.55401910876688
5.635770833333334 72.21819538681405
5.6464375 71.16514992343875
5.6571041666666675 68.24452084863668
5.667770833333334 64.58433812291959
5.6784375 61.907402684369266
5.6891041666666675 61.0013225499847
5.699770833333334 60.787987108737305
5.7104375 61.27853211221875
5.721104166666667 62.680168934085614
5.731770833333334 64.16625871625011
5.7424375 65.24670583493635
5.753104166666667 65.78193485639866
5.763770833333334 65.16912449727825
5.7744375 63.74379476116437
5.785104166666667 62.35007742330218
5.795770833333334 61.87777345901213
5.8064375 62.04067053603572
5.817104166666667 61.38680385633344
5.827770833333334 59.958851436558916
5.8384375 58.47559899612114
5.849104166666667 57.96130542444283
5.859770833333334 61.420443838198864
5.8704375 65.39961946711081
5.881104166666667 67.57669790818733
5.891770833333334 69.17486024528918
5.9024375000000004 69.92237849467307
5.913104166666667 68.9106074201268
5.923770833333334 67.63054177591955
5.9344375000000005 67.27341193254335
5.945104166666667 66.88934212141672
5.955770833333334 65.1948578897023
5.9664375000000005 61.97690234737604
5.977104166666667 59.0754736734775
5.987770833333334 57.510153546283746
5.9984375000000005 57.65142079828056
6.009104166666667 59.44166721410173
6.019770833333334 62.51923432693697
6.030437500000001 66.69352431849842
6.041104166666667 69.86803536462308
6.051770833333334 71.43386351598222
6.062437500000001 71.23988956216581
6.073104166666667 70.03888185059871
6.083770833333334 69.08948742843752
6.094437500000001 68.64072700161145
6.105104166666667 68.12417677271475
6.115770833333333 67.85327878324
6.126437500000001 67.7361966917831
6.137104166666667 66.77392228212524
6.147770833333333 64.79190906930593
6.158437500000001 63.376220973738235
6.169104166666667 62.70630398688503
6.179770833333333 61.842081467119485
6.190437500000001 60.73791727570202
6.201104166666667 60.881878184965785
6.2117708333333335 64.46381409720705
6.222437500000001 68.08093383904689
6.233104166666667 70.1435326703587
6.2437708333333335 71.60928354261488
6.254437500000001 72.65705979633157
6.265104166666667 72.30606519485268
6.2757708333333335 69.73343405336945
6.286437500000001 65.45755342690617
6.297104166666667 62.41531655855845
6.3077708333333335 61.23042318096381
6.318437500000001 59.599949185463366
6.329104166666667 57.86052561854586
6.339770833333334 59.51842166270314
6.350437500000001 63.98188131177853
6.361104166666667 66.03147083662502
6.371770833333334 64.96673085646803
6.382437500000001 62.44296865520702
6.393104166666667 60.333543074309155
6.403770833333334 58.194993889374906
6.414437500000001 56.360769221673685
6.425104166666667 54.991126230905905
6.435770833333334 58.56415164798294
6.446437500000001 66.65635319388221
6.457104166666667 72.15114150262623
6.467770833333334 74.71608946318585
6.478437500000001 75.13187517929785
6.489104166666667 75.49557521646199
6.499770833333334 76.27281402855407
6.5104375 76.79559407508505
6.521104166666667 78.0510045372254
6.531770833333334 79.09663018647305
6.5424375 78.71600885688385
6.553104166666667 76.8199798551145
6.563770833333334 77.03335284134161
6.5744375 77.96252961156348
6.585104166666667 76.75201126894765
6.595770833333334 76.12465204232532
6.6064375 76.88279270230302
6.6171041666666675 76.43229395547623
6.627770833333334 74.87745595472451
6.6384375 73.79490170306893
6.6491041666666675 74.26948877911481
6.659770833333334 73.84677056695057
6.6704375 70.9544037415195
6.6811041666666675 67.46495083476945
6.691770833333334 66.89544219209469
6.7024375 66.92218315744219
6.7131041666666675 65.54284751469505
6.723770833333334 63.92892690555744
6.7344375 63.405425741341695
6.745104166666668 62.26141762523402
6.755770833333334 59.84984958608334
6.7664375 59.04385368236027
6.777104166666668 63.52173503264383
6.787770833333334 68.72156872190872
6.7984375 72.87957754106047
6.809104166666668 75.4244507689761
6.819770833333334 76.40657183577983
6.8304375 77.00313292597994
6.841104166666668 78.64397606712014
6.851770833333334 80.3687203603757
6.8624375 81.70674016178198
6.873104166666668 82.74478936398134
6.883770833333334 82.49238805910264
6.8944375 80.57770653040754
6.905104166666667 78.80786145128903
6.915770833333334 78.27960737055915
6.9264375000000005 76.86030405782549
6.937104166666667 74.89262315732539
6.947770833333334 74.33397284614801
6.9584375000000005 73.82440387087455
6.969104166666667 72.26076553227726
6.979770833333334 69.65034103329795
6.9904375000000005 67.54149374430112
7.001104166666667 66.96337169497247
7.011770833333334 67.31080569778311
7.0224375000000006 68.2417435640016
7.033104166666667 70.81834406774892
7.043770833333334 73.59987854419376
7.054437500000001 74.71794678839865
7.065104166666667 75.41229435150294
7.075770833333334 75.891345032504
7.086437500000001 75.18069625567168
7.097104166666667 74.40932029921777
7.107770833333334 73.64939255962265
7.118437500000001 72.39946454774524
7.129104166666667 71.50852219557804
7.139770833333334 70.93742969087677
7.150437500000001 70.48256955385733
7.161104166666667 70.88630778674938
7.171770833333334 70.90767466380127
7.182437500000001 68.75453053927839
7.193104166666667 64.83376198029822
7.203770833333334 61.17456437429408
7.214437500000001 59.49024628620836
7.225104166666667 58.67498319548831
7.235770833333334 58.000739596991544
7.246437500000001 57.859945989790575
7.257104166666667 62.02633407643344
7.2677708333333335 67.46885709177054
7.278437500000001 70.95050608310422
7.289104166666667 73.37134260335867
7.2997708333333335 75.17615428136402
7.310437500000001 75.73770166018608
7.321104166666667 75.4852357851582
7.331770833333334 75.62415793162684
7.342437500000001 76.13343492866926
7.353104166666667 75.23621911486583
7.363770833333334 72.99383425772044
7.374437500000001 71.45775670828289
7.385104166666667 70.29191547288119
7.395770833333334 67.80659504720194
7.406437500000001 65.3959307558464
7.417104166666667 66.36668848417142
7.427770833333334 69.26046825904363
7.438437500000001 70.63220359147532
7.449104166666667 69.69235670312133
7.459770833333334 66.85693425347053
7.470437500000001 63.06191182312049
7.481104166666667 60.245332470658596
7.491770833333334 58.64145713453922
7.502437500000001 57.282546014670146
7.513104166666667 55.41800225672806
7.523770833333334 53.802012417221135
7.534437500000001 53.094549603274494
7.545104166666667 53.11720556744814
7.555770833333334 53.157900079772354
7.566437500000001 53.04753179368507
7.577104166666667 53.14098794142276
7.587770833333334 53.91623508513999
7.598437500000001 56.367234331738246
7.6091041666666674 58.63397987849315
7.619770833333334 59.6406329942426
7.630437500000001 60.29294515360834
7.6411041666666675 64.26372491674894
7.651770833333334 69.55978958297699
7.6624375 72.35255727785099
7.6731041666666675 71.85886595626138
7.683770833333334 68.89268219043817
7.6944375 67.5935605053573
7.7051041666666675 70.63998855039736
7.715770833333334 73.23101742467507
7.7264375 73.26285727864551
7.737104166666668 70.7316316997877
7.747770833333334 66.73055492663418
7.7584375 67.03088293073341
7.769104166666668 72.29483100994575
7.779770833333334 76.06176513505014
7.7904375 77.49120353418101
7.801104166666668 77.20206127345436
7.811770833333334 76.1597066774465
7.8224375 74.8715736703369
7.833104166666668 73.82177347854369
7.843770833333334 72.85673451135138
7.8544375 71.48572497507934
7.865104166666668 69.56327939522177
7.875770833333334 67.37370253283419
7.8864375 65.58972273750071
7.897104166666668 64.50933198279739
7.907770833333334 63.74891456820991
7.9184375000000005 62.941799126516756
7.929104166666668 61.48299219951559
7.939770833333334 59.68106673233709
7.9504375000000005 61.059477962337596
7.961104166666668 64.97502935384092
7.971770833333334 67.34874296161075
7.9824375000000005 67.97534345413528
7.993104166666668 67.66384621369441
8.003770833333334 66.77378060109343
8.0144375 65.03543464370917
8.025104166666667 62.02230534855399
8.035770833333334 58.74402921174731
8.046437500000001 56.43935199923631
8.057104166666667 54.66173376099027
8.067770833333334 53.55323703730114
8.078437500000001 53.15911459966784
8.089104166666667 52.861585332032575
8.099770833333334 51.9155111280683
8.110437500000002 52.23530507646576
8.121104166666667 52.71414467821253
8.131770833333334 52.16393044469868
8.142437500000002 50.776180952029016
8.153104166666667 50.93388268921829
8.163770833333334 53.02081100366682
8.174437500000002 53.16127779603665
8.185104166666667 51.971667686479435
8.195770833333334 51.982255697404234
8.206437500000002 51.74301370339681
8.217104166666667 51.086779551376786
8.227770833333334 49.86613272131368
8.2384375 47.828113421065126
8.249104166666667 45.24087976516654
8.259770833333334 44.18970459129818
8.2704375 45.51726408461146
8.281104166666667 46.27294947538388
8.291770833333334 46.93588723537825
8.3024375 46.92080639768497
8.313104166666667 45.701064599252234
8.323770833333334 49.746540061014066
8.3344375 60.093711160801995
8.345104166666667 66.39221699173746
8.355770833333334 68.32117550831627
8.3664375 67.07708650256743
8.377104166666667 65.90720276326121
8.387770833333335 65.36433589546539
8.3984375 63.37505524285176
8.409104166666667 62.02889369879887
8.419770833333335 62.052631110082075
8.4304375 61.51834114476511
8.441104166666667 59.10258220928689
8.451770833333335 56.42294807076393
8.4624375 55.60382544745397
8.473104166666667 55.04599278341672
8.483770833333335 57.21627705967212
8.4944375 63.86548170334436
8.505104166666667 70.35448415176342
8.515770833333335 74.9466156751299
8.5264375 78.15320190406264
8.537104166666667 80.23352840626455
8.547770833333335 80.94640360179338
8.5584375 81.65935199347817
8.569104166666667 82.69588608744387
8.579770833333335 82.99129377055277
8.5904375 82.3616833738049
8.601104166666667 80.92996766910046
8.611770833333335 80.21317891689512
8.6224375 79.51699197243798
8.633104166666667 78.26481151434649
8.643770833333335 75.83962352130145
8.6544375 72.9575026808842
8.665104166666667 72.42936848335042
8.675770833333335 73.81939206251874
8.6864375 74.74718017779563
8.697104166666668 73.95527288366608
8.707770833333335 71.5038614714378
8.7184375 68.88490266612759
8.729104166666668 67.45131926075587
8.739770833333335 67.57129201167635
8.7504375 70.30156292536135
8.761104166666668 73.73293109995278
8.771770833333335 76.26113525728405
8.7824375 77.65767690604957
8.793104166666668 77.31757945702759
8.803770833333335 75.16134639326123
8.8144375 73.5504329267282
8.825104166666668 72.65371737792822
8.835770833333335 71.31044123302749
8.8464375 71.12796098186145
8.857104166666668 71.4828326117274
8.867770833333335 72.58129178947011
8.8784375 74.97999561855997
8.889104166666668 76.91565672543562
8.899770833333335 77.73124738190761
8.9104375 78.15640358654777
8.921104166666668 78.74437039787091
8.931770833333335 78.81928593647233
8.9424375 78.32792766366303
8.953104166666668 77.58152179816315
8.963770833333335 76.58423742255255
8.9744375 76.00698883339305
8.985104166666668 76.28329964272089
8.995770833333335 76.59765102592375
9.0064375 76.4070581476464
9.017104166666668 75.10084527161749
9.027770833333333 72.83721161091036
9.0384375 70.62183922563764
9.049104166666668 70.70108997476407
9.059770833333333 73.2048964263539
9.0704375 74.96673942748694
9.081104166666668 75.40559038983754
9.091770833333333 74.63272609215952
9.1024375 72.9987951071059
9.113104166666668 71.47411219039486
9.123770833333333 69.28853583931637
9.1344375 66.91547428790645
9.145104166666668 68.16690618873382
9.155770833333333 70.88556453738711
9.1664375 73.56143092145649
9.177104166666668 74.16506706921568
9.187770833333333 73.03098062326893
9.1984375 72.90211271720024
9.209104166666668 73.59762905414877
9.219770833333333 74.57144903937103
9.2304375 74.73765153681794
9.241104166666668 73.43425083551477
9.251770833333333 72.86970299168223
9.2624375 74.51567653158475
9.273104166666668 75.55127341614858
9.283770833333334 74.6939315365558
9.2944375 72.79353978074938
9.305104166666668 71.89143390224716
9.315770833333334 71.56384207506764
9.3264375 70.77984831549868
9.337104166666668 70.01318672469844
9.347770833333334 69.35063392651425
9.3584375 67.70265553473044
9.369104166666668 64.57722202702675
9.379770833333334 61.28732523101645
9.3904375 61.297590279245064
9.401104166666668 68.54459310569041
9.411770833333334 75.78260088403613
9.422437500000001 79.58433401019643
9.433104166666668 80.07437191730472
9.443770833333334 77.88536694998615
9.454437500000001 74.44984512668906
9.465104166666668 71.47184610252752
9.475770833333334 69.77310081489318
9.486437500000001 68.22782039474208
9.497104166666668 68.47426293303886
9.507770833333334 73.04884016836746
9.518437500000001 76.09933114848988
9.529104166666668 76.51336561218085
9.539770833333334 74.4249226375202
9.550437500000001 71.01840588755375
9.561104166666668 69.94154414711649
9.571770833333334 70.39940758411454
9.582437500000001 69.30253066304888
9.593104166666668 66.92721327681295
9.603770833333334 65.1554161023814
9.614437500000001 63.06711695364517
9.625104166666668 60.3955687448631
9.635770833333334 58.66077568366389
9.646437500000001 58.3863058984556
9.657104166666668 59.48483731565848
9.667770833333334 63.219505998293705
9.678437500000001 68.40227332922028
9.689104166666668 71.59628113395821
9.699770833333334 72.17487397380306
9.710437500000001 71.8690644461306
9.721104166666668 72.51373630329279
9.731770833333334 71.87304496110548
9.742437500000001 69.12678667073357
9.753104166666668 66.76164471145232
9.763770833333334 65.74801472465712
9.774437500000001 64.76596899084211
9.785104166666668 63.935387319207976
9.795770833333334 62.86850038903607
9.806437500000001 62.34426100083632
9.817104166666667 64.69048799794278
9.827770833333334 68.46367817010315
9.838437500000001 70.64806024823197
9.849104166666667 71.83685546949211
9.859770833333334 72.90906291686065
9.870437500000001 73.44418539669361
9.881104166666667 73.23489900251215
9.891770833333334 72.99449927903204
9.902437500000001 72.72909957463814
9.913104166666667 71.13357888928103
9.923770833333334 68.18925234557841
9.934437500000001 65.85849506257168
9.945104166666667 64.39314329019105
9.955770833333334 62.86041757698449
9.966437500000001 63.40722516083507
9.977104166666667 70.12358054311134
9.987770833333334 75.85508148442928
9.998437500000001 77.99787640581661
10.009104166666667 76.90679152110975
10.019770833333334 74.63571255858335
10.030437500000001 73.03769886396536
10.041104166666667 70.78780467851988
10.051770833333334 67.3136736123202
10.062437500000001 63.72761964622608
10.073104166666667 61.491609072777266
10.083770833333334 60.38728302413706
10.094437500000002 59.3431903445756
10.105104166666667 57.56141086302878
10.115770833333334 55.92496717514314
10.126437500000002 55.15917315273711
10.137104166666667 55.28188905528255
10.147770833333334 56.846891859868634
10.158437500000002 57.89233680363786
10.169104166666667 57.707186112004756
10.179770833333334 58.42776767636086
10.190437500000002 60.79600892747999
10.201104166666667 63.95140201552639
10.211770833333334 66.93220128503006
10.222437500000002 68.86092721610365
10.233104166666667 70.36892988928564
10.243770833333334 71.42564403998126
10.254437500000002 70.95744353816207
10.265104166666667 68.37922925049887
10.275770833333334 66.45537609703044
10.286437500000002 69.90553731472154
10.297104166666667 72.8928229773041
10.307770833333334 73.93894229171903
10.318437500000002 73.30026408811419
10.329104166666667 72.04753242071531
10.339770833333334 71.3672917936473
10.350437500000002 70.41564086089679
10.361104166666667 68.92586751967748
10.371770833333334 67.02345074302241
10.382437500000002 64.42706991191727
10.393104166666667 62.31012368127645
10.403770833333335 60.75920857821355
10.414437500000002 59.43468791761529
10.425104166666667 58.20573590377257
10.435770833333335 57.40014108097152
10.446437500000002 59.02923457430742
10.457104166666667 66.98673954882068
10.467770833333335 72.59006007422136
10.478437500000002 74.27043626599618
10.489104166666667 72.60785230947567
10.499770833333335 68.06012692453771
10.510437500000002 62.15490861127921
10.521104166666667 59.09388081303558
10.531770833333335 58.75374914447554
10.542437500000002 58.69197558996739
10.553104166666667 57.36000605010283
10.563770833333335 55.55876311273611
10.574437500000002 54.853186473128346
10.585104166666667 54.59893889481829
10.595770833333335 55.189536907346614
10.6064375 55.60432563550826
10.617104166666667 54.775767926155964
10.627770833333335 52.86592273482037
10.6384375 51.510395442177234
10.649104166666667 51.06359091536614
10.659770833333335 52.37125240020309
10.6704375 57.61008800937607
10.681104166666668 63.63075030226001
10.691770833333335 67.87872200559593
10.7024375 70.28338975779414
10.713104166666668 70.71038091178131
10.723770833333335 69.67079399018341
10.7344375 70.90867134322903
10.745104166666668 72.58519179796153
10.755770833333335 72.09790688234513
10.7664375 72.60732642468
10.777104166666668 74.71484623273135
10.787770833333335 75.14223945696735
10.7984375 73.95339433340548
10.809104166666668 71.75422721197953
10.819770833333335 70.93438880249063
10.8304375 73.00668683940805
10.841104166666668 74.60905761395881
10.851770833333335 74.8550777260498
10.8624375 74.37674810183097
10.873104166666668 74.03769538757255
10.883770833333335 73.9723242729489
10.8944375 74.6281291667309
10.905104166666668 75.4137081699985
10.915770833333335 75.51388592832113
10.9264375 74.61177001194115
10.937104166666668 73.49788137367645
10.947770833333335 73.59429634707391
10.9584375 73.88824633539262
10.969104166666668 73.73678163112666
10.979770833333335 73.27195322795754
10.9904375 72.99090835463835
11.001104166666668 72.45347281491317
11.011770833333335 70.73820249428677
11.0224375 69.20379617143661
11.033104166666668 68.83433486810235
11.043770833333335 68.27594063011313
11.0544375 67.10263633707478
11.065104166666668 66.31752691283143
11.075770833333335 66.38358980267421
11.0864375 66.15064912384065
11.097104166666668 65.13036402053699
11.107770833333335 63.78494557557901
11.1184375 63.385218200765586
11.129104166666668 64.6462803740073
11.139770833333335 65.86930876694178
11.1504375 66.44989864782181
11.161104166666668 66.70501198045257
11.171770833333335 66.24258373654388
11.1824375 64.81564031644415
11.193104166666668 62.97408486612882
11.203770833333335 61.59395542930612
11.2144375 60.009232013109546
11.225104166666668 57.76914275027334
11.235770833333335 55.805938633640686
11.2464375 54.41615418542562
11.257104166666668 53.27870886367809
11.267770833333335 52.52468028307287
11.2784375 51.75334421640724
11.289104166666668 50.755554295382694
11.299770833333335 49.734077737927024
11.3104375 49.25564848192532
11.321104166666668 50.82874043557677
11.331770833333335 54.928815668849396
11.3424375 58.787770212336795
11.353104166666668 61.67601303043619
11.363770833333334 63.20686719896027
11.3744375 63.98211015385443
11.385104166666668 65.02378200844203
11.395770833333334 65.76111497050198
11.406437500000001 65.78150627169387
11.417104166666668 65.89157415931385
11.427770833333334 66.03344802922861
11.438437500000001 65.96480177884277
11.449104166666668 66.23522192399393
11.459770833333334 66.64246473907585
11.470437500000001 66.54364828249689
11.481104166666668 65.27779259393733
11.491770833333334 63.78838941210664
11.502437500000001 62.86498533945816
11.513104166666668 62.20759262594285
11.523770833333334 61.17030331124819
11.534437500000001 59.791627314289705
11.545104166666668 58.69951328870993
11.555770833333334 57.64917714224089
11.566437500000001 55.78508756932649
11.577104166666668 52.98535699672813
11.587770833333334 50.82937369900702
11.598437500000001 50.04860701348866
11.609104166666668 49.13833394999851
11.619770833333334 47.64838058037911
11.630437500000001 45.163303993177834
11.641104166666668 43.46558699274468
11.651770833333334 42.61084436948414
11.662437500000001 41.97748572167377
11.673104166666668 40.51555327946423
11.683770833333334 37.75600217871264
11.694437500000001 37.3364558248114
11.705104166666668 38.01451776370824
11.715770833333334 37.43717724208154
11.726437500000001 36.80225859207028
11.737104166666668 36.99089347430346
11.747770833333334 36.72558246876513
11.758437500000001 35.18020108093916
11.769104166666668 34.481502587749034
11.779770833333334 34.7223332810109
11.790437500000001 34.71323056168178
11.801104166666669 35.01305203087143
11.811770833333334 37.197086616873975
11.822437500000001 38.013362362247264
11.833104166666669 38.089152955249844
11.843770833333334 39.432006775740206
11.854437500000001 39.44545808326774
11.865104166666669 38.8941377048667
11.875770833333334 37.81127255591032
11.886437500000001 35.109818597141526
11.897104166666669 32.161344983272784
11.907770833333334 30.130796829750047
11.918437500000001 30.405935001496278
11.929104166666669 30.55475533225049
11.939770833333334 28.93300036219943
11.950437500000001 27.403388903134967
11.961104166666669 25.473591422815126
11.971770833333334 22.256616338048083
11.982437500000001 21.873461651912216
11.993104166666669 21.62017020511098
12.003770833333334 19.706361186443118
12.014437500000001 18.577066060209138
12.025104166666669 18.284198328397178
12.035770833333334 16.092392143100625
12.046437500000001 13.583812787638918
12.057104166666669 13.854266137693841
12.067770833333334 14.61594599076324
12.078437500000001 14.484817897475233
12.089104166666669 14.18417407081359
12.099770833333334 14.077867219093545
12.110437500000002 14.386207230579558
12.121104166666669 14.645816979743909
12.131770833333334 13.652737559888363
12.142437500000002 11.86159351279506
12.153104166666667 10.964570093673993
12.163770833333334 11.00367857554517
12.174437500000002 11.1903719328904
12.185104166666667 10.995080722351275
12.195770833333334 10.07894648266188
12.206437500000002 9.49201676971327
12.217104166666667 9.790505821634552
12.227770833333334 10.45734509119625
12.238437500000002 10.404307113869715
12.249104166666667 10.145453455193074
12.259770833333334 10.257538254255937
12.270437500000002 10.226807677378748
12.281104166666667 10.063267578080293
12.291770833333334 9.779980363506072
12.302437500000002 9.544806607539861
12.313104166666667 9.423202626594945
12.323770833333334 9.506449705537213
12.334437500000002 10.134136544255131
12.345104166666667 10.636782665343594
12.355770833333334 10.720023772544199
12.366437500000002 10.274881651721866
12.377104166666667 10.0274428915745
12.387770833333335 10.752327271967337
12.398437500000002 11.240456780140317
12.409104166666667 10.424530604118722
12.419770833333335 9.550036990000134
12.430437500000002 9.539894800516851
12.441104166666667 9.798592243906942
12.451770833333335 10.214856336960736
12.462437500000002 10.209217631684478
12.473104166666667 9.621863956717709
12.483770833333335 9.634693126784613
12.494437500000002 10.159862523803131
12.505104166666667 10.148648212895866
12.515770833333335 10.064424416175745
12.526437500000002 10.243496935748716
12.537104166666667 10.3056848691364
12.547770833333335 10.203365465735516
12.558437500000002 10.09574522753038
12.569104166666667 9.754118017131464
12.579770833333335 9.838835311045377
12.590437500000002 10.122149613709524
12.601104166666667 10.281067510810995
12.611770833333335 10.56094226755806
12.622437500000002 10.58771838760498
12.633104166666667 10.42155814342216
12.643770833333335 10.70654334691582
12.654437500000002 11.401810753672464
12.665104166666667 11.357970056177182
12.675770833333335 10.919729594680398
12.686437500000002 10.427171753165032
12.697104166666668 10.262670631074691
12.707770833333335 10.654478391341456
12.718437500000002 10.676166073086762
12.729104166666668 10.344507173511225
12.739770833333335 10.097956949748593
12.750437500000002 10.01130603184115
12.761104166666668 9.975580178217685
12.771770833333335 10.217164160960813
12.782437500000002 10.398371722935387
12.793104166666668 9.842018208353007
12.803770833333335 9.34308515987319
12.814437500000002 9.990582706135323
12.825104166666668 10.32653351198968
12.835770833333335 10.156760528592429
12.846437500000002 9.829845811881606
12.857104166666668 9.808621939063721
12.867770833333335 10.081571840616377
12.878437500000002 9.836960958016627
12.889104166666668 10.006402836007826
12.899770833333335 10.530699347967953
12.910437500000002 10.048274023384053
12.921104166666668 9.547449027561663
12.931770833333335 9.945072460646587
12.9424375 10.608825548004823
12.953104166666668 10.83031589719032
12.963770833333335 10.655178323685906
12.9744375 10.143998009246955
12.985104166666668 9.417785416942085
12.995770833333335 9.427839401817211
13.0064375 9.85593225087593
