mean: 73.59261778309376 std: 29.050121941494282
0.047479166666665996 10.095241641182506
0.05814583333333266 9.902749298168107
0.06881249999999933 10.568985406921383
0.07947916666666599 11.137830630826688
0.09014583333333268 10.7613506276848
0.10081249999999933 10.681163455325645
0.11147916666666599 10.759947419479927
0.12214583333333268 10.766602071413455
0.13281249999999933 10.668520010737112
0.14347916666666602 10.20176707113069
0.15414583333333268 9.951812320763313
0.16481249999999933 9.993734009317011
0.175479166666666 10.241505459655096
0.18614583333333268 10.47333454153348
0.19681249999999934 10.295950486762901
0.20747916666666602 9.885025190657142
0.21814583333333268 10.042008460607919
0.22881249999999934 10.38292826911231
0.23947916666666602 10.472939053616523
0.2501458333333327 10.383948381263892
0.2608124999999994 10.398448612386941
0.27147916666666605 10.252912729485642
0.2821458333333327 9.848004519494854
0.29281249999999936 9.65298511726942
0.303479166666666 9.585072428859586
0.31414583333333274 9.721102672477643
0.3248124999999994 9.598850359250878
0.33547916666666605 9.369678338299808
0.3461458333333327 9.785881594699198
0.35681249999999937 10.13824474800515
0.3674791666666661 10.28445082595817
0.37814583333333274 10.63366782367174
0.3888124999999994 10.347767057454558
0.39947916666666605 9.715836961960719
0.4101458333333327 9.80944835679772
0.4208124999999994 10.047939464122617
0.4314791666666661 10.511763390705227
0.44214583333333274 10.594025942023181
0.4528124999999994 10.156521868177515
0.46347916666666605 9.594437867554971
0.47414583333333277 9.245854875320738
0.4848124999999994 9.697974083439846
0.4954791666666661 10.330219645211685
0.5061458333333327 10.766899261400109
0.5168124999999993 10.574540430670297
0.527479166666666 10.470410888170253
0.5381458333333328 10.629808848541485
0.5488124999999994 10.091311916873442
0.559479166666666 9.29428923728426
0.5701458333333327 9.548241189440027
0.5808124999999994 10.272088164777617
0.591479166666666 10.151730044362166
0.6021458333333327 9.971844654829713
0.6128124999999993 10.049645131821494
0.623479166666666 9.88080844198205
0.6341458333333327 9.922802033825043
0.6448124999999993 10.341107240137026
0.6554791666666661 10.2748883269204
0.6661458333333327 10.00285089721735
0.6768124999999994 9.99252263227373
0.6874791666666661 9.699494594855741
0.6981458333333327 9.221048892032778
0.7088124999999994 9.442795685614913
0.719479166666666 9.973565237605246
0.7301458333333327 10.093921303909198
0.7408124999999994 9.754519784990636
0.751479166666666 9.579278207824114
0.7621458333333327 10.09886027711888
0.7728124999999993 10.644296532789143
0.7834791666666661 10.773462658562101
0.7941458333333328 10.833026850666243
0.8048124999999994 10.605033767569775
0.8154791666666661 9.924293278675343
0.8261458333333327 9.468805688548807
0.8368124999999994 9.537569713959126
0.8474791666666661 10.07520342393726
0.8581458333333327 10.741141237005266
0.8688124999999994 10.333823047535258
0.879479166666666 10.814597822653472
0.8901458333333327 25.931315855634466
0.9008124999999995 45.60072663884563
0.9114791666666661 59.78030623741237
0.9221458333333328 68.04300463483432
0.9328124999999994 72.07601972581817
0.9434791666666661 73.04471085359584
0.9541458333333327 72.35356732282762
0.9648124999999994 71.5709160104854
0.9754791666666661 70.57737338067558
0.9861458333333327 68.59545152959046
0.9968124999999994 66.93170276209386
1.007479166666666 69.53912863133213
1.0181458333333329 72.60248345327729
1.0288124999999995 74.4220309121275
1.039479166666666 75.74198423846605
1.050145833333333 77.0783628303794
1.0608124999999995 78.05711437805074
1.071479166666666 77.49667479736294
1.082145833333333 75.33135029259934
1.0928124999999995 72.92284606788641
1.1034791666666661 71.93839959415274
1.114145833333333 74.58311740851339
1.1248124999999995 76.53032809533131
1.1354791666666662 75.69157135932934
1.146145833333333 72.50899711817779
1.1568124999999996 69.41554625913432
1.1674791666666662 68.2239852959656
1.1781458333333328 67.97072004750764
1.1888124999999996 68.69679400034777
1.1994791666666662 70.44734040800246
1.2101458333333328 71.58250011322403
1.2208124999999996 71.9480015795343
1.2314791666666662 75.426261006054
1.2421458333333328 79.20111234481712
1.2528124999999997 81.23712983678226
1.2634791666666663 82.39745673759396
1.2741458333333329 82.47687501743266
1.2848124999999995 81.9271169589954
1.2954791666666663 82.38639455814662
1.306145833333333 82.80863156503958
1.3168124999999995 82.56740989018459
1.3274791666666663 82.1106866894558
1.338145833333333 82.48661604253795
1.3488124999999995 83.24507189573536
1.3594791666666663 83.23765169993723
1.370145833333333 82.31909935330158
1.3808124999999996 80.30322321964724
1.3914791666666662 77.72695665501038
1.402145833333333 77.46129380644354
1.4128124999999996 78.11367193145816
1.4234791666666662 78.2788986098127
1.434145833333333 79.14680951610384
1.4448124999999996 79.50159657550506
1.4554791666666662 78.86353937184217
1.4661458333333328 77.61556489413658
1.4768124999999996 76.09289703213975
1.4874791666666662 74.03475901613884
1.4981458333333328 71.7239145011263
1.5088124999999997 73.44576880860863
1.5194791666666663 76.4182114237633
1.5301458333333329 78.38786832775534
1.5408124999999997 79.63464763431101
1.5514791666666663 79.6484724964577
1.562145833333333 78.80719414002705
1.5728124999999995 78.3792865349453
1.5834791666666663 78.12151302737774
1.594145833333333 78.15040564018176
1.6048124999999995 78.58853372302266
1.6154791666666664 77.75636215405196
1.626145833333333 75.8856122811226
1.6368124999999996 74.83283740791288
1.6474791666666664 75.6723459122393
1.658145833333333 78.20705489696408
1.6688124999999996 80.2201801644877
1.6794791666666662 80.57428578856556
1.690145833333333 80.28917268643863
1.7008124999999996 80.62563973880829
1.7114791666666662 79.8730222241331
1.722145833333333 78.64277240341954
1.7328124999999996 79.01839381091753
1.7434791666666662 79.88169840171037
1.754145833333333 80.27279238008731
1.7648124999999997 80.1375414925482
1.7754791666666663 81.08075389573862
1.7861458333333329 82.11946305542767
1.7968124999999997 81.66983327555202
1.8074791666666663 79.55910717613334
1.818145833333333 77.55142149549886
1.8288124999999997 76.93160506348447
1.8394791666666663 77.04365718026618
1.850145833333333 77.0728206078182
1.8608124999999995 75.34026234968762
1.8714791666666664 71.79259935474055
1.882145833333333 72.31416447072137
1.8928124999999996 75.83010184552396
1.9034791666666664 76.94700889448131
1.914145833333333 75.6270829403637
1.9248124999999996 72.89245462554396
1.9354791666666664 70.28910213862851
1.946145833333333 68.36018054238846
1.9568124999999996 68.03337971526487
1.9674791666666662 73.32607915927642
1.978145833333333 77.94716625094252
1.9888124999999997 79.97089951611589
1.9994791666666663 80.45370541608503
2.010145833333333 80.53423966270762
2.0208124999999995 80.98780493924372
2.0314791666666663 81.20434799765835
2.042145833333333 79.50783799018087
2.0528124999999995 75.54529941627854
2.0634791666666663 71.28394818275558
2.0741458333333327 68.80366123389996
2.0848124999999995 68.02673948472386
2.095479166666666 66.95760031138337
2.1061458333333327 67.27026638994015
2.1168124999999995 72.93056906406389
2.127479166666666 76.83233199564738
2.1381458333333327 78.8869086540265
2.1488124999999996 79.71099124857864
2.159479166666666 79.15154680288745
2.1701458333333328 77.40778910359417
2.1808124999999996 74.91502301103561
2.191479166666666 72.2674268235723
2.202145833333333 71.33726104913785
2.2128124999999996 71.46577480804872
2.223479166666666 70.89766829819293
2.234145833333333 70.27336498585302
2.2448124999999997 69.66999087237221
2.255479166666666 70.2564660850549
2.266145833333333 71.24024566232751
2.2768124999999997 71.38156643050239
2.287479166666666 74.33270446039843
2.298145833333333 77.36012482404891
2.3088124999999993 77.92999477548439
2.319479166666666 76.79253918298785
2.330145833333333 75.25657913475676
2.3408124999999993 74.5923741265121
2.351479166666666 74.54618585549268
2.362145833333333 74.22434221477818
2.3728124999999993 73.53944701281995
2.383479166666666 72.61056976909248
2.394145833333333 71.71610660620408
2.4048124999999994 72.6750831001902
2.415479166666666 74.24172433498117
2.426145833333333 74.76936533232514
2.4368124999999994 74.7120392770544
2.447479166666666 74.71307425486995
2.458145833333333 73.93355639493788
2.4688124999999994 72.3959264096219
2.4794791666666662 71.18626547034592
2.4901458333333326 71.04912868979429
2.5008124999999994 71.06644515966961
2.5114791666666663 71.30407236114115
2.5221458333333326 71.66250836214911
2.5328124999999995 71.85440901207171
2.5434791666666663 72.48161314666899
2.5541458333333327 72.53922411883146
2.5648124999999995 71.39976426884103
2.5754791666666663 71.04172993896684
2.5861458333333327 71.33593397866288
2.5968124999999995 71.06031516365753
2.6074791666666663 70.28499083864034
2.6181458333333327 69.96513313392596
2.6288124999999996 70.08675037561733
2.6394791666666664 69.76846992862572
2.6501458333333328 68.89656500009767
2.6608124999999996 68.05632041151738
2.6714791666666664 67.71028325801515
2.682145833333333 67.71880958345186
2.6928124999999996 67.67783672643732
2.703479166666666 67.64843806450487
2.714145833333333 68.2338398542505
2.7248124999999996 69.4456794710016
2.735479166666666 70.52052769551116
2.746145833333333 71.06038535041858
2.7568124999999997 70.49809063795767
2.767479166666666 68.73589292300268
2.778145833333333 65.46352522866017
2.7888124999999997 61.66007329027607
2.799479166666666 58.65646312006123
2.810145833333333 56.777158150139584
2.8208124999999997 55.37298760349763
2.831479166666666 54.210086514865964
2.842145833333333 52.98855024317702
2.8528124999999998 51.739998953967536
2.863479166666666 50.61564655786655
2.874145833333333 50.125258648486984
2.8848124999999993 50.182251770836004
2.895479166666666 49.64183139999246
2.906145833333333 48.33141878601478
2.9168124999999994 47.169644974741885
2.927479166666666 46.1292080346002
2.938145833333333 44.45746455525777
2.9488124999999994 42.90095027279524
2.959479166666666 42.221796295857665
2.970145833333333 42.511124467444425
2.9808124999999994 43.59375468113966
2.9914791666666662 44.1856520210801
3.002145833333333 43.86137169297265
3.0128124999999994 43.133224001389905
3.0234791666666663 42.020622194070974
3.034145833333333 41.15810498022718
3.0448124999999995 41.55298265146843
3.0554791666666663 41.7013816708442
3.066145833333333 41.383011428057024
3.0768124999999995 41.59059254702447
3.0874791666666663 41.3825064908692
3.0981458333333327 41.19491642048935
3.1088124999999995 42.08011046214453
3.1194791666666664 45.59842656029972
3.1301458333333327 55.126425606307194
3.1408124999999996 63.36354799216685
3.1514791666666664 68.24650997970127
3.1621458333333328 71.09766559472833
3.1728124999999996 72.48059127366031
3.1834791666666664 72.82797940403913
3.194145833333333 72.67223122057835
3.2048124999999996 72.70394051978138
3.2154791666666664 73.68523866488444
3.226145833333333 75.13463824643574
3.2368124999999996 76.35997966649313
3.2474791666666665 77.07519779105466
3.258145833333333 77.14199835732232
3.2688124999999997 77.11434177365797
3.279479166666666 77.20318151334388
3.290145833333333 76.39623010761477
3.3008124999999997 74.09784842335071
3.311479166666666 70.4020721371544
3.322145833333333 67.04671345930716
3.3328124999999997 66.09363244074251
3.343479166666666 65.58379550941277
3.354145833333333 64.19404282365493
3.3648124999999998 63.11500102063887
3.375479166666666 61.85601181844342
3.386145833333333 60.057846929283144
3.3968125 58.53634133387956
3.407479166666666 57.72566962730647
3.418145833333333 65.52595589870256
3.4288125 73.65156009073546
3.439479166666666 78.11557316083233
3.450145833333333 79.86953462082027
3.4608125 81.14186638358012
3.4714791666666662 83.41129038539414
3.482145833333333 85.08981169971777
3.4928124999999994 85.44622309695487
3.5034791666666663 84.66502376018062
3.514145833333333 83.13893377527242
3.5248124999999995 81.40979944155521
3.5354791666666663 80.06627027526366
3.546145833333333 79.37651015098122
3.5568124999999995 79.0838603332104
3.5674791666666663 78.92412678210073
3.578145833333333 78.97590977920085
3.5888124999999995 79.17485436546305
3.5994791666666663 78.51447261621189
3.610145833333333 77.27798556440608
3.6208124999999995 76.53142612924817
3.6314791666666664 75.87143664955516
3.642145833333333 74.78649810078376
3.6528124999999996 75.2051754845757
3.6634791666666664 78.20201910508918
3.6741458333333328 80.05257107919859
3.6848124999999996 80.69843368470794
3.6954791666666664 81.37391817341285
3.706145833333333 82.14442549824605
3.7168124999999996 82.38595215998289
3.7274791666666665 81.84837436340453
3.738145833333333 80.76062293370049
3.7488124999999997 80.54947124196708
3.7594791666666665 81.21108916997929
3.770145833333333 81.25607862117418
3.7808124999999997 81.58815083001522
3.7914791666666665 81.81546344735816
3.802145833333333 81.05659080930278
3.8128124999999997 80.44998273241134
3.8234791666666665 80.19522597191101
3.834145833333333 79.35678403229126
3.8448124999999997 78.58449927040957
3.855479166666666 79.28094795806959
3.866145833333333 80.82841473041007
3.8768124999999998 82.01313721820954
3.887479166666666 82.32505951649316
3.898145833333333 81.7022063641686
3.9088125 80.67347971011172
3.919479166666666 80.58935381966583
3.930145833333333 81.46457228687098
3.9408125 82.417595122407
3.951479166666666 82.8706234216155
3.962145833333333 81.74580136373933
3.9728125 79.72245210572392
3.9834791666666662 77.3619442921667
3.994145833333333 74.44762828575206
4.0048125 73.0917998988705
4.015479166666666 72.55921260812177
4.0261458333333335 70.8494738359784
4.0368125 69.62023048124829
4.047479166666667 68.25865825078886
4.058145833333334 66.46974891037439
4.0688125 65.6141411951535
4.079479166666667 67.89109383137819
4.090145833333334 72.8902034895772
4.1008125 77.99754731816583
4.111479166666667 81.59923832979129
4.122145833333334 82.5920384036229
4.1328125 81.42251785068667
4.143479166666666 79.90005423333253
4.154145833333334 79.74821486865439
4.1648125 80.22669807290244
4.175479166666666 79.24461539317409
4.186145833333334 76.83407586266556
4.1968125 75.03065116833166
4.207479166666666 73.40091800267868
4.218145833333334 71.05317596937748
4.2288125 68.93767012547687
4.2394791666666665 67.46794068404614
4.250145833333334 67.81731650544134
4.2608125 69.52395650348397
4.2714791666666665 70.69604592326894
4.282145833333334 70.02752158803828
4.2928125 67.2321192234978
4.3034791666666665 63.08572244841941
4.314145833333334 59.28616027624474
4.3248125 57.08713040937738
4.3354791666666666 55.30737076678753
4.346145833333334 54.44154742495857
4.3568125 55.35856309433736
4.367479166666667 57.202970681819885
4.378145833333334 58.902053398857426
4.3888125 59.54765827328409
4.399479166666667 60.224789860417694
4.410145833333334 60.1521486646096
4.4208125 62.05395020008417
4.431479166666667 67.0055416253475
4.442145833333334 71.53467778275736
4.4528125 75.32375819514525
4.463479166666667 77.97805678843315
4.474145833333334 79.20429340419874
4.4848125 79.23866202202291
4.495479166666667 78.59484100233726
4.506145833333334 77.88740816988533
4.5168125 77.3195118404105
4.527479166666667 76.27609908819271
4.538145833333333 73.92489852523008
4.5488125 71.23517838838791
4.559479166666667 69.85936321872714
4.570145833333333 68.39975431356532
4.5808125 66.51957755812293
4.591479166666667 66.1333050721064
4.602145833333333 69.9409622078109
4.6128125 73.91924815367187
4.623479166666667 76.6330260831326
4.634145833333333 78.37170169129472
4.6448125000000005 79.11475167966472
4.655479166666667 78.85144287904475
4.666145833333333 78.0255752527923
4.6768125000000005 77.20919050003323
4.687479166666667 76.9104810984076
4.698145833333333 76.91769705561545
4.7088125000000005 77.10052814241058
4.719479166666667 77.46948562610294
4.730145833333333 77.99242957928932
4.7408125000000005 78.25430432656283
4.751479166666667 77.56665501328732
4.762145833333333 75.64640732894924
4.772812500000001 73.29872223358333
4.783479166666667 72.72175094797136
4.794145833333333 73.35547868638099
4.804812500000001 72.93018053099559
4.815479166666667 70.726527082424
4.826145833333333 67.32078220935529
4.836812500000001 67.29334240014533
4.847479166666667 70.94315373080106
4.858145833333333 73.21827952346335
4.868812500000001 72.86130302361296
4.879479166666667 69.74733804072251
4.890145833333333 65.48166350828771
4.900812500000001 64.77935242448929
4.911479166666667 64.00390351383093
4.922145833333333 61.37480380546732
4.9328125 59.566068061934445
4.943479166666667 60.34737419291136
4.9541458333333335 63.30080230321986
4.9648125 70.10173238437022
4.975479166666667 74.44006096525412
4.9861458333333335 75.98200502154103
4.9968125 76.55832190512481
5.007479166666667 76.7813762099444
5.0181458333333335 76.88925934160821
5.0288125 76.91210923784219
5.039479166666667 76.67645291537355
5.050145833333334 76.31104202626975
5.0608125 76.14297021982145
5.071479166666667 76.48013210038924
5.082145833333334 76.51284356757233
5.0928125 76.18115557326263
5.103479166666667 75.78486713107276
5.114145833333334 75.10561425901243
5.1248125 73.65259376713385
5.135479166666667 71.76057889854275
5.146145833333334 70.7720364676079
5.1568125 70.16423530983529
5.167479166666667 69.60407082222149
5.178145833333334 69.64242443093302
5.1888125 70.02844861560783
5.199479166666667 69.91601364410121
5.210145833333334 69.06888253708784
5.2208125 68.08084054608697
5.231479166666667 67.48726851238122
5.242145833333334 67.5422545829824
5.2528125 68.10107975985784
5.263479166666667 68.91738928275377
5.274145833333334 70.19512029153222
5.2848125 71.53633829711661
5.295479166666667 72.31163321018829
5.306145833333334 72.52791825103682
5.3168125 72.5574516588226
5.3274791666666665 72.63658706084928
5.338145833333334 73.1668327381092
5.3488125 74.19917289852711
5.359479166666667 74.84082026603551
5.370145833333334 74.35992725227234
5.3808125 72.62777809758968
5.391479166666667 69.80783098564237
5.402145833333334 66.91866410760596
5.4128125 66.17170484631244
5.423479166666667 66.14668168875268
5.434145833333334 64.69789852749831
5.4448125 62.06669608215318
5.455479166666667 59.83238365461495
5.466145833333334 58.0880022096717
5.4768125 56.59974261938323
5.487479166666667 55.63032786164318
5.498145833333334 55.24322485389676
5.5088125 55.09420445756629
5.519479166666667 55.32710694762444
5.530145833333334 55.53874912475454
5.5408125 54.830766738584984
5.551479166666667 53.64960478235446
5.562145833333334 52.832373448182615
5.5728125 51.92084442674954
5.583479166666667 50.45951177245888
5.594145833333334 49.37298371514583
5.6048125 49.45318987946979
5.615479166666667 49.63039299474871
5.626145833333334 48.98502289182383
5.6368125000000004 47.69797786133345
5.647479166666667 46.21768652683933
5.658145833333334 45.47441024930401
5.6688125000000005 45.49401902368344
5.679479166666667 44.92946418477581
5.690145833333334 44.29356891510313
5.7008125000000005 43.347261806055364
5.711479166666667 41.41377863278552
5.722145833333333 39.46054671079923
5.7328125000000005 38.63343092639111
5.743479166666667 39.80332400085474
5.754145833333333 41.797017080566256
5.764812500000001 43.54237381898862
5.775479166666667 43.94300556640448
5.786145833333333 43.34043422551503
5.796812500000001 42.99362242043715
5.807479166666667 43.02679442106446
5.818145833333333 42.756279362525945
5.828812500000001 40.98081775022686
5.839479166666667 39.03815631072068
5.850145833333333 39.12265420901017
5.860812500000001 40.15568951705547
5.871479166666667 40.10619732929246
5.882145833333333 38.539413482813266
5.892812500000001 37.34324628249129
5.903479166666667 35.9235701887232
5.914145833333333 33.871141761048804
5.924812500000001 32.888559257899544
5.935479166666667 34.04092044801564
5.9461458333333335 36.562988545509505
5.956812500000001 37.59029979257488
5.967479166666667 36.987639164227815
5.9781458333333335 36.60086589974221
5.988812500000001 36.91747032440759
5.999479166666667 36.95760334872982
6.0101458333333335 36.73372138463136
6.020812500000001 36.135330034117565
6.031479166666667 35.61423556869017
6.0421458333333335 47.9552169191517
6.052812500000001 63.31404521602675
6.063479166666667 73.08370227428634
6.074145833333334 78.08460963740399
6.084812500000001 78.712517018556
6.095479166666667 75.39149397492653
6.106145833333334 69.99781840823348
6.1168125 71.04961722387648
6.127479166666667 75.83575396402341
6.138145833333334 78.25824513421006
6.1488125 78.98341337759405
6.159479166666667 79.61111410085027
6.170145833333334 80.17980026862261
6.1808125 79.61630348156908
6.191479166666667 77.84466543590437
6.202145833333334 75.01520355860252
6.2128125 70.792586300051
6.223479166666667 67.14450626293123
6.234145833333334 65.59609767288468
6.2448125 64.93778444159406
6.255479166666667 64.13851090121096
6.266145833333334 64.20661001426294
6.2768125 65.37606512330424
6.287479166666667 66.86700216903608
6.298145833333334 71.74079073693255
6.3088125 76.60554262507057
6.319479166666667 79.7336793170091
6.330145833333334 81.80363696540722
6.3408125 82.45984910319658
6.3514791666666675 81.5462446279478
6.362145833333334 79.989764837819
6.3728125 78.44148441061807
6.3834791666666675 76.32354820960143
6.394145833333334 74.6584392654546
6.4048125 75.06360630155109
6.4154791666666675 75.87313655607637
6.426145833333334 75.80401978701707
6.4368125 74.87821167003159
6.4474791666666675 73.31775517525264
6.458145833333334 71.11534335847294
6.4688125 68.29896346682783
6.479479166666668 66.2686562885759
6.490145833333334 67.28443679326415
6.5008125 69.50457348131802
6.511479166666667 70.25505975841656
6.522145833333334 68.63931446730174
6.5328125 65.8930542559476
6.543479166666667 66.0338457444673
6.554145833333334 68.38652191000685
6.5648125 69.11496382102601
6.575479166666667 67.7352315703064
6.586145833333334 65.07046282098061
6.5968125 62.0662784106576
6.607479166666667 59.40814501107168
6.618145833333334 57.92588341764258
6.6288125 56.295115133862524
6.639479166666667 54.51000256127229
6.650145833333334 53.82156430087502
6.6608125000000005 53.416476683997764
6.671479166666667 53.37553458640021
6.682145833333334 53.97010136344743
6.6928125000000005 54.080602230151115
6.703479166666667 53.166096729857145
6.714145833333334 52.2051593234012
6.7248125000000005 51.52796457941933
6.735479166666667 53.0113339174471
6.746145833333334 55.82032549746174
6.7568125000000006 57.60123987993779
6.767479166666667 59.534036298454254
6.778145833333334 61.75989448858732
6.788812500000001 62.96005677722016
6.799479166666667 63.964998970505434
6.810145833333334 65.32808839362553
6.820812500000001 65.55104432694492
6.831479166666667 63.94567395021407
6.842145833333334 61.12644526284072
6.852812500000001 57.9801333683867
6.863479166666667 54.44567208465828
6.874145833333334 50.766922091932834
6.884812500000001 47.92508621376635
6.895479166666667 46.092141906655144
6.906145833333333 44.926828333377486
6.916812500000001 44.42960082637218
6.927479166666667 43.989816616851634
6.9381458333333335 43.25271869238479
6.948812500000001 42.17637327308475
6.959479166666667 41.10406498722159
6.9701458333333335 40.287757521933045
6.980812500000001 39.33869185373624
6.991479166666667 38.79856439082599
7.0021458333333335 38.72160531635726
7.012812500000001 38.58190559721926
7.023479166666667 38.4132505766797
7.0341458333333335 38.51982462709097
7.044812500000001 38.63105497370161
7.055479166666667 38.650783359160826
7.066145833333334 38.738805373891765
7.076812500000001 38.60242871074908
7.087479166666667 38.36790046416462
7.098145833333334 38.24330710276847
7.108812500000001 37.85410635629503
7.119479166666667 37.27849132134919
7.130145833333334 36.86510768269863
7.140812500000001 36.38366188739325
7.151479166666667 35.608642957270334
7.162145833333334 34.72594634452159
7.172812500000001 33.92656100269632
7.183479166666667 33.25974005787008
7.194145833333334 32.79277388194735
7.204812500000001 32.45226446141006
7.215479166666667 32.10105451274169
7.226145833333334 31.61580531414247
7.236812500000001 31.116488990260976
7.247479166666667 30.610218602917982
7.258145833333334 30.019196243440177
7.2688125 29.385220587588066
7.279479166666667 28.809315171087565
7.290145833333334 28.28321659126306
7.3008125 27.731405852181638
7.311479166666667 27.197912069005316
7.322145833333334 26.702656488878198
7.3328125 26.23273200692242
7.3434791666666674 25.774111313938903
7.354145833333334 25.333009160815383
7.3648125 24.901114752879273
7.3754791666666675 24.464888227083303
7.386145833333334 23.92208294196091
7.3968125 23.26386238228338
7.4074791666666675 22.63645224274928
7.418145833333334 21.993765517645176
7.4288125 21.25335792232488
7.4394791666666675 20.38952405954397
7.450145833333334 19.54421155503738
7.4608125 18.841308915734796
7.471479166666668 18.087030190572463
7.482145833333334 17.257636094722162
7.4928125 16.468487127917907
7.503479166666668 15.670060706881477
7.514145833333334 14.825879738857088
7.5248125 13.988703589409381
7.535479166666668 13.445650413741516
7.546145833333334 12.936175494229712
7.5568125 12.348340330612814
7.567479166666668 12.197073350543572
7.578145833333334 11.887020840267725
7.5888125 11.231523504928159
7.599479166666668 10.879645645869312
7.610145833333334 10.796102929843068
7.6208125 10.466572406676608
7.631479166666668 10.078763062015557
7.642145833333334 9.677072425264956
7.6528125000000005 9.137965801890264
7.663479166666667 9.741225431097421
7.674145833333334 10.64138501475951
7.6848125000000005 10.497290090247787
7.695479166666667 10.196725194954917
7.706145833333334 9.990822994083814
7.7168125000000005 9.875984714556981
7.727479166666667 9.651743075797143
7.738145833333334 9.484693000271097
7.7488125000000005 9.92509322573768
7.759479166666667 10.327087965072408
7.770145833333334 9.993901238018605
7.780812500000001 10.040703361910461
7.791479166666667 10.289737963494492
7.802145833333334 10.296656759855882
7.812812500000001 10.244709268651054
7.823479166666667 9.914472029647365
7.834145833333334 10.197338770458229
7.844812500000001 10.623102400224633
7.855479166666667 10.598216333181085
7.866145833333334 10.13306613505822
7.876812500000001 9.590616082635306
7.887479166666667 9.85665006473368
7.898145833333334 10.304195674640438
7.908812500000001 10.329441299674187
7.919479166666667 10.231935033220658
7.930145833333334 10.163421584332195
7.940812500000001 9.703250589674763
7.951479166666667 9.462102678498205
7.962145833333334 9.418845513229757
7.972812500000001 9.28944947025029
7.983479166666667 9.226517829676084
7.994145833333334 9.491011708748507
8.0048125 9.893009822496063
8.015479166666667 10.443089122040758
8.026145833333334 10.639631612515036
8.0368125 10.158280484372064
8.047479166666667 9.441911204435016
8.058145833333333 9.236780659006227
8.0688125 9.497447167307243
8.079479166666667 9.685002665117572
8.090145833333333 9.68025329569924
8.1008125 9.580753222605074
8.111479166666667 9.126664707898417
8.122145833333333 9.130701007921495
8.1328125 9.82715352589432
8.143479166666667 10.121820498227086
8.154145833333333 10.013921064136698
8.1648125 10.088806440080344
8.175479166666667 10.323824694230678
8.186145833333333 10.016306446288816
8.1968125 9.572193585859978
8.207479166666667 9.699418833972672
8.218145833333333 9.755359860636807
8.2288125 9.856589582791402
8.239479166666666 10.339352287720558
8.250145833333333 10.770590452292158
8.2608125 11.006182433586813
8.271479166666666 10.841636437374614
8.282145833333333 10.4449779950473
8.2928125 10.543483445588603
8.303479166666666 10.990160364018497
8.314145833333333 10.754705258606123
8.3248125 9.895533487915282
8.335479166666666 9.743164414461114
8.346145833333333 10.22777621836292
8.3568125 10.044289216594207
8.367479166666666 9.624204019049733
8.378145833333333 9.42713086275017
8.3888125 9.481226205247582
8.399479166666666 10.023775776092918
8.410145833333333 10.285236746202468
8.4208125 10.240411093374156
8.431479166666666 10.37537082600712
8.442145833333333 10.750843287260503
8.4528125 10.63621791760728
8.463479166666666 9.620261994880495
8.474145833333333 9.13150967480426
8.4848125 9.602868226005661
8.495479166666666 9.923096927883314
8.506145833333333 10.087386593155507
8.5168125 10.33974930902949
8.527479166666666 10.402561152159631
8.538145833333333 10.277542680868223
8.5488125 10.08617829401567
8.559479166666666 10.004486801165536
8.570145833333333 10.019817037574851
8.5808125 9.7079530270694
8.591479166666666 9.464266945328074
8.602145833333333 9.462461555609648
8.6128125 9.645986385135133
8.623479166666666 9.818556855426026
8.634145833333333 9.868415247379417
8.6448125 10.02481908293876
8.655479166666666 10.0550491328713
8.666145833333333 10.22700482339914
8.6768125 10.414686276302687
8.687479166666666 10.416450081319411
8.698145833333333 10.041783718635017
8.7088125 9.215792674965735
8.719479166666666 9.347031851676302
8.730145833333333 9.857741931982147
8.7408125 10.213308685958499
8.751479166666666 10.632414804552466
8.762145833333333 10.711885249892717
8.7728125 10.576774008550471
8.783479166666666 10.424688610700128
8.794145833333333 10.095574587163092
8.8048125 9.692040759683847
8.815479166666666 9.351648578764776
8.826145833333333 9.534001737807975
8.8368125 9.628984321382024
8.847479166666666 9.399597438964747
8.858145833333333 9.574376673936953
8.8688125 9.79817162451437
8.879479166666666 9.996011915294408
8.890145833333333 10.311449157282183
8.9008125 10.098910007157905
8.911479166666666 9.5373068401837
8.922145833333333 8.879364025721943
8.9328125 9.144828358758957
8.943479166666666 10.257241802833107
8.954145833333333 10.646929424036568
8.9648125 10.249385982851301
8.975479166666666 10.121724010426934
8.986145833333333 9.993334442414303
8.9968125 9.917134643337933
9.007479166666666 10.191133487046955
9.018145833333334 10.712433312546132
9.028812499999999 10.499354525242122
9.039479166666666 9.936668760038138
9.050145833333334 10.025099568042375
9.060812499999999 10.108018043447583
9.071479166666666 10.056710058329472
9.082145833333334 10.383251731221906
9.092812499999999 10.63647385295311
9.103479166666666 10.381628702172527
9.114145833333334 10.251644895814295
9.124812499999999 10.21169667073465
9.135479166666666 9.824744875434124
9.146145833333334 9.927548564582242
9.1568125 10.100955572801919
9.167479166666666 10.076266749533058
9.178145833333334 10.127742140435608
9.1888125 10.040446357925415
9.199479166666666 9.464208249134998
9.210145833333334 9.512347834961034
9.2208125 9.821206848809773
9.231479166666666 9.901801063228795
9.242145833333334 10.02526223515079
9.2528125 10.098976661785816
9.263479166666666 10.01594729707951
9.274145833333334 10.140228001141292
9.2848125 10.311126312839844
9.295479166666667 10.136984930372678
9.306145833333334 10.377135796125385
9.3168125 10.771778282248789
9.327479166666667 10.818437809676789
9.338145833333334 10.603443500150778
9.3488125 10.421438650032393
9.359479166666667 9.920446143742097
9.370145833333334 9.584177638723453
9.3808125 9.794702174922133
9.391479166666667 9.744758509431623
9.402145833333334 9.526750654968419
9.4128125 10.272575926447288
9.423479166666667 10.970512681025609
9.434145833333334 10.961441625274746
9.4448125 10.933828447627732
9.455479166666667 11.028308974310082
9.466145833333334 10.81094228572111
9.4768125 10.543173622163213
9.487479166666667 10.175141588233217
9.498145833333334 9.979616997437383
9.5088125 9.992025492573797
9.519479166666667 9.656323803026208
9.530145833333334 10.262279626583728
9.5408125 10.77193256022671
9.551479166666667 10.291463384955044
9.562145833333334 9.881135295286057
9.5728125 10.426384199399374
9.583479166666667 10.801351945741992
9.594145833333334 10.812293101344748
9.6048125 10.833559411713713
9.615479166666667 10.458434593817387
9.626145833333334 9.894898307998861
9.6368125 9.813027313146394
9.647479166666667 9.738325118602809
9.658145833333334 9.91132760735399
9.6688125 10.093970350334235
9.679479166666667 9.933270038318172
9.690145833333334 9.845451749789467
9.7008125 9.826803585665573
9.711479166666667 9.848982870870298
9.722145833333334 10.035897745561117
9.7328125 10.592249935760563
9.743479166666667 10.97519688790225
9.754145833333334 10.928786633532946
9.7648125 10.49520166034361
9.775479166666667 10.098274549934558
9.786145833333334 10.064023015991378
9.7968125 10.297242689674073
9.807479166666667 10.33802426286445
9.818145833333332 10.213378066863987
9.8288125 10.206282172364515
9.839479166666667 9.980936830342094
9.850145833333332 9.772252021515783
9.8608125 9.630628029447639
9.871479166666667 9.778291221246892
9.882145833333333 10.605683967031489
9.8928125 10.979381598737788
9.903479166666667 10.257978753120762
9.914145833333333 9.774797047326267
9.9248125 9.602137611523824
9.935479166666667 9.397349003126308
9.946145833333333 9.533612319467379
9.9568125 9.630255998132347
9.967479166666667 9.557808198775259
9.978145833333333 9.662452734374359
9.9888125 9.769438777414992
9.999479166666667 9.696081074304063
10.010145833333333 9.718657811453754
10.0208125 9.935218202999668
10.031479166666667 10.01692247430155
10.042145833333333 10.677798889694214
10.0528125 11.04478999972681
10.063479166666667 10.647494953000328
10.074145833333333 10.38893628750397
