mean: 225.95659103621813 std: 76.81297569873698
0.02462499999999956 --undefined--
0.03462499999999956 --undefined--
0.04462499999999956 --undefined--
0.05462499999999956 --undefined--
0.06462499999999956 --undefined--
0.07462499999999957 --undefined--
0.08462499999999956 --undefined--
0.09462499999999957 --undefined--
0.10462499999999957 --undefined--
0.11462499999999956 --undefined--
0.12462499999999957 --undefined--
0.13462499999999955 253.0269000564674
0.14462499999999956 260.1472151144361
0.15462499999999957 257.20909837551113
0.16462499999999958 253.69354639322407
0.17462499999999956 252.24941076347392
0.18462499999999957 250.49146827594527
0.19462499999999958 249.2711643440625
0.20462499999999956 248.8609065188387
0.21462499999999957 248.98517259798078
0.22462499999999958 248.0970078385221
0.23462499999999956 246.3021933347035
0.24462499999999957 244.3094771154377
0.25462499999999955 243.00233234039484
0.26462499999999956 243.36925908472148
0.27462499999999956 243.2997308915698
0.2846249999999996 242.23329627244743
0.2946249999999996 241.55936310530512
0.3046249999999996 241.5105131789842
0.31462499999999954 241.43345090318564
0.32462499999999955 240.48521199923488
0.33462499999999956 239.77706115981783
0.34462499999999957 238.78676499293934
0.3546249999999996 237.44625576181562
0.3646249999999996 236.4070679674338
0.3746249999999996 234.68660104262744
0.38462499999999955 232.67105732900222
0.39462499999999956 231.23207559720848
0.40462499999999957 230.30009754082892
0.4146249999999996 230.53475355907406
0.4246249999999996 231.70309268962666
0.4346249999999996 232.07954398729086
0.44462499999999955 232.35638369709437
0.45462499999999956 231.0719721249008
0.46462499999999957 227.71040594511132
0.4746249999999996 218.57031493638598
0.4846249999999996 212.28091240578098
0.4946249999999996 --undefined--
0.5046249999999995 --undefined--
0.5146249999999996 --undefined--
0.5246249999999996 --undefined--
0.5346249999999996 --undefined--
0.5446249999999996 --undefined--
0.5546249999999996 --undefined--
0.5646249999999996 --undefined--
0.5746249999999996 --undefined--
0.5846249999999996 --undefined--
0.5946249999999996 237.06640089456832
0.6046249999999995 236.7884533851663
0.6146249999999995 222.0351588345791
0.6246249999999995 212.6078307778487
0.6346249999999996 208.21154560699148
0.6446249999999996 204.73669640783712
0.6546249999999996 202.41064636995003
0.6646249999999996 201.26363039376034
0.6746249999999996 201.2219615143714
0.6846249999999996 201.54479257461603
0.6946249999999996 201.5669066350918
0.7046249999999996 201.90169120884536
0.7146249999999996 202.67753450899136
0.7246249999999996 205.15670847020746
0.7346249999999995 209.3244679359193
0.7446249999999995 214.70684716986185
0.7546249999999995 219.50073224042782
0.7646249999999996 222.94812829539146
0.7746249999999996 225.9415014431517
0.7846249999999996 225.02342967123442
0.7946249999999996 220.88114269843587
0.8046249999999996 218.98956586886058
0.8146249999999996 231.26896619973397
0.8246249999999996 243.1448699297811
0.8346249999999996 238.54718396607697
0.8446249999999996 237.62355912912338
0.8546249999999996 237.65011752221346
0.8646249999999995 233.38303679434324
0.8746249999999995 223.66161769714842
0.8846249999999996 215.14844954880564
0.8946249999999996 210.6759639608844
0.9046249999999996 205.0044704691885
0.9146249999999996 197.68382214420333
0.9246249999999996 192.34481766661403
0.9346249999999996 186.32801006117037
0.9446249999999996 182.2256445549669
0.9546249999999996 179.49947114223818
0.9646249999999996 181.7439392580083
0.9746249999999996 187.38687027262495
0.9846249999999995 190.47781487524364
0.9946249999999995 190.66055482322642
1.0046249999999994 190.26655401514037
1.0146249999999994 189.44381760339812
1.0246249999999995 187.89346059216538
1.0346249999999995 183.94166120115207
1.0446249999999995 180.609626929914
1.0546249999999995 177.2574926912581
1.0646249999999995 177.8754183887228
1.0746249999999995 183.77469584752103
1.0846249999999995 186.3019377602571
1.0946249999999995 185.4288198676283
1.1046249999999995 183.85282872447755
1.1146249999999995 181.74450972772613
1.1246249999999995 179.85788973193746
1.1346249999999996 178.40307484486183
1.1446249999999996 177.78593141293945
1.1546249999999996 177.21827402769304
1.1646249999999996 176.1251957351839
1.1746249999999996 175.29648581334797
1.1846249999999994 174.85149555146842
1.1946249999999994 174.88957062765988
1.2046249999999994 173.7138130468581
1.2146249999999994 172.32771729261694
1.2246249999999994 171.6810069726727
1.2346249999999994 171.69217706676636
1.2446249999999994 171.80276858492888
1.2546249999999994 172.0353201780772
1.2646249999999994 172.69602508636
1.2746249999999995 --undefined--
1.2846249999999995 --undefined--
1.2946249999999995 --undefined--
1.3046249999999995 --undefined--
1.3146249999999995 --undefined--
1.3246249999999995 --undefined--
1.3346249999999995 494.72444104898113
1.3446249999999995 492.4002508793899
1.3546249999999995 489.6889922890775
1.3646249999999995 --undefined--
1.3746249999999995 --undefined--
1.3846249999999996 --undefined--
1.3946249999999996 --undefined--
1.4046249999999996 --undefined--
1.4146249999999996 227.63576236606582
1.4246249999999996 214.83184499034968
1.4346249999999994 206.6757134812144
1.4446249999999994 204.2590121655283
1.4546249999999994 205.5814060341625
1.4646249999999994 206.50306518480525
1.4746249999999994 --undefined--
1.4846249999999994 --undefined--
1.4946249999999994 --undefined--
1.5046249999999994 --undefined--
1.5146249999999994 --undefined--
1.5246249999999995 --undefined--
1.5346249999999995 --undefined--
1.5446249999999995 --undefined--
1.5546249999999995 --undefined--
1.5646249999999995 --undefined--
1.5746249999999995 --undefined--
1.5846249999999995 --undefined--
1.5946249999999995 --undefined--
1.6046249999999995 239.44215929139438
1.6146249999999995 234.56205525316113
1.6246249999999995 223.5307114749124
1.6346249999999996 223.61360112958852
1.6446249999999996 220.90726801234348
1.6546249999999996 214.5455677599808
1.6646249999999996 212.32972620123056
1.6746249999999996 211.67248349025218
1.6846249999999996 207.52566060925716
1.6946249999999994 205.65200991902455
1.7046249999999994 193.12678729396242
1.7146249999999994 193.56628928165537
1.7246249999999994 181.1509608763671
1.7346249999999994 --undefined--
1.7446249999999994 --undefined--
1.7546249999999994 --undefined--
1.7646249999999994 205.44625692126687
1.7746249999999995 206.80654722318823
1.7846249999999995 195.3153607654516
1.7946249999999995 191.0801493219079
1.8046249999999995 185.2210296584099
1.8146249999999995 179.4628628849583
1.8246249999999995 174.80452156850765
1.8346249999999995 170.64096869478993
1.8446249999999995 167.4747308802561
1.8546249999999995 165.1247779947007
1.8646249999999995 165.1310411124642
1.8746249999999995 167.1769137406154
1.8846249999999996 185.61531540165382
1.8946249999999996 204.36133273175176
1.9046249999999996 206.9247714129116
1.9146249999999996 214.95924966907128
1.9246249999999996 224.99221761326237
1.9346249999999996 225.5980389451851
1.9446249999999994 --undefined--
1.9546249999999994 --undefined--
1.9646249999999994 --undefined--
1.9746249999999994 --undefined--
1.9846249999999994 --undefined--
1.9946249999999994 --undefined--
2.0046249999999994 --undefined--
2.0146249999999997 --undefined--
2.0246249999999995 --undefined--
2.0346249999999997 --undefined--
2.0446249999999995 --undefined--
2.0546249999999997 --undefined--
2.0646249999999995 --undefined--
2.0746249999999993 --undefined--
2.0846249999999995 215.71497921349894
2.0946249999999993 204.32298019163807
2.1046249999999995 196.09520622135278
2.1146249999999993 191.4443053044494
2.1246249999999995 186.26731034867663
2.1346249999999993 187.15949781462933
2.1446249999999996 185.56082116334096
2.1546249999999993 184.2848361828451
2.1646249999999996 183.896020674025
2.1746249999999994 183.61380563666538
2.1846249999999996 182.74469836456717
2.1946249999999994 181.70813852263723
2.2046249999999996 180.75532895959412
2.2146249999999994 179.66719705271046
2.2246249999999996 178.58853949503862
2.2346249999999994 178.43359101017225
2.2446249999999996 179.37663931245459
2.2546249999999994 180.64817031482764
2.2646249999999997 181.92321651142495
2.2746249999999995 182.66316966320102
2.2846249999999997 182.81123350333777
2.2946249999999995 182.94224238064035
2.3046249999999997 182.79659044813175
2.3146249999999995 182.7074283234657
2.3246249999999997 182.55247443860787
2.3346249999999995 182.56763720615828
2.3446249999999993 184.7575266979994
2.3546249999999995 186.67759731453316
2.3646249999999993 190.46923537847934
2.3746249999999995 195.49743144728777
2.3846249999999993 201.66556552227416
2.3946249999999996 209.50401707243523
2.4046249999999993 213.10322695534765
2.4146249999999996 219.14063893329535
2.4246249999999994 231.631221544311
2.4346249999999996 240.12626769017226
2.4446249999999994 245.21266829285295
2.4546249999999996 246.58755100836848
2.4646249999999994 244.4893841888147
2.4746249999999996 242.40379924906603
2.4846249999999994 236.7983536644962
2.4946249999999996 221.46712617159764
2.5046249999999994 208.90025878442515
2.5146249999999997 209.44319666842668
2.5246249999999995 --undefined--
2.5346249999999997 --undefined--
2.5446249999999995 --undefined--
2.5546249999999997 --undefined--
2.5646249999999995 163.07210147071524
2.5746249999999997 165.37937583908422
2.5846249999999995 165.4603393480461
2.5946249999999993 165.68521818014185
2.6046249999999995 --undefined--
2.6146249999999993 --undefined--
2.6246249999999995 --undefined--
2.6346249999999993 498.12695810488816
2.6446249999999996 465.68907043917153
2.6546249999999993 471.48311344939447
2.6646249999999996 400.4237763506482
2.6746249999999994 489.2082970254749
2.6846249999999996 484.8454196196754
2.6946249999999994 480.74356612681896
2.7046249999999996 --undefined--
2.7146249999999994 --undefined--
2.7246249999999996 --undefined--
2.7346249999999994 457.6685911528697
2.7446249999999996 488.68000988096463
2.7546249999999994 484.2306371679699
2.7646249999999997 --undefined--
2.7746249999999995 --undefined--
2.7846249999999997 --undefined--
2.7946249999999995 --undefined--
2.8046249999999997 --undefined--
2.8146249999999995 --undefined--
2.8246249999999997 --undefined--
2.8346249999999995 --undefined--
2.8446249999999993 99.82092981863148
2.8546249999999995 101.4361094939541
2.8646249999999993 107.0860451299171
2.8746249999999995 107.49101979818947
2.8846249999999993 --undefined--
2.8946249999999996 --undefined--
2.9046249999999993 --undefined--
2.9146249999999996 245.95708852287964
2.9246249999999994 251.76346817921092
2.9346249999999996 259.6998544489703
2.9446249999999994 273.93619736499073
2.9546249999999996 290.4241449950751
2.9646249999999994 309.04282907645677
2.9746249999999996 308.1669353054267
2.9846249999999994 484.5272610157329
2.9946249999999996 486.31838189304926
3.0046249999999994 490.49130346448914
3.0146249999999997 493.45271533855066
3.0246249999999995 --undefined--
3.0346249999999997 --undefined--
3.0446249999999995 --undefined--
3.0546249999999997 --undefined--
3.0646249999999995 --undefined--
3.0746249999999997 --undefined--
3.0846249999999995 472.9992529567821
3.0946249999999997 468.5395206965064
3.1046249999999995 474.66680021710744
3.1146249999999993 --undefined--
3.1246249999999995 --undefined--
3.1346249999999993 --undefined--
3.1446249999999996 --undefined--
3.1546249999999993 336.15600279361314
3.1646249999999996 --undefined--
3.1746249999999994 --undefined--
3.1846249999999996 419.9703830390633
3.1946249999999994 --undefined--
3.2046249999999996 493.1177073263213
3.2146249999999994 495.945905847371
3.2246249999999996 408.2666435201216
3.2346249999999994 --undefined--
3.2446249999999996 --undefined--
3.2546249999999994 --undefined--
3.2646249999999997 --undefined--
3.2746249999999995 --undefined--
3.2846249999999997 --undefined--
3.2946249999999995 --undefined--
3.3046249999999997 --undefined--
3.3146249999999995 --undefined--
3.3246249999999997 --undefined--
3.3346249999999995 --undefined--
3.3446249999999997 --undefined--
3.3546249999999995 --undefined--
3.3646249999999993 --undefined--
3.3746249999999995 --undefined--
3.3846249999999993 --undefined--
3.3946249999999996 --undefined--
3.4046249999999993 --undefined--
3.4146249999999996 --undefined--
3.4246249999999994 --undefined--
3.4346249999999996 --undefined--
3.4446249999999994 213.39432285227062
3.4546249999999996 212.52172751424337
3.4646249999999994 198.80071031207555
3.4746249999999996 196.153933820131
3.4846249999999994 197.0396219267947
3.4946249999999996 200.23423806739947
3.5046249999999994 200.25531889229813
3.5146249999999997 198.7444963359389
3.5246249999999995 196.3256896971192
3.5346249999999997 195.67686822932941
3.5446249999999995 194.83897269651777
3.5546249999999997 194.76720405238825
3.5646249999999995 194.00012638036682
3.5746249999999997 194.0699805656138
3.5846249999999995 193.78215595579059
3.5946249999999997 193.1849691853016
3.6046249999999995 192.67248700229592
3.6146249999999993 190.12687217451108
3.6246249999999995 188.28487893711247
3.6346249999999993 186.87175327834942
3.6446249999999996 184.8240981944702
3.6546249999999993 182.81186833785424
3.6646249999999996 184.76729492384854
3.6746249999999994 185.61981591571342
3.6846249999999996 184.8472077484816
3.6946249999999994 183.7425455418586
3.7046249999999996 181.4689557854657
3.7146249999999994 179.32454509928593
3.7246249999999996 178.21110550341453
3.7346249999999994 177.72373460635353
3.7446249999999996 179.15436113106364
3.7546249999999994 179.02781514121654
3.7646249999999997 183.50033205502064
3.7746249999999995 188.40122864651505
3.7846249999999997 191.10074568414794
3.7946249999999995 190.69031376180126
3.8046249999999997 189.02762080810626
3.8146249999999995 187.21050016391993
3.8246249999999997 186.94694386325517
3.8346249999999995 187.02690909328942
3.8446249999999997 188.5642493581631
3.8546249999999995 192.74681111048798
3.8646249999999993 197.01137185334895
3.8746249999999995 201.06917026027736
3.8846249999999993 203.72007120549046
3.8946249999999996 193.80049412842433
3.9046249999999993 181.92039173966066
3.9146249999999996 180.71224540740118
3.9246249999999994 178.76428664547439
3.9346249999999996 177.2649080354941
3.9446249999999994 183.98777048777535
3.9546249999999996 196.1252657801663
3.9646249999999994 214.16045826579008
3.9746249999999996 210.78756896679104
3.9846249999999994 206.64814958546563
3.9946249999999996 204.39579383232143
4.004625 201.8300456488959
4.014625 199.73261479779538
4.0246249999999995 197.42326333768906
4.034624999999999 192.68098763472508
4.044625 187.63200914543933
4.054625 181.59759196063368
4.0646249999999995 177.06277703997347
4.074624999999999 184.38223404848384
4.084625 194.94481430305797
4.094625 203.40993721273713
4.1046249999999995 207.53262341463196
4.114624999999999 208.16998320750068
4.124624999999999 207.1067062060163
4.134625 205.70577557055145
4.144625 204.5802688503906
4.154624999999999 202.3571971541452
4.164624999999999 198.76056737685911
4.174625 199.47874729190445
4.184625 201.5419995923169
4.194624999999999 205.99764459174887
4.204624999999999 212.8355147910465
4.214625 221.955981175243
4.224625 230.5150089306625
4.234624999999999 238.94920973720113
4.244624999999999 249.22384635557816
4.254625 257.60436030320176
4.264625 264.28378529364755
4.2746249999999995 269.73498463419975
4.284624999999999 273.46363272186977
4.294625 270.68661181132967
4.304625 --undefined--
4.3146249999999995 --undefined--
4.324624999999999 --undefined--
4.334625 --undefined--
4.344625 --undefined--
4.3546249999999995 --undefined--
4.364624999999999 --undefined--
4.374625 190.93327447830134
4.384625 192.74250942312918
4.394625 191.67431364828371
4.404624999999999 192.2533320612505
4.414624999999999 191.8880626317311
4.424625 190.9013129892737
4.434625 189.59612148509515
4.444624999999999 188.56115516301523
4.454624999999999 187.25156331371215
4.464625 186.41567876596946
4.474625 186.64224375842036
4.484624999999999 187.04680489823613
4.494624999999999 186.4744488861523
4.504625 184.88736491953853
4.514625 --undefined--
4.5246249999999995 --undefined--
4.534624999999999 --undefined--
4.544625 --undefined--
4.554625 --undefined--
4.5646249999999995 --undefined--
4.574624999999999 --undefined--
4.584625 --undefined--
4.594625 --undefined--
4.6046249999999995 --undefined--
4.614624999999999 --undefined--
4.624625 --undefined--
4.634625 --undefined--
4.644625 --undefined--
4.654624999999999 --undefined--
4.664624999999999 --undefined--
4.674625 203.05805639963455
4.684625 196.61222597338508
4.694624999999999 191.02543743614618
4.704624999999999 188.36693214178402
4.714625 187.40148041227422
4.724625 187.52978086182085
4.734624999999999 188.06876988395368
4.744624999999999 188.27062495162158
4.754625 188.32413143955134
4.764625 188.89724195448153
4.7746249999999995 191.39611365206613
4.784624999999999 197.8070466159318
4.794625 208.70151288448272
4.804625 215.27109379709688
4.8146249999999995 217.08206981255904
4.824624999999999 216.58517057338761
4.834625 --undefined--
4.844625 --undefined--
4.8546249999999995 --undefined--
4.864624999999999 --undefined--
4.874625 --undefined--
4.884625 --undefined--
4.894625 479.4525407909846
4.904624999999999 372.6477848323645
4.914624999999999 221.63820125879676
4.924625 213.92743665754296
4.934625 202.13446658780046
4.944624999999999 192.92595007179418
4.954624999999999 185.89959546896355
4.964625 183.53893257946663
4.974625 179.48850232277408
4.984624999999999 173.64009061231113
4.994624999999999 172.50127961661346
5.004625 172.33698369375347
5.014625 173.187563869562
5.0246249999999995 174.61354644526014
5.034624999999999 175.92063302034788
5.044625 175.93260113593146
5.054625 175.0891227682911
5.0646249999999995 174.33322222182133
5.074624999999999 173.59297889083382
5.084625 173.05831958894328
5.094625 172.85781012194133
5.1046249999999995 173.16416870462672
5.114624999999999 173.15171543288193
5.124625 172.58913751428267
5.134625 172.4186224592374
5.144625 172.93279309153317
5.154624999999999 173.23105305658154
5.164624999999999 173.77813494629868
5.174625 173.39225181465054
5.184625 173.00858530804123
5.194624999999999 173.18018936773169
5.204624999999999 179.87626035812394
5.214625 177.75182029147035
5.224625 181.0755348061921
5.234624999999999 180.02336395550176
5.244624999999999 176.19859532874094
5.254625 176.96478854655138
5.264625 --undefined--
5.2746249999999995 93.40706052370243
5.284624999999999 92.20353594297357
5.294625 91.83414701130846
5.304625 92.8768825932083
5.3146249999999995 --undefined--
5.324624999999999 --undefined--
5.334625 --undefined--
5.344625 --undefined--
5.3546249999999995 384.23146024153266
5.364624999999999 475.161970329367
5.374625 474.3584521411881
5.384625 --undefined--
5.394625 --undefined--
5.404624999999999 --undefined--
5.414624999999999 --undefined--
5.424625 --undefined--
5.434625 --undefined--
5.444624999999999 --undefined--
5.454624999999999 --undefined--
5.464625 203.01868516508532
5.474625 196.74536286555215
5.484624999999999 191.10037598753993
5.494624999999999 187.01758849781683
5.504625 183.9340179530549
5.514625 183.17856089490897
5.5246249999999995 184.90064117452334
5.534624999999999 184.02194216042471
5.544625 183.71262056284908
5.554625 183.90573311302083
5.5646249999999995 184.3425566221647
5.574624999999999 184.76362348493305
5.584625 183.40959897771165
5.594625 182.05675184861573
5.6046249999999995 180.92155346850643
5.614624999999999 180.37849135571844
5.624625 179.7290710799565
5.634625 180.32704594309246
5.644625 181.20379187795822
5.654624999999999 181.54929594682557
5.664624999999999 180.9337953637383
5.674625 181.54245980791475
5.684625 --undefined--
5.694624999999999 --undefined--
5.704624999999999 --undefined--
5.714625 --undefined--
5.724625 --undefined--
5.734624999999999 --undefined--
5.744624999999999 --undefined--
5.754625 --undefined--
5.764625 --undefined--
5.7746249999999995 --undefined--
5.784624999999999 --undefined--
5.794625 --undefined--
5.804625 --undefined--
5.8146249999999995 --undefined--
5.824624999999999 --undefined--
5.834625 --undefined--
5.844625 443.18355338724666
5.8546249999999995 449.4973774266317
5.864624999999999 450.7449297266392
5.874625 499.66668475841726
5.884625 489.8465869853637
5.894625 482.85972261935405
5.904624999999999 --undefined--
5.914624999999999 --undefined--
5.924625 --undefined--
5.934625 213.54654931231664
5.944624999999999 205.32129303094166
5.954624999999999 202.87334918244764
5.964625 199.03371911787335
5.974625 194.86992729276062
5.984624999999999 191.55790751034888
5.994624999999999 192.8713768963846
6.004625 191.4205831163925
6.014625 190.6702359636544
6.0246249999999995 192.26849737110334
6.034624999999999 192.85892386310366
6.044625 192.85224856407334
6.054625 193.46995315845354
6.0646249999999995 193.7463039037887
6.074624999999999 193.99339306896815
6.084625 194.40083307279886
6.094625 194.47012861315176
6.1046249999999995 192.9423500291322
6.114624999999999 189.59249771201507
6.124625 188.21442648518126
6.134625 179.92921023980833
6.144625 182.3725612062353
6.154624999999999 184.34923448892332
6.164625 186.5655858763274
6.174625 195.81062623677863
6.184625 193.039261078223
6.194624999999999 193.02436637190067
6.204624999999999 192.23026018244065
6.214625 190.00787475744642
6.224625 187.31259006286
6.234624999999999 185.18900075196845
6.244624999999999 184.03814300760598
6.254625 181.2646646005702
6.264625 175.35889134529484
6.2746249999999995 175.09959269983267
6.284624999999999 180.30613592420153
6.294625 189.02932349048112
6.304625 193.9838666933853
6.3146249999999995 194.9092342019722
6.324624999999999 193.46400281036034
6.334625 192.16101990702956
6.344625 191.65952908185247
6.3546249999999995 191.61386072692773
6.364624999999999 191.33432665908245
6.374625 191.73977006697024
6.384625 191.7934194737675
6.394625 192.17678931158474
6.404624999999999 192.2691625257348
6.414625 192.2926110940993
6.424625 192.19272562028564
6.434625 192.16837182865802
6.444624999999999 192.21736061326192
6.454624999999999 191.61009260049758
6.464625 191.09076166972426
6.474625 193.03367308574946
6.484624999999999 183.82772173551507
6.494624999999999 182.257229798467
6.504625 --undefined--
6.514625 --undefined--
6.5246249999999995 --undefined--
6.534624999999999 --undefined--
6.544625 --undefined--
6.554625 184.5162126832743
6.5646249999999995 193.7096575762514
6.574624999999999 197.82127878748128
6.584625 196.50017116309033
6.594625 194.92634366947345
6.6046249999999995 193.68857935383966
6.614624999999999 198.58068600100296
6.624625 199.49187150101525
6.634625 200.53532063285547
6.644625 201.20398308262173
6.654624999999999 201.68402756074173
6.664625 200.54728342842245
6.674625 195.11745720756338
6.684625 188.31452235729296
6.694624999999999 189.3536165560138
6.704624999999999 197.05223759976428
6.714625 198.1427633034863
6.724625 196.46447648481922
6.734624999999999 196.94013475158587
6.744624999999999 201.34302272747604
6.754625 205.46318636012325
6.764625 204.8887530925517
6.7746249999999995 201.4944364683648
6.784624999999999 195.09834258062858
6.794625 --undefined--
6.804625 --undefined--
6.8146249999999995 --undefined--
6.824624999999999 --undefined--
6.834625 --undefined--
6.844625 --undefined--
6.8546249999999995 --undefined--
6.864624999999999 394.68754693138766
6.874625 402.1156327053388
6.884625 401.06095781555626
6.894625 247.10278403568756
6.904624999999999 236.50901922143476
6.914625 226.19884846235433
6.924625 218.63441533629648
6.934625 218.86384471166218
6.944624999999999 219.87922534938394
6.954624999999999 214.64018724007178
6.964625 217.89882105455308
6.974625 215.60166375589873
6.984624999999999 210.61780009577143
6.994624999999999 214.51658618046972
7.004625 246.4765722558931
7.014625 282.99963382224433
7.0246249999999995 291.54960511709527
7.034624999999999 --undefined--
7.044625 --undefined--
7.054625 --undefined--
7.0646249999999995 --undefined--
7.074624999999999 --undefined--
7.084625 --undefined--
7.094625 --undefined--
7.1046249999999995 --undefined--
7.114624999999999 --undefined--
7.124625 --undefined--
7.134625 --undefined--
7.144625 --undefined--
7.154624999999999 239.6354608001705
7.164625 234.28213662193292
7.174625 233.37631314728446
7.184625 231.79076437803639
7.194624999999999 229.13988181497052
7.204624999999999 227.42824004838133
7.214625 227.52732412697912
7.224625 228.39941671170808
7.234624999999999 229.958121692373
7.244624999999999 230.72315220989321
7.254625 231.50014023588034
7.264625 232.0993583386921
7.2746249999999995 232.70646483345746
7.284624999999999 233.035932386015
7.294625 233.87009678287907
7.304625 235.13961498994573
7.3146249999999995 237.41249185626174
7.324624999999999 240.10760493545493
7.334625 242.6612776273047
7.344625 243.23547981257406
7.3546249999999995 241.33254013989665
7.364624999999999 242.9318154939899
7.374625 246.66275125247188
7.384625 247.39803566105175
7.394625 248.24607475234885
7.404624999999999 249.21383623830562
7.414625 250.54662474997468
7.424625 254.24607007547493
7.434625 255.5772647723786
7.444624999999999 255.96422941039094
7.454624999999999 256.2391982896311
7.464625 255.49259905085208
7.474625 253.2333379224801
7.484624999999999 253.7345974809637
7.494624999999999 253.30509196796888
7.504625 255.05905622947128
7.514625 258.47056552144136
7.5246249999999995 256.37735991359756
7.534624999999999 253.41715705300876
7.544625 254.77932458921032
7.554625 254.1802648497297
7.5646249999999995 254.14322083456426
7.574624999999999 254.8658778031355
7.584625 258.7676587163239
7.594625 264.25119996264516
7.6046249999999995 266.9436544772455
7.614624999999999 270.4358483454659
7.624625 276.04603627076165
7.634625 284.3872400922808
7.644625 293.58188696448786
7.654624999999999 304.60001702461864
7.664625 318.60467050851895
7.674625 336.404318797376
7.684625 352.80440701246835
7.694624999999999 370.99692046017145
7.704624999999999 391.86065533625515
7.714625 408.51732879145277
7.724625 423.4689312719079
7.734624999999999 437.9196401720342
7.744624999999999 447.44964790525836
7.754625 449.7495848100851
7.764625 444.5372146192792
7.7746249999999995 432.89581381472755
7.784624999999999 420.1206486101766
7.794625 438.5409905247152
7.804625 --undefined--
7.8146249999999995 --undefined--
7.824624999999999 --undefined--
7.834625 --undefined--
7.844625 --undefined--
7.8546249999999995 --undefined--
7.864624999999999 --undefined--
7.874625 --undefined--
7.884625 --undefined--
7.894625 --undefined--
7.904624999999999 --undefined--
7.914625 --undefined--
7.924625 --undefined--
7.934625 --undefined--
7.944624999999999 --undefined--
7.954625 --undefined--
7.964625 --undefined--
7.974625 --undefined--
7.984624999999999 --undefined--
7.994624999999999 --undefined--
8.004625 --undefined--
8.014625 --undefined--
8.024625 --undefined--
8.034625 --undefined--
8.044625 213.81760055880036
8.054625 209.57393230637425
8.064625000000001 204.68903361594062
8.074625000000001 206.7229569510966
8.084625 --undefined--
8.094625 --undefined--
8.104625 --undefined--
8.114625 --undefined--
8.124625 --undefined--
8.134625 --undefined--
8.144625000000001 --undefined--
8.154625000000001 --undefined--
