Time_s   Intensity_dB
0.068812   10.552786
0.084812   10.852801
0.100812   10.751669
0.116812   10.732527
0.132812   10.550291
0.148812   10.164090
0.164812   10.085132
0.180812   10.291077
0.196812   10.226209
0.212812   10.082636
0.228812   10.297163
0.244812   10.411974
0.260812   10.334885
0.276812   10.049285
0.292812   9.724526
0.308812   9.644785
0.324812   9.583744
0.340812   9.676284
0.356812   10.081519
0.372812   10.387295
0.388812   10.242589
0.404812   9.907694
0.420812   10.125344
0.436812   10.415315
0.452812   10.115469
0.468812   9.596025
0.484812   9.821542
0.500812   10.433319
0.516812   10.587163
0.532812   10.483393
0.548812   10.046647
0.564812   9.669043
0.580812   10.004675
0.596812   10.082534
0.612812   9.987868
0.628813   9.990851
0.644813   10.181643
0.660812   10.141986
0.676812   9.901516
0.692812   9.553161
0.708812   9.579920
0.724812   9.904593
0.740812   9.830597
0.756813   9.968721
0.772812   10.505304
0.788812   10.737605
0.804812   10.459276
0.820812   9.836391
0.836812   9.755076
0.852812   10.281421
0.868812   21.036891
0.884813   41.744011
0.900813   57.832095
0.916812   67.001978
0.932812   71.437203
0.948812   72.432155
0.964812   71.542362
0.980812   69.781884
0.996812   68.807277
1.012812   71.635247
1.028812   74.482377
1.044812   76.490250
1.060812   77.459540
1.076813   76.424373
1.092813   73.927376
1.108813   74.028536
1.124813   75.548933
1.140813   74.317048
1.156813   70.745171
1.172813   68.501081
1.188813   69.238230
1.204813   71.003855
1.220813   73.737175
1.236812   78.075492
1.252812   81.068845
1.268812   82.194703
1.284812   82.260791
1.300812   82.504384
1.316812   82.505898
1.332813   82.499702
1.348813   82.961162
1.364813   82.557038
1.380813   80.557383
1.396813   78.240697
1.412813   78.050414
1.428813   78.759727
1.444813   79.108665
1.460813   78.216108
1.476812   76.192867
1.492812   73.783107
1.508812   74.552523
1.524812   77.527156
1.540812   79.181394
1.556812   79.172914
1.572812   78.494124
1.588813   78.238293
1.604813   78.138211
1.620813   76.971330
1.636813   75.762574
1.652813   77.533705
1.668813   79.738433
1.684813   80.405788
1.700813   80.267505
1.716813   79.490350
1.732813   79.291420
1.748812   79.958029
1.764812   80.540006
1.780812   81.425781
1.796812   81.163043
1.812812   79.086053
1.828813   77.312882
1.844813   76.806188
1.860813   75.253703
1.876813   73.507195
1.892813   75.375677
1.908813   75.846990
1.924813   73.508471
1.940813   70.153230
1.956813   71.335466
1.972813   76.571713
1.988812   79.523587
2.004812   80.484764
2.020812   80.836847
2.036812   80.059200
2.052812   76.752152
2.068812   71.552566
2.084813   68.236677
2.100813   68.950025
2.116813   74.088421
2.132813   77.834058
2.148813   79.144340
2.164813   78.217258
2.180813   75.471492
2.196813   72.463345
2.212813   71.289980
2.228813   70.617680
2.244813   70.142297
2.260813   70.791148
2.276813   72.799589
2.292813   75.998701
2.308813   77.253536
2.324813   76.228582
2.340813   74.884672
2.356813   74.302203
2.372813   73.492858
2.388812   72.523777
2.404812   73.057325
2.420812   74.307486
2.436812   74.662083
2.452812   74.155583
2.468812   72.688008
2.484812   71.357423
2.500812   71.163398
2.516812   71.492175
2.532812   71.985157
2.548812   72.262125
2.564812   71.692410
2.580813   71.211997
2.596813   70.897997
2.612813   70.273793
2.628813   69.931255
2.644813   69.298892
2.660813   68.292479
2.676813   67.772125
2.692813   67.715705
2.708813   68.193890
2.724813   69.515869
2.740813   70.551109
2.756813   70.103178
2.772813   67.594600
2.788813   63.148529
2.804813   58.544429
2.820813   55.685579
2.836813   53.744607
2.852813   51.951806
2.868813   50.596730
2.884812   49.980239
2.900812   48.998798
2.916812   47.343632
2.932812   45.441115
2.948812   43.419863
2.964812   42.688044
2.980812   43.458926
2.996812   43.820010
3.012812   43.065038
3.028812   41.880570
3.044812   41.514582
3.060812   41.545547
3.076813   41.474275
3.092813   41.515105
3.108813   45.788899
3.124813   57.064229
3.140813   65.207956
3.156813   69.928502
3.172813   72.126997
3.188813   72.704894
3.204813   73.136351
3.220813   74.622541
3.236813   76.226701
3.252813   76.997562
3.268813   77.104407
3.284813   76.535614
3.300813   74.275801
3.316813   70.103909
3.332813   66.536062
3.348813   64.920672
3.364813   63.203906
3.380813   61.167744
3.396813   59.866568
3.412812   67.410547
3.428812   74.975245
3.444812   79.051934
3.460812   81.787839
3.476812   84.160727
3.492812   84.970233
3.508812   83.932607
3.524812   81.811497
3.540812   79.978926
3.556812   79.175200
3.572812   79.000157
3.588813   78.866106
3.604813   77.967261
3.620813   76.641776
3.636813   75.593245
3.652813   76.503067
3.668813   79.109524
3.684813   80.723535
3.700813   81.720794
3.716813   82.065736
3.732813   81.409181
3.748813   80.893924
3.764813   81.200970
3.780813   81.519753
3.796813   81.331078
3.812813   80.581179
3.828813   79.757182
3.844813   79.205162
3.860813   80.296596
3.876813   81.699034
3.892813   81.831856
3.908812   81.080228
3.924812   81.249894
3.940812   82.201945
3.956812   82.031345
3.972812   79.991144
3.988812   76.683277
4.004812   73.636964
4.020812   71.778349
4.036812   69.790286
4.052812   67.694011
4.068812   67.412121
4.084813   72.971532
4.100813   78.803565
4.116813   81.572236
4.132813   81.369216
4.148813   80.172735
4.164813   79.719774
4.180813   78.231465
4.196813   75.468340
4.212813   72.601008
4.228813   69.619852
4.244813   68.245030
4.260813   69.447046
4.276813   69.867602
4.292813   67.612630
4.308813   62.851660
4.324813   57.948843
4.340813   55.429073
4.356813   55.967185
4.372813   58.086861
4.388813   59.513936
4.404813   60.573099
4.420813   64.757084
4.436813   70.944703
4.452813   75.730394
4.468813   78.357551
4.484813   78.947499
4.500813   78.284020
4.516813   77.187946
4.532813   75.261607
4.548813   72.164624
4.564813   69.342420
4.580813   67.468373
4.596813   69.793792
4.612813   74.412378
4.628813   77.476498
4.644813   78.706072
4.660813   78.388065
4.676813   77.446998
4.692812   77.002814
4.708812   77.193501
4.724812   77.720479
4.740812   77.869565
4.756812   76.631417
4.772812   74.237798
4.788812   73.090259
4.804812   72.401244
4.820812   69.950408
4.836812   69.203259
4.852812   71.839065
4.868812   72.054673
4.884812   68.983179
4.900812   65.163896
4.916812   62.904523
4.932812   60.879914
4.948812   64.782617
4.964812   71.372947
4.980812   75.038006
4.996812   76.405558
5.012812   76.798550
5.028812   76.809859
5.044812   76.514557
5.060812   76.321293
5.076813   76.397426
5.092813   76.136226
5.108813   75.345291
5.124813   73.733237
5.140813   71.627405
5.156813   70.273658
5.172813   69.777235
5.188813   69.835370
5.204813   69.399976
5.220813   68.309505
5.236813   67.721053
5.252813   68.307460
5.268813   69.786158
5.284813   71.412812
5.300813   72.310943
5.316813   72.593070
5.332813   73.091357
5.348813   74.077746
5.364813   74.273168
5.380813   72.622341
5.396813   69.307980
5.412813   66.590198
5.428813   65.232016
5.444813   62.706219
5.460813   59.472596
5.476813   57.005054
5.492813   55.614368
5.508813   55.246467
5.524813   55.289730
5.540813   54.702221
5.556813   53.369523
5.572813   51.873783
5.588813   50.258624
5.604813   49.515737
5.620813   49.120778
5.636813   47.793029
5.652813   46.158156
5.668813   45.339997
5.684813   44.585876
5.700812   43.187350
5.716812   40.920777
5.732812   39.561377
5.748812   41.188523
5.764812   43.115443
5.780812   43.526053
5.796812   43.134642
5.812812   42.666727
5.828812   41.198038
5.844812   39.622457
5.860812   39.769524
5.876812   39.252931
5.892812   37.466164
5.908812   35.253418
5.924812   33.913208
5.940812   35.593803
5.956812   37.006083
5.972812   36.930506
5.988812   36.844448
6.004812   36.746540
6.020812   39.199160
6.036812   57.397290
6.052812   69.765381
6.068812   76.094829
6.084813   77.441169
6.100813   74.588856
6.116813   73.545491
6.132813   77.059263
6.148813   78.938814
6.164813   79.714134
6.180813   79.230008
6.196813   76.808049
6.212813   72.410358
6.228813   67.452629
6.244813   65.058979
6.260813   64.521842
6.276813   66.229511
6.292813   71.719349
6.308813   77.301826
6.324813   80.740712
6.340813   81.847140
6.356813   80.831133
6.372813   78.592140
6.388813   76.116883
6.404813   75.306235
6.420813   75.580069
6.436813   74.727443
6.452813   72.479888
6.468813   69.238996
6.484813   67.631325
6.500813   69.089012
6.516813   69.111154
6.532813   67.242606
6.548813   67.514211
6.564813   68.319932
6.580813   66.663466
6.596813   63.024654
6.612813   59.262936
6.628813   56.570606
6.644813   54.503860
6.660813   53.607491
6.676813   53.700734
6.692813   53.713671
6.708813   52.807290
6.724813   52.538171
6.740812   54.978491
6.756812   58.040051
6.772812   60.877665
6.788812   63.017778
6.804812   64.595343
6.820812   64.892079
6.836812   62.902725
6.852812   58.939791
6.868812   53.989787
6.884812   49.109247
6.900812   45.936111
6.916812   44.515669
6.932812   43.582443
6.948812   42.287004
6.964812   40.811742
6.980812   39.554306
6.996812   38.836935
7.012812   38.586203
7.028812   38.508395
7.044812   38.603264
7.060812   38.667647
7.076813   38.561548
7.092813   38.284019
7.108813   37.800544
7.124813   37.103832
7.140813   36.312681
7.156813   35.230784
7.172813   34.045238
7.188813   33.108594
7.204813   32.461852
7.220813   31.854916
7.236813   31.136808
7.252813   30.327920
7.268813   29.443043
7.284813   28.584224
7.300813   27.766708
7.316813   26.986025
7.332813   26.263055
7.348813   25.576669
7.364813   24.914678
7.380813   24.190179
7.396813   23.306863
7.412813   22.342047
7.428813   21.271266
7.444813   20.058262
7.460813   18.887532
7.476813   17.733850
7.492813   16.531650
7.508813   15.316332
7.524813   14.149161
7.540813   13.221576
7.556813   12.509757
7.572813   11.984580
7.588813   11.357078
7.604813   10.851363
7.620813   10.442647
7.636813   9.883741
7.652813   9.575015
7.668813   10.117880
7.684813   10.396547
7.700813   10.125185
7.716813   9.848261
7.732813   9.677379
7.748812   9.913701
7.764812   10.108516
7.780812   10.122145
7.796812   10.244554
7.812812   10.178391
7.828812   10.174647
7.844812   10.450791
7.860812   10.301778
7.876812   9.896915
7.892812   10.058036
7.908812   10.265269
7.924812   10.145832
7.940812   9.781876
7.956812   9.464594
7.972812   9.327890
7.988812   9.443828
8.004812   9.954461
8.020812   10.384264
8.036812   10.090690
8.052812   9.504892
8.068812   9.489616
8.084813   9.632250
8.100813   9.479570
8.116813   9.313920
8.132813   9.716726
8.148813   10.031582
8.164813   10.127784
8.180813   10.075806
8.196813   9.771096
8.212813   9.736198
8.228813   10.004070
8.244813   10.531253
8.260813   10.843146
8.276813   10.690059
8.292813   10.663044
8.308813   10.689192
8.324813   10.172402
8.340813   9.992884
8.356813   9.942995
8.372813   9.610422
8.388813   9.664519
8.404813   10.076703
8.420813   10.303930
8.436813   10.520739
8.452813   10.346254
8.468813   9.630636
8.484813   9.604132
8.500813   9.996371
8.516813   10.268694
8.532813   10.299331
8.548813   10.128581
8.564813   9.979033
8.580813   9.733101
8.596813   9.534497
8.612813   9.648057
8.628813   9.840729
8.644813   9.994549
8.660813   10.165144
8.676813   10.330159
8.692813   10.122772
8.708813   9.574075
8.724813   9.667368
8.740813   10.224465
8.756813   10.587653
8.772813   10.551224
8.788813   10.229401
8.804813   9.750259
8.820813   9.511892
8.836813   9.531535
8.852813   9.558068
8.868813   9.803447
8.884813   10.088294
8.900813   9.955499
8.916813   9.369160
8.932813   9.502449
8.948813   10.249881
8.964813   10.307734
8.980813   10.074866
8.996813   10.063672
9.012813   10.384055
9.028813   10.380012
9.044813   10.083389
9.060813   10.081791
9.076813   10.266611
9.092813   10.460106
9.108813   10.342887
9.124813   10.122721
9.140813   9.961669
9.156813   10.039110
9.172813   10.084226
9.188813   9.900386
9.204813   9.627201
9.220813   9.760117
9.236813   9.959408
9.252813   10.051802
9.268813   10.114012
9.284813   10.214114
9.300812   10.345642
9.316812   10.646526
9.332812   10.668905
9.348812   10.329423
9.364812   9.868525
9.380812   9.723678
9.396812   9.768700
9.412812   10.304216
9.428812   10.858698
9.444812   10.959547
9.460812   10.864498
9.476812   10.522512
9.492812   10.137397
9.508812   9.933761
9.524812   10.096384
9.540812   10.428003
9.556812   10.247653
9.572812   10.411149
9.588812   10.746086
9.604812   10.687735
9.620812   10.234068
9.636812   9.858278
9.652812   9.863711
9.668812   9.976851
9.684812   9.909345
9.700812   9.855203
9.716812   10.035884
9.732812   10.543628
9.748812   10.824569
9.764812   10.519104
9.780812   10.183970
9.796812   10.235300
9.812812   10.263296
9.828812   10.137048
9.844812   9.893674
9.860812   9.781662
9.876812   10.248856
9.892812   10.592911
9.908812   10.113214
9.924812   9.631069
9.940812   9.512372
9.956812   9.577784
9.972812   9.635518
9.988812   9.710647
10.004813   9.750767
10.020813   9.935275
10.036813   10.403280
10.052813   10.770906
