Time_s   Intensity_dB
0.044771   62.410456
0.055437   67.311667
0.066104   70.591262
0.076771   73.236621
0.087437   75.409060
0.098104   77.109479
0.108771   78.448217
0.119437   79.766585
0.130104   81.138996
0.140771   82.027477
0.151437   81.802473
0.162104   80.661265
0.172771   79.714055
0.183437   79.261341
0.194104   79.042516
0.204771   78.752670
0.215437   78.376610
0.226104   78.363875
0.236771   78.761475
0.247437   79.089649
0.258104   79.267753
0.268771   79.375165
0.279437   79.306488
0.290104   78.995647
0.300771   78.376485
0.311437   77.511627
0.322104   76.476297
0.332771   75.156087
0.343437   72.869214
0.354104   69.339000
0.364771   65.960012
0.375437   64.989570
0.386104   64.695422
0.396771   62.587523
0.407437   60.790088
0.418104   59.017877
0.428771   59.453856
0.439437   59.404736
0.450104   60.843522
0.460771   60.302238
0.471437   63.569125
0.482104   69.622133
0.492771   73.489616
0.503437   75.350852
0.514104   76.096092
0.524771   76.593586
0.535437   76.856131
0.546104   76.735291
0.556771   76.317083
0.567437   75.960100
0.578104   75.530863
0.588771   74.825418
0.599437   73.767991
0.610104   72.107029
0.620771   70.258547
0.631437   69.174899
0.642104   69.332136
0.652771   69.815056
0.663437   69.659876
0.674104   68.721228
0.684771   68.521478
0.695437   69.222614
0.706104   69.328425
0.716771   68.791291
0.727437   67.893515
0.738104   67.463632
0.748771   69.378504
0.759437   72.548188
0.770104   74.069493
0.780771   74.551721
0.791437   74.879350
0.802104   74.923820
0.812771   74.982111
0.823437   75.158398
0.834104   75.051888
0.844771   74.248103
0.855437   72.798627
0.866104   70.742843
0.876771   68.897595
0.887437   68.072716
0.898104   68.518849
0.908771   69.796170
0.919437   71.613380
0.930104   72.878436
0.940771   73.125744
0.951437   72.607264
0.962104   71.351621
0.972771   69.338112
0.983437   67.589586
0.994104   67.362484
1.004771   67.449657
1.015438   68.274487
1.026104   68.952731
1.036771   68.639003
1.047438   67.652011
1.058104   66.557983
1.068771   64.579126
1.079438   61.322684
1.090104   56.462651
1.100771   54.949199
1.111438   54.532690
1.122104   52.454301
1.132771   52.167630
1.143438   53.554532
1.154104   57.525136
1.164771   65.176865
1.175437   71.411272
1.186104   74.674824
1.196771   75.931853
1.207437   76.268757
1.218104   76.552555
1.228771   76.663696
1.239438   76.610828
1.250104   76.473193
1.260771   76.294634
1.271438   75.906616
1.282104   74.822305
1.292771   72.369620
1.303438   68.906684
1.314104   66.792608
1.324771   64.413493
1.335438   61.117088
1.346104   59.548946
1.356771   62.766762
1.367438   69.442286
1.378104   73.620010
1.388771   75.083398
1.399438   75.030043
1.410104   74.520427
1.420771   74.181058
1.431438   73.847844
1.442104   72.920782
1.452771   70.838514
1.463437   68.958256
1.474104   68.297949
1.484771   67.063348
1.495438   67.226831
1.506104   70.512054
1.516771   72.453093
1.527438   72.653014
1.538104   72.067064
1.548771   70.497664
1.559438   68.105204
1.570104   65.327155
1.580771   63.318212
1.591438   63.728240
1.602104   61.234693
1.612771   61.095462
1.623438   63.797149
1.634104   68.804666
1.644771   71.617488
1.655438   72.509986
1.666104   72.812170
1.676771   73.157217
1.687438   73.060829
1.698104   72.450011
1.708771   72.026679
1.719438   71.889902
1.730104   71.612393
1.740771   71.218924
1.751438   70.901417
1.762104   70.513323
1.772771   70.271175
1.783438   70.313232
1.794104   70.610193
1.804771   70.963957
1.815438   71.060497
1.826104   70.691982
1.836771   70.525525
1.847438   70.958744
1.858104   70.903018
1.868771   70.120209
1.879438   69.488396
1.890104   69.801845
1.900771   69.100484
1.911438   67.786394
1.922104   67.439034
1.932771   65.881354
1.943438   64.293494
1.954104   63.769872
1.964771   63.205151
1.975438   61.430567
1.986104   64.948704
1.996771   66.333909
2.007438   65.481645
2.018104   64.678504
2.028771   63.858430
2.039438   62.059403
2.050104   62.506485
2.060771   62.626374
2.071438   60.992683
2.082104   59.841312
2.092771   59.410382
2.103438   64.110742
2.114104   69.885113
2.124771   73.569287
2.135438   75.243266
2.146104   75.753707
2.156771   75.958424
2.167438   76.000915
2.178104   75.919021
2.188771   75.923152
2.199438   75.950795
2.210104   75.904121
2.220771   75.876157
2.231438   75.747617
2.242104   75.438856
2.252771   75.192604
2.263438   75.398340
2.274104   75.763809
2.284771   76.044570
2.295438   76.091148
2.306104   75.895797
2.316771   75.686781
2.327438   75.363068
2.338104   74.961035
2.348771   74.411613
2.359438   74.111467
2.370104   73.804932
2.380771   73.322479
2.391438   72.809305
2.402104   72.631422
2.412771   72.569968
2.423438   72.506278
2.434104   72.319650
2.444771   72.172238
2.455438   71.996077
2.466104   71.178492
2.476771   69.411542
2.487438   67.637209
2.498104   67.322172
2.508771   66.816546
2.519438   64.520721
2.530104   61.270453
2.540771   60.909560
2.551438   62.436403
2.562104   64.448123
2.572771   67.457891
2.583438   70.506859
2.594104   72.343134
2.604771   72.361799
2.615438   70.071506
2.626104   65.952677
2.636771   61.157896
2.647438   58.890483
2.658104   59.656843
2.668771   59.052972
2.679438   56.874155
2.690104   57.758997
2.700771   63.170688
2.711438   66.529331
2.722104   69.199941
2.732771   71.202976
2.743438   71.683171
2.754104   71.847644
2.764771   72.667785
2.775438   73.627932
2.786104   74.296275
2.796771   74.624038
2.807438   74.510624
2.818104   73.735397
2.828771   71.816556
2.839438   68.615461
2.850104   65.303723
2.860771   62.682820
2.871438   63.276065
2.882104   66.543280
2.892771   70.325339
2.903438   73.264085
2.914104   74.567192
2.924771   73.862832
2.935438   71.309792
2.946104   68.236049
2.956771   65.886835
2.967438   65.068079
2.978104   64.835519
2.988771   63.799144
2.999438   62.467243
3.010104   64.470495
3.020771   65.550397
3.031438   69.557001
3.042104   71.058800
3.052771   69.035961
3.063438   66.060626
3.074104   64.341309
3.084771   67.133630
3.095438   71.886043
3.106104   74.352750
3.116771   74.945115
3.127438   74.668089
3.138104   73.770520
3.148771   71.734117
3.159438   68.580708
3.170104   65.688271
3.180771   63.915108
3.191438   62.746289
3.202104   64.666136
3.212771   67.325782
3.223438   68.529391
3.234104   69.616750
3.244771   70.860514
3.255438   71.783581
3.266104   72.397730
3.276771   72.663136
3.287438   72.367773
3.298104   71.219344
3.308771   70.747945
3.319438   71.298468
3.330104   71.420821
3.340771   71.406914
3.351438   71.819888
3.362104   72.591890
3.372771   72.891031
3.383438   73.545737
3.394104   72.914840
3.404771   69.875685
3.415438   67.536214
3.426104   69.424519
3.436771   70.579177
3.447438   70.832910
3.458104   70.333697
3.468771   69.922068
3.479438   69.608273
3.490104   68.887820
3.500771   66.582851
3.511438   65.141736
3.522104   63.004710
3.532771   58.342952
3.543438   53.739822
3.554104   55.494678
3.564771   57.308656
3.575438   57.489943
3.586104   56.492657
3.596771   56.186296
3.607438   58.064625
3.618104   59.593906
3.628771   58.954199
3.639438   58.635317
3.650104   61.047038
