mean: 76.90845432020902 std: 7.942961952737001 duration: 3.464125
0.04672916666666641 70.32481084793983
0.05739583333333308 75.68516193028981
0.06806249999999975 78.77561617962373
0.0787291666666664 79.65296430981384
0.08939583333333309 79.5815162128182
0.10006249999999975 79.8550454704085
0.1107291666666664 80.52393797856982
0.12139583333333309 81.50128222705028
0.13206249999999975 82.76933853466345
0.14272916666666643 83.2600203525155
0.1533958333333331 82.99464957474805
0.16406249999999975 82.47645080535689
0.1747291666666664 81.98603364182354
0.1853958333333331 81.622325613954
0.19606249999999975 81.65982710890147
0.20672916666666644 82.5011323267828
0.2173958333333331 83.53940595537566
0.22806249999999975 84.28714585069832
0.23872916666666644 84.8252224938851
0.2493958333333331 84.85665833531792
0.2600624999999998 84.26927457704932
0.27072916666666647 83.76002880097282
0.2813958333333331 83.89628847194268
0.2920624999999998 84.10745741897799
0.30272916666666644 83.41897754930145
0.31339583333333315 82.16180596476084
0.3240624999999998 81.6672328997941
0.33472916666666647 81.85911469837413
0.3453958333333331 81.96269549724411
0.3560624999999998 81.12348871802611
0.3667291666666665 78.01759793888884
0.37739583333333315 71.40199605422913
0.3880624999999998 62.56984750398423
0.39872916666666647 58.9456708398142
0.4093958333333331 58.22458929144537
0.42006249999999984 56.99953041344527
0.4307291666666665 55.132480936798004
0.44139583333333315 56.3848709313305
0.4520624999999998 62.683144261050565
0.46272916666666647 71.8733287302959
0.4733958333333332 77.75755201790172
0.48406249999999984 80.16967009571408
0.4947291666666665 80.8823948070823
0.5053958333333332 81.52874650203557
0.5160624999999998 81.81088040692995
0.5267291666666665 81.2333883220955
0.5373958333333332 80.00184888507164
0.5480624999999998 78.80520733598706
0.5587291666666664 77.76715699415557
0.5693958333333331 76.89865708617454
0.5800624999999998 76.25618593097352
0.5907291666666664 75.7591447588945
0.6013958333333331 75.51457105160382
0.6120624999999997 75.03238624260891
0.6227291666666664 74.03020127329263
0.6333958333333332 73.14161291300005
0.6440624999999998 72.7453152191529
0.6547291666666665 72.76685455263403
0.6653958333333331 73.08212417689468
0.6760624999999998 73.46250893619921
0.6867291666666665 73.76702933295937
0.6973958333333331 74.13480488829934
0.7080624999999998 74.51938371750614
0.7187291666666664 75.16832212268292
0.7293958333333331 76.11970964185944
0.7400624999999998 76.50364208715754
0.7507291666666664 74.93948044412953
0.7613958333333332 71.64926897801581
0.7720624999999998 69.36363844291225
0.7827291666666665 69.67044994401328
0.7933958333333332 70.62192031445576
0.8040624999999998 70.75658802764062
0.8147291666666665 70.21026119534262
0.8253958333333331 69.89566344864502
0.8360624999999998 69.70149458155535
0.8467291666666665 69.14902248201285
0.8573958333333331 69.86027931346632
0.8680624999999998 71.13348128886506
0.8787291666666665 71.22135160485288
0.8893958333333332 69.44021646089516
0.9000624999999999 67.03830280273326
0.9107291666666665 65.73952603630103
0.9213958333333332 64.53124352673599
0.9320624999999998 63.11855702172987
0.9427291666666665 64.69644270661591
0.9533958333333331 64.3408234020155
0.9640624999999998 63.84834877749954
0.9747291666666665 62.899382831840725
0.9853958333333331 61.96357831893125
0.9960624999999999 61.285935245799394
1.0067291666666665 60.47535922237028
1.0173958333333333 61.12675407316694
1.0280624999999999 60.59540394876903
1.0387291666666665 58.821404560843916
1.0493958333333333 58.64073051326656
1.0600625 57.87410216901074
1.0707291666666665 59.66365792502788
1.0813958333333333 61.897409815561716
1.0920625 61.91885537370817
1.1027291666666665 61.11757332157164
1.1133958333333334 64.12630802732367
1.1240625 65.67110883667655
1.1347291666666666 64.67850733387122
1.1453958333333334 63.03346234463524
1.1560625 62.903021405473666
1.1667291666666666 61.74602151774839
1.1773958333333332 60.437830319119925
1.1880625 61.87611822933442
1.1987291666666666 61.4772087439492
1.2093958333333332 61.32055816023876
1.2200625 62.616080141174784
1.2307291666666667 63.48925945736025
1.2413958333333333 61.68805244083036
1.2520625 61.46103585381607
1.2627291666666667 62.598190076039245
1.2733958333333333 60.45379959785318
1.2840624999999999 57.781054001140504
1.2947291666666667 58.03596042989512
1.3053958333333333 58.595232884235806
1.3160625 60.02730987210677
1.3267291666666667 62.5561264517748
1.3373958333333333 62.99044894101846
1.3480625 62.58752470859868
1.3587291666666668 63.66609716709105
1.3693958333333334 62.82520749491971
1.3800625 60.90616800639029
1.3907291666666666 62.226773222638215
1.4013958333333334 62.970652575132576
1.4120625 60.69600524577338
1.4227291666666666 58.58312004732868
1.4333958333333334 57.76952933832065
1.4440625 56.21325619284717
1.4547291666666666 55.59762990924716
1.4653958333333332 56.01969349992313
1.4760625 56.88665465343
1.4867291666666667 58.39227940080477
1.4973958333333333 59.42417459769483
1.5080625 59.21713121368873
1.5187291666666667 59.88605747351221
1.5293958333333333 63.0727590268129
1.5400625000000001 65.27545226699833
1.5507291666666667 67.3608439734144
1.5613958333333333 70.3217162247796
1.5720625 74.1813761550358
1.5827291666666667 78.19775918499712
1.5933958333333333 80.22670368204325
1.6040625 80.67919851065211
1.6147291666666668 81.78681133838342
1.6253958333333334 82.99834023317976
1.6360625 83.28174966600972
1.6467291666666668 82.78367825842624
1.6573958333333334 82.04616263340012
1.6680625 81.29164313986044
1.6787291666666666 80.63272667991993
1.6893958333333334 80.1344035644364
1.7000625 79.10785783094768
1.7107291666666666 77.25551586136417
1.7213958333333335 75.21146107869377
1.7320625 73.80327275123426
1.7427291666666667 72.15504323600979
1.7533958333333335 69.52076976730854
1.7640625 68.05588921421783
1.7747291666666667 68.92506154681311
1.7853958333333333 70.33668402814696
1.7960625000000001 75.10994645585777
1.8067291666666667 78.61542199930588
1.8173958333333333 80.00210895967074
1.8280625000000001 80.10491245337063
1.8387291666666667 79.89953733913421
1.8493958333333333 80.18648437492428
1.8600625 81.3395546325641
1.8707291666666668 82.60088870886264
1.8813958333333334 83.19448302710362
1.8920625 83.27751466441164
1.9027291666666668 83.17973529436722
1.9133958333333334 83.16114888827444
1.9240625 83.17106764558179
1.9347291666666668 82.92071575821592
1.9453958333333334 81.80414697234853
1.9560625 78.93595405904846
1.9667291666666666 74.72398632553015
1.9773958333333335 74.30280887879984
1.9880625 75.64515394035425
1.9987291666666667 75.43421032556937
2.0093958333333335 74.65044909618013
2.0200625 74.54634536608401
2.0307291666666667 73.91126824712065
2.0413958333333335 72.48931906068653
2.0520625 71.23325152105026
2.0627291666666667 70.077556656153
2.073395833333333 71.64333739754791
2.0840625 75.69527391645578
2.0947291666666663 78.18522937737048
2.105395833333333 79.1451745945346
2.1160625 79.60142030466238
2.1267291666666663 79.94037071861436
2.137395833333333 79.96584022065841
2.1480625 79.68996383469788
2.1587291666666664 79.37902678717887
2.169395833333333 79.20117811651497
2.1800625 79.28192513634616
2.1907291666666664 79.46766784932285
2.201395833333333 79.49633117511124
2.2120625 79.27456370933632
2.2227291666666664 78.67290764765647
2.2333958333333332 77.4977262246922
2.2440625 75.27890415772993
2.2547291666666665 75.21845693217185
2.2653958333333333 77.504112998314
2.2760625 77.66319264541166
2.2867291666666665 76.52760689809699
2.2973958333333333 75.15790152922649
2.3080624999999997 74.01557887448436
2.3187291666666665 73.45828574871615
2.3293958333333333 72.65211025212163
2.3400624999999997 71.67550729655795
2.3507291666666665 71.02520411944124
2.3613958333333334 70.10876818082434
2.3720624999999997 70.38846646990507
2.3827291666666666 73.96126024325817
2.3933958333333334 76.93842691086243
2.4040624999999998 78.5459032950498
2.4147291666666666 79.3142981807854
2.4253958333333334 79.6436395337955
2.4360625 79.75806933584667
2.4467291666666666 79.68160631546849
2.4573958333333334 79.1958371241845
2.4680625 77.75273338939078
2.4787291666666667 74.88790939193196
2.489395833333333 71.74607410098261
2.5000625 71.41358875134898
2.5107291666666667 73.60911676302693
2.521395833333333 75.43305075967214
2.5320625 76.34357265403841
2.5427291666666667 77.97776003039971
2.553395833333333 79.68888785974167
2.5640625 80.36179871465146
2.5747291666666667 80.08548668490228
2.585395833333333 79.4711176302897
2.5960625 78.87249401457535
2.6067291666666668 78.20178555158596
2.617395833333333 77.53334401978249
2.6280625 77.10554939864609
2.638729166666667 76.98332174182913
2.649395833333333 77.21325797607533
2.6600625 77.56510284146795
2.670729166666667 77.6736036145609
2.681395833333333 77.48450244881704
2.6920625 76.95456331761775
2.7027291666666664 75.72108355552773
2.7133958333333332 73.58582919333715
2.7240625 71.69279683442936
2.7347291666666664 71.76038284902558
2.7453958333333333 71.25675751607064
2.7560625 68.72907487561659
2.7667291666666665 66.81813570219265
2.7773958333333333 67.70200504791056
2.7880625 68.49295059706543
2.7987291666666665 67.63281662150621
2.8093958333333333 66.38160851049341
2.8200625 70.92882320960784
2.8307291666666665 75.12601505503326
2.8413958333333333 76.70785934197598
2.8520625 76.81885045110201
2.8627291666666665 76.24867202016463
2.8733958333333334 75.77047061378282
2.8840624999999998 75.56427156453174
2.8947291666666666 75.35783362851292
2.9053958333333334 75.24845009489091
2.9160625 74.9280381583472
2.9267291666666666 73.88891355994716
2.9373958333333334 71.7753803072136
2.9480625 70.51117541638209
2.9587291666666666 71.22421301148637
2.9693958333333335 70.6871602632706
2.9800625 69.79544712252724
2.9907291666666667 70.81361292731457
3.0013958333333335 70.52231737485226
3.0120625 67.31099155705263
3.0227291666666667 63.16327354820729
3.0333958333333335 60.136002711488594
3.0440625 58.64202472968977
3.0547291666666667 61.52427621402275
3.0653958333333335 64.36065105397576
3.0760625 65.985327875928
3.0867291666666667 66.58540629217703
3.097395833333333 65.8118672098944
3.1080625 64.65010914670745
3.1187291666666668 63.738218186772826
3.129395833333333 64.46930134550753
3.1400625 65.36333832995156
3.150729166666667 64.47023094398776
3.161395833333333 62.64222740419589
3.1720625 60.98137625298756
3.182729166666667 61.52029623050578
3.193395833333333 61.591544411920324
3.2040625 60.345594172164716
3.214729166666667 60.115918789642606
3.2253958333333332 59.91390070402046
3.2360625 58.58608672860178
3.246729166666667 59.5105030573685
3.2573958333333333 61.27180967824878
3.2680625 63.227023269538265
3.2787291666666665 64.5200597460302
3.2893958333333333 65.17415477804568
3.3000625 67.42672692841508
3.3107291666666665 69.46502486083813
3.3213958333333333 70.31420574507311
3.3320625 69.61794499152249
3.3427291666666665 68.90766246881728
3.3533958333333334 68.36981378838827
3.3640625 67.58274713489489
3.3747291666666666 67.66712863882563
3.3853958333333334 68.49135668490345
3.3960625 67.89712080855665
3.4067291666666666 65.0837645424244
3.4173958333333334 63.31822593508964
