Time_s   Intensity_dB
0.045344   69.931466
0.056010   74.528310
0.066677   76.424594
0.077344   75.903947
0.088010   73.440401
0.098677   70.532620
0.109344   68.402684
0.120010   66.747747
0.130677   65.769233
0.141344   65.131587
0.152010   64.407245
0.162677   63.498869
0.173344   63.095892
0.184010   63.537400
0.194677   65.205162
0.205344   69.013940
0.216010   73.677517
0.226677   76.332729
0.237344   77.505986
0.248010   78.526821
0.258677   79.292664
0.269344   79.387178
0.280010   78.643502
0.290677   76.745405
0.301344   72.994664
0.312010   67.355226
0.322677   63.892741
0.333344   64.135365
0.344010   64.975224
0.354677   68.626868
0.365344   71.175743
0.376010   73.271571
0.386677   74.534355
0.397344   75.309741
0.408010   75.560503
0.418677   74.130777
0.429344   71.711333
0.440010   70.700086
0.450677   73.634051
0.461344   76.282347
0.472010   77.274950
0.482677   77.531815
0.493344   77.574885
0.504010   77.074158
0.514677   75.801135
0.525344   73.830326
0.536010   71.135957
0.546677   69.506962
0.557344   69.782081
0.568010   71.266882
0.578677   74.075420
0.589344   76.190428
0.600010   77.045599
0.610677   76.585527
0.621344   74.686831
0.632010   71.380588
0.642677   66.863699
0.653344   62.262915
0.664010   59.759301
0.674677   59.302909
0.685344   61.450716
0.696010   60.861937
0.706677   60.596131
0.717344   63.188045
0.728010   66.935444
0.738677   69.100494
0.749344   71.473178
0.760010   73.943202
0.770677   76.072703
0.781344   77.694333
0.792010   78.413549
0.802677   78.051649
0.813344   77.366430
0.824010   77.687469
0.834677   78.107037
0.845344   78.069172
0.856010   77.340672
0.866677   75.311289
0.877344   71.709663
0.888010   68.631175
0.898677   66.233465
0.909344   64.525214
0.920010   65.704854
0.930677   66.259016
0.941344   70.004245
0.952010   73.821253
0.962677   75.322597
0.973344   76.233580
0.984010   77.125508
0.994677   77.364910
1.005344   76.356373
1.016010   74.449480
1.026677   72.258854
1.037344   71.290306
1.048010   72.061455
1.058677   72.302157
1.069344   72.319501
1.080010   72.335791
1.090677   72.240631
1.101344   72.023420
1.112010   71.833287
1.122677   71.627540
1.133344   71.128197
1.144010   70.511239
1.154677   69.731440
1.165344   69.788299
1.176010   70.252634
1.186677   70.418411
1.197344   70.191074
1.208010   68.954890
1.218677   66.912974
1.229344   65.434710
1.240010   64.759197
1.250677   63.764859
1.261344   62.820271
1.272010   61.305554
1.282677   61.142572
1.293344   62.552611
1.304010   62.302947
1.314677   59.987431
1.325344   61.816221
1.336010   63.317563
1.346677   62.046745
1.357344   58.332111
1.368010   59.124309
1.378677   61.091789
1.389344   62.016827
1.400010   68.015730
1.410677   73.084908
1.421344   74.962135
1.432010   75.013498
1.442677   75.121194
1.453344   75.038355
1.464010   73.793143
1.474677   71.188777
1.485344   68.916829
1.496010   67.946013
1.506677   67.237771
1.517344   67.369000
1.528010   67.977686
1.538677   67.966454
1.549344   67.616472
1.560010   69.848476
1.570677   72.977691
1.581344   75.081524
1.592010   75.918503
1.602677   75.600726
1.613344   74.762672
1.624010   73.943508
1.634677   72.287049
1.645344   69.322158
1.656010   67.376564
1.666677   67.133999
1.677344   65.672607
1.688010   62.405543
1.698677   59.248769
1.709344   56.152870
1.720010   54.037161
1.730677   54.993289
1.741344   57.432229
1.752010   57.028697
1.762677   58.732642
1.773344   65.619870
1.784010   69.334612
1.794677   69.867873
1.805344   68.552411
1.816010   66.337719
1.826677   64.351313
1.837344   63.645365
1.848010   63.014804
1.858677   63.151313
1.869344   63.313943
1.880010   63.957385
1.890677   67.169378
1.901344   70.704656
1.912010   74.348690
1.922677   77.512282
1.933344   79.384368
1.944010   80.284405
1.954677   80.901358
1.965344   81.356966
1.976010   81.329037
1.986677   80.378085
1.997344   78.204421
2.008010   75.347369
2.018677   73.581230
2.029344   73.845196
2.040010   73.328825
2.050677   70.858692
2.061344   67.354701
2.072010   64.222201
2.082677   60.618729
2.093344   58.274363
2.104010   59.108986
2.114677   61.379785
2.125344   67.538156
2.136010   71.034168
2.146677   71.613667
2.157344   70.291329
2.168010   67.812655
2.178677   67.667303
2.189344   70.329755
2.200010   71.625633
2.210677   71.095330
2.221344   70.448860
2.232010   70.415863
2.242677   70.470849
2.253344   70.390866
2.264010   70.241188
2.274677   69.783880
2.285344   68.921127
2.296010   68.343744
2.306677   69.138376
2.317344   70.279889
2.328010   70.428749
2.338677   69.900261
2.349344   69.583020
2.360010   69.071142
2.370677   68.361956
2.381344   68.425572
2.392010   68.610833
2.402677   68.422226
2.413344   68.485851
2.424010   68.251995
2.434677   66.448709
2.445344   63.244431
2.456010   60.217335
2.466677   60.368666
2.477344   62.020334
2.488010   64.048444
2.498677   65.756685
2.509344   66.265712
2.520010   66.201784
2.530677   65.415549
2.541344   64.397252
2.552010   64.625465
2.562677   64.877024
2.573344   63.881911
2.584010   62.969905
2.594677   62.972188
2.605344   62.304560
2.616010   61.526684
2.626677   64.662372
2.637344   67.211035
2.648010   66.628871
2.658677   65.708400
2.669344   70.269220
2.680010   74.524618
2.690677   75.744341
2.701344   75.200073
2.712010   74.167338
2.722677   73.404233
2.733344   73.223953
2.744010   72.892107
2.754677   72.287151
2.765344   72.032993
2.776010   72.189970
2.786677   72.340931
2.797344   72.345706
2.808010   72.141702
2.818677   71.013687
2.829344   68.317642
2.840010   65.264701
2.850677   63.668291
2.861344   62.228725
2.872010   60.603220
2.882677   59.838733
2.893344   58.063024
2.904010   58.227051
2.914677   59.746956
2.925344   65.073826
2.936010   69.083414
2.946677   70.552146
2.957344   70.796399
2.968010   70.668035
2.978677   70.515440
2.989344   70.937501
3.000010   71.641949
3.010677   72.034107
3.021344   72.503224
3.032010   73.405626
3.042677   74.498514
3.053344   75.371151
3.064010   75.899795
3.074677   76.245652
3.085344   76.392370
3.096010   76.114041
3.106677   75.101459
3.117344   73.382210
3.128010   71.825496
3.138677   71.084205
3.149344   71.201904
3.160010   71.577156
3.170677   71.894448
3.181344   72.041054
3.192010   72.365988
3.202677   71.877237
3.213344   69.739705
3.224010   66.052832
3.234677   64.052300
3.245344   65.547507
3.256010   67.133957
3.266677   66.723415
3.277344   65.258893
3.288010   66.586518
3.298677   71.140224
3.309344   74.155447
3.320010   74.877243
3.330677   74.559410
3.341344   74.160555
3.352010   74.358280
3.362677   75.434820
3.373344   76.411871
3.384010   76.772645
3.394677   76.992627
3.405344   77.058083
3.416010   76.173470
3.426677   73.409361
3.437344   70.291330
3.448010   71.206839
3.458677   72.392701
3.469344   72.164503
3.480010   70.829203
3.490677   69.492188
3.501344   68.113327
3.512010   65.578181
3.522677   63.667551
3.533344   65.303917
3.544010   66.317902
3.554677   65.348736
3.565344   67.646448
3.576010   72.888959
3.586677   75.108713
3.597344   74.933128
3.608010   74.089183
3.618677   73.262422
3.629344   72.260422
3.640010   70.776989
3.650677   69.199209
3.661344   68.805887
3.672010   69.280952
3.682677   69.517611
3.693344   70.107191
3.704010   71.254425
3.714677   72.327999
3.725344   72.909136
3.736010   72.878271
3.746677   72.207129
3.757344   71.362813
3.768010   70.651962
3.778677   70.325529
3.789344   70.304802
3.800010   70.358205
3.810677   70.348828
3.821344   70.691829
3.832010   70.778830
3.842677   70.329735
3.853344   70.132982
3.864010   70.059048
3.874677   68.605882
3.885344   65.507688
3.896010   65.202943
3.906677   66.398225
3.917344   66.403501
3.928010   65.393423
3.938677   63.725205
3.949344   62.979022
3.960010   63.207047
3.970677   63.815254
3.981344   63.972425
3.992010   63.255446
4.002677   61.746716
4.013344   60.219222
4.024010   58.076059
4.034677   55.133165
4.045344   52.617523
4.056010   53.135907
4.066677   55.269520
4.077344   57.388537
4.088010   57.867082
4.098677   59.263051
4.109344   61.590487
4.120010   65.943359
4.130677   69.216881
4.141344   70.893062
4.152010   71.817575
4.162677   72.182025
4.173344   71.638699
4.184010   69.940448
4.194677   68.013858
4.205344   67.832009
4.216010   70.046281
4.226677   72.275127
4.237344   73.031055
4.248010   72.748404
4.258677   72.492227
4.269344   72.342011
4.280010   72.036656
4.290677   71.700750
4.301344   71.664829
4.312010   71.841430
4.322677   71.986037
4.333344   72.060579
4.344010   72.300524
4.354677   72.602402
4.365344   72.743481
4.376010   72.962202
4.386677   73.383372
4.397344   73.854387
4.408010   74.106653
4.418677   74.213142
4.429344   74.145295
4.440010   73.660528
4.450677   72.791859
4.461344   72.232240
4.472010   72.562307
4.482677   72.012049
4.493344   69.756103
4.504010   66.905294
4.514677   64.785728
4.525344   62.501319
4.536010   59.883906
4.546677   59.157794
4.557344   60.994363
4.568010   67.209576
4.578677   72.504915
4.589344   75.100981
4.600010   76.342963
4.610677   77.186714
4.621344   77.534948
4.632010   77.783502
4.642677   78.079964
4.653344   78.016412
4.664010   77.505846
4.674677   76.562677
4.685344   75.081397
4.696010   72.886902
4.706677   69.994728
4.717344   67.539217
4.728010   66.238308
4.738677   65.249942
4.749344   65.243171
4.760010   64.820599
4.770677   63.385419
4.781344   61.660024
4.792010   61.864958
4.802677   61.844407
4.813344   62.450331
4.824010   63.250617
4.834677   62.906601
4.845344   61.910905
4.856010   62.477024
4.866677   62.356242
4.877344   62.664473
4.888010   63.683101
4.898677   65.665614
4.909344   68.801671
4.920010   70.912182
4.930677   71.966506
4.941344   72.878379
4.952010   73.681701
4.962677   73.912408
4.973344   73.916384
4.984010   74.102105
4.994677   74.172489
5.005344   73.900098
5.016010   73.354887
5.026677   71.729936
5.037344   67.953383
5.048010   63.721847
5.058677   63.974274
5.069344   65.384445
5.080010   66.528660
5.090677   66.655444
5.101344   65.473641
5.112010   63.256105
5.122677   61.865887
5.133344   64.642717
5.144010   69.321543
5.154677   71.815993
5.165344   72.727525
5.176010   73.169376
5.186677   73.352136
5.197344   73.018734
5.208010   72.280962
5.218677   71.918952
5.229344   71.514880
5.240010   70.410265
5.250677   68.317950
5.261344   66.059247
5.272010   67.089658
5.282677   69.157010
5.293344   69.824250
5.304010   69.764459
5.314677   68.867544
5.325344   68.168323
5.336010   67.515059
5.346677   66.826437
5.357344   66.557352
5.368010   67.338121
5.378677   68.182278
5.389344   68.639277
5.400010   68.868783
5.410677   68.691825
5.421344   68.710062
5.432010   68.258745
5.442677   67.519542
5.453344   66.149588
5.464010   64.388306
5.474677   64.340800
5.485344   66.510072
5.496010   67.050062
5.506677   69.208450
5.517344   72.427693
5.528010   73.794516
5.538677   73.215799
5.549344   72.006559
5.560010   71.329685
5.570677   70.983348
5.581344   71.605262
5.592010   73.202456
5.602677   74.255935
5.613344   74.732296
5.624010   74.785702
5.634677   74.864376
5.645344   75.357839
5.656010   75.603830
5.666677   75.216167
5.677344   74.371245
5.688010   73.380170
5.698677   71.934295
5.709344   69.307101
5.720010   67.356138
5.730677   67.154852
5.741344   66.712612
5.752010   65.426857
5.762677   66.702055
5.773344   67.241622
5.784010   65.877105
5.794677   64.347149
5.805344   64.734196
5.816010   65.361675
5.826677   66.309962
5.837344   69.196594
5.848010   72.897697
5.858677   74.798989
5.869344   75.272463
5.880010   75.290505
5.890677   75.205309
5.901344   74.573967
5.912010   73.841165
5.922677   73.661936
5.933344   73.884733
5.944010   73.544691
5.954677   73.221503
5.965344   73.309671
5.976010   73.306292
5.986677   73.302036
5.997344   73.310790
6.008010   72.858115
6.018677   72.625460
6.029344   72.994459
6.040010   73.055633
6.050677   72.999474
6.061344   73.301473
6.072010   73.992599
6.082677   74.334557
6.093344   73.582431
6.104010   70.871604
6.114677   67.094100
6.125344   65.203517
6.136010   65.795087
6.146677   66.956267
6.157344   68.256646
6.168010   68.492905
6.178677   68.533314
6.189344   68.791096
6.200010   68.599677
6.210677   66.469952
6.221344   62.032391
6.232010   57.282474
6.242677   56.907720
6.253344   58.337190
6.264010   60.456537
6.274677   60.137490
6.285344   60.167305
6.296010   61.227749
6.306677   62.974731
6.317344   63.126598
6.328010   64.956804
6.338677   69.521628
6.349344   72.038322
6.360010   72.843682
6.370677   73.391406
6.381344   72.984121
6.392010   72.466485
6.402677   72.467201
6.413344   72.318618
6.424010   72.028543
6.434677   71.931388
6.445344   71.700554
6.456010   71.881481
6.466677   72.369144
6.477344   72.236354
6.488010   71.930086
6.498677   72.138104
6.509344   72.682271
6.520010   72.589116
6.530677   72.295329
6.541344   71.983024
6.552010   70.727979
6.562677   68.112526
6.573344   65.701242
6.584010   65.295004
6.594677   65.165423
6.605344   63.470886
6.616010   61.383533
6.626677   64.835893
6.637344   67.903177
6.648010   69.278074
6.658677   69.063995
6.669344   67.895720
6.680010   67.425412
6.690677   67.692734
6.701344   68.303929
6.712010   69.389373
6.722677   69.716545
6.733344   69.361977
6.744010   68.697932
6.754677   67.504994
6.765344   68.658501
6.776010   71.241126
6.786677   72.385167
6.797344   72.613861
6.808010   72.643722
6.818677   72.347153
6.829344   71.780219
6.840010   71.011045
6.850677   69.872924
6.861344   67.948057
6.872010   66.136378
6.882677   67.462276
6.893344   68.934554
6.904010   69.191384
6.914677   69.550498
6.925344   69.856865
6.936010   68.874269
6.946677   66.443077
6.957344   64.672128
6.968010   66.508975
6.978677   69.246829
6.989344   69.776763
7.000010   69.441629
7.010677   69.076228
7.021344   68.747005
7.032010   68.268239
7.042677   68.399469
7.053344   69.099647
7.064010   68.443774
7.074677   67.221668
7.085344   67.515294
7.096010   67.539139
7.106677   67.256011
7.117344   67.421024
7.128010   68.059975
7.138677   67.544934
7.149344   65.609698
7.160010   64.915717
7.170677   64.039156
7.181344   63.427940
7.192010   61.380665
7.202677   61.367353
7.213344   63.473495
7.224010   65.030334
7.234677   65.000104
7.245344   65.847249
7.256010   68.011874
7.266677   68.437391
7.277344   68.204311
7.288010   69.406875
7.298677   69.997359
7.309344   69.652390
7.320010   70.046200
7.330677   71.311203
7.341344   71.304364
7.352010   71.017214
7.362677   70.797920
7.373344   69.921675
7.384010   68.645530
7.394677   67.507501
7.405344   66.753617
