mean: 74.56531818926544 std: 6.254282958971647 duration: 6.9079375
0.04596874999999937 65.33638041231154
0.056635416666666036 66.93936309867289
0.06730208333333271 67.2841529939518
0.07796874999999936 66.32896678941616
0.08863541666666605 68.36681941117962
0.09930208333333271 73.47147680578593
0.10996874999999937 76.93795871518402
0.12063541666666605 79.08238601508073
0.1313020833333327 80.41672757907163
0.1419687499999994 81.24150798840279
0.15263541666666605 81.70211997807351
0.1633020833333327 81.93938278051378
0.17396874999999937 82.21652170021676
0.18463541666666605 82.55676469576292
0.1953020833333327 82.30424626823279
0.2059687499999994 81.11033979280765
0.21663541666666605 79.58111156270272
0.2273020833333327 78.06168660480674
0.2379687499999994 76.75644523563466
0.24863541666666605 76.6354585033983
0.25930208333333277 77.69892980631238
0.2699687499999994 78.82915513837602
0.2806354166666661 79.57320485706875
0.29130208333333274 80.1051053773979
0.3019687499999994 80.42747086906888
0.3126354166666661 80.46067349992097
0.32330208333333277 79.74572402911943
0.3339687499999994 77.64377791573268
0.3446354166666661 73.77788213730693
0.35530208333333274 69.54855069340988
0.36596874999999945 68.00348715105899
0.3766354166666661 68.32883429274129
0.38730208333333277 70.11554356471264
0.3979687499999994 73.0038821803794
0.4086354166666661 76.83273810863955
0.4193020833333328 79.7429423379593
0.42996874999999946 81.1705667402216
0.4406354166666661 81.48969558649512
0.45130208333333277 81.18592339458652
0.46196874999999943 80.62743111510883
0.47263541666666614 80.23357988074805
0.4833020833333328 79.99819502387622
0.49396874999999946 79.71824583723487
0.5046354166666661 79.5076102436242
0.5153020833333327 79.7381289148468
0.5259687499999994 80.57072192982419
0.5366354166666661 81.28191002963526
0.5473020833333327 81.42956420994317
0.5579687499999993 81.28429193808721
0.5686354166666661 81.1186541421728
0.5793020833333328 80.92392272601674
0.5899687499999994 80.62099221325497
0.6006354166666661 80.31457961155976
0.6113020833333327 80.12790000214534
0.6219687499999994 80.05397983810062
0.6326354166666661 80.01697818739538
0.6433020833333327 80.00700037745432
0.6539687499999994 79.48623855709285
0.664635416666666 78.07496917250953
0.6753020833333327 76.96188289184661
0.6859687499999995 76.6744384671598
0.6966354166666661 76.36355616812426
0.7073020833333328 76.07027917473437
0.7179687499999994 76.06306668943857
0.7286354166666661 75.9869205552746
0.7393020833333328 75.45331045895452
0.7499687499999994 73.93341734159435
0.7606354166666661 72.04106030305518
0.7713020833333327 71.42502722876294
0.7819687499999994 70.31420377042764
0.7926354166666661 68.27103432613517
0.8033020833333328 67.69171495635604
0.8139687499999995 71.48741282029872
0.8246354166666661 75.28762868505511
0.8353020833333328 77.19422325226284
0.8459687499999995 77.32644058530755
0.8566354166666661 76.66228783465493
0.8673020833333328 75.74337312240871
0.8779687499999994 74.92149226726579
0.8886354166666661 75.52962878053022
0.8993020833333328 76.04418133470018
0.9099687499999994 75.88852307138636
0.9206354166666662 75.56370276511099
0.9313020833333328 75.16442598140546
0.9419687499999995 75.1687659573341
0.9526354166666661 75.381770284509
0.9633020833333328 75.11392829455252
0.9739687499999995 74.28327922158205
0.9846354166666661 73.3880946666175
0.9953020833333328 72.91521423208276
1.0059687499999994 72.86770808860612
1.0166354166666662 73.47224478962819
1.0273020833333328 74.31998439372558
1.0379687499999994 74.7524202252696
1.0486354166666663 74.68540875168563
1.0593020833333329 74.56023728594221
1.0699687499999995 74.55005073291824
1.0806354166666663 74.57784440554835
1.091302083333333 74.6630450662781
1.1019687499999995 75.24431281479887
1.1126354166666663 76.76035911256525
1.123302083333333 78.42884626136195
1.1339687499999995 79.33165425190022
1.1446354166666663 79.60420496313868
1.155302083333333 79.91234815062543
1.1659687499999996 80.11176992391191
1.1766354166666662 79.52994199295523
1.187302083333333 78.25136530563807
1.1979687499999996 76.21497033606302
1.2086354166666662 72.61803457390654
1.219302083333333 69.89517607328237
1.2299687499999996 70.94412123881115
1.2406354166666662 73.27260563584439
1.251302083333333 75.3297678972349
1.2619687499999996 76.74209986490663
1.2726354166666662 77.28422611726552
1.2833020833333328 77.05107780647491
1.2939687499999997 76.43700530556916
1.3046354166666663 76.45212362029693
1.3153020833333329 77.18199669134106
1.3259687499999997 77.67704756408781
1.3366354166666663 77.75081827298229
1.347302083333333 77.61887376046434
1.3579687499999997 77.36861485973941
1.3686354166666663 76.74472468879772
1.379302083333333 75.3474172749072
1.3899687499999995 72.67530645968785
1.4006354166666664 68.62422771861165
1.411302083333333 64.79540687464602
1.4219687499999996 63.73823964008736
1.4326354166666664 69.67903931937043
1.443302083333333 74.19637229163202
1.4539687499999996 76.19305279535504
1.4646354166666662 77.07402049867925
1.475302083333333 78.00148387079656
1.4859687499999996 78.7937259090374
1.4966354166666662 79.20206932528009
1.507302083333333 79.23608611486509
1.5179687499999996 79.0801667290782
1.5286354166666662 78.95387468342186
1.539302083333333 78.69138897386209
1.5499687499999997 78.2661211810123
1.5606354166666663 77.6167363038092
1.5713020833333329 76.66156957241222
1.5819687499999997 75.64604953187452
1.5926354166666663 74.72932623367066
1.603302083333333 73.56240735045355
1.6139687499999997 71.80028481129915
1.6246354166666663 70.67413765385336
1.635302083333333 70.41056463739693
1.6459687499999998 69.86376180284316
1.6566354166666664 69.59018838546824
1.667302083333333 70.40225237231598
1.6779687499999996 71.97759100140671
1.6886354166666664 73.40785308035427
1.699302083333333 74.37380264041822
1.7099687499999996 74.66072397189404
1.7206354166666664 74.50133032828946
1.731302083333333 74.4888793706784
1.7419687499999996 74.29558434092672
1.7526354166666664 73.66325171162943
1.763302083333333 72.77863544477418
1.7739687499999997 71.24849518899589
1.7846354166666663 68.54125067449635
1.795302083333333 65.05966239094698
1.8059687499999997 63.53554804733911
1.8166354166666663 62.69485216394987
1.827302083333333 60.10680589513743
1.8379687499999997 59.220340578697474
1.8486354166666663 65.17444860192572
1.859302083333333 71.14399171234629
1.8699687499999997 74.04985464286978
1.8806354166666663 75.06806346033912
1.891302083333333 75.47827410578782
1.9019687499999998 75.60001210548897
1.9126354166666664 75.21791378307218
1.923302083333333 74.33163687917705
1.9339687499999998 73.41996609844807
1.9446354166666664 72.99260894819965
1.955302083333333 72.5104350748813
1.9659687499999996 72.29751582682096
1.9766354166666664 72.39462558631996
1.987302083333333 72.31426138811167
1.9979687499999996 72.14476360944231
2.0086354166666665 72.06654053801455
2.019302083333333 72.31722176461271
2.0299687499999997 72.56857547452334
2.0406354166666665 72.54384673401901
2.051302083333333 72.36966189360834
2.0619687499999997 72.29629909256184
2.072635416666666 72.18113877657599
2.083302083333333 71.92059355352801
2.0939687499999993 72.03839755114936
2.104635416666666 71.94954680390046
2.115302083333333 71.05162189109369
2.1259687499999993 69.60803226985423
2.136635416666666 69.53229565049479
2.147302083333333 71.1783372919996
2.1579687499999993 72.42796827432939
2.168635416666666 72.41317054063106
2.179302083333333 70.87060913090302
2.1899687499999994 68.4920206227244
2.200635416666666 66.04627660000044
2.211302083333333 65.21873968894764
2.2219687499999994 69.11113754667954
2.232635416666666 71.91294708308823
2.243302083333333 72.83222070473047
2.2539687499999994 73.3112762269165
2.2646354166666662 73.5596950540199
2.275302083333333 73.73105397476158
2.2859687499999994 73.79039288034383
2.2966354166666663 73.16494123592021
2.3073020833333326 71.63454929475643
2.3179687499999995 70.93425412339761
2.3286354166666663 71.30686211663468
2.3393020833333327 71.45753111412732
2.3499687499999995 70.93455861779472
2.3606354166666663 69.4849995007904
2.3713020833333327 66.9853031692424
2.3819687499999995 63.80829655092153
2.3926354166666663 66.87098284652451
2.4033020833333327 71.51258461197206
2.4139687499999996 74.1939162526955
2.4246354166666664 75.35230205120685
2.4353020833333328 75.80301626534558
2.4459687499999996 75.97702137775758
2.4566354166666664 76.111459204661
2.467302083333333 76.06666138290105
2.4779687499999996 75.85635559913936
2.488635416666666 75.70193502057136
2.499302083333333 75.48685448919062
2.5099687499999996 74.96711160719532
2.520635416666666 74.24879848424396
2.531302083333333 73.49095545097086
2.5419687499999997 72.64269306424788
2.552635416666666 71.80344938754843
2.563302083333333 70.11292711280939
2.5739687499999997 67.36064960911031
2.584635416666666 65.30522233669826
2.595302083333333 64.87708604154052
2.6059687499999997 64.86941601892944
2.616635416666666 65.34470488711362
2.627302083333333 65.72387906553195
2.6379687499999998 65.99067515900379
2.648635416666666 67.09288162072303
2.659302083333333 68.40424334071425
2.66996875 68.50238127309969
2.680635416666666 67.29479979457214
2.691302083333333 66.28376542969073
2.7019687499999994 65.79219785727919
2.712635416666666 64.88724815931239
2.723302083333333 63.89380671283634
2.7339687499999994 63.91887394968624
2.744635416666666 64.83212363196822
2.755302083333333 66.31911396823676
2.7659687499999994 66.56739060660807
2.7766354166666662 65.56134883207179
2.787302083333333 65.00487647562284
2.7979687499999994 66.33905584909337
2.8086354166666663 67.46264161691563
2.819302083333333 67.96071312249823
2.8299687499999995 68.46613335522144
2.8406354166666663 67.68865577744877
2.851302083333333 65.44870128746469
2.8619687499999995 63.993615980757966
2.8726354166666663 63.96717003713795
2.8833020833333327 63.068480893858606
2.8939687499999995 61.12560516540847
2.9046354166666664 59.61794990015828
2.9153020833333327 59.01727873483794
2.9259687499999996 57.9499981084757
2.9366354166666664 61.24233464523851
2.9473020833333328 62.184157134777294
2.9579687499999996 59.962858703711284
2.9686354166666664 57.6514026111614
2.979302083333333 57.19970178025775
2.9899687499999996 55.46931214126531
3.0006354166666664 52.24636506673129
3.011302083333333 49.502595605344204
3.0219687499999996 52.30434060233954
3.0326354166666665 55.82750292392689
3.043302083333333 59.048995185571165
3.0539687499999997 63.99356350985839
3.0646354166666665 69.31212688822488
3.075302083333333 73.20722569177732
3.0859687499999997 75.89096178901043
3.096635416666666 77.58344024814662
3.107302083333333 78.52663069736626
3.1179687499999997 78.87689785545362
3.128635416666666 79.18991719794573
3.139302083333333 79.38868360829106
3.1499687499999998 79.33602132864414
3.160635416666666 79.38132311193957
3.171302083333333 79.67157591358841
3.18196875 80.04081344000437
3.192635416666666 80.0662478418063
3.203302083333333 78.93850705666972
3.21396875 75.75751918055951
3.224635416666666 71.01200474434977
3.235302083333333 66.71526886130079
3.24596875 62.2889502782938
3.2566354166666662 60.572324637405295
3.267302083333333 62.356008325868004
3.2779687499999994 64.6669905295521
3.2886354166666663 69.10575381244756
3.299302083333333 73.01413850288843
3.3099687499999995 75.24571761449997
3.3206354166666663 76.37412219060464
3.331302083333333 76.91482033065648
3.3419687499999995 77.10581901648385
3.3526354166666663 77.03298109979929
3.363302083333333 76.75181777431395
3.3739687499999995 76.52120688982131
3.3846354166666663 76.25710585697615
3.395302083333333 75.40946734563406
3.4059687499999995 73.33412305282002
3.4166354166666664 70.44078339810727
3.427302083333333 68.89992789260835
3.4379687499999996 70.67633526748335
3.4486354166666664 74.37257352680716
3.459302083333333 76.32308545785992
3.4699687499999996 76.68457181393264
3.4806354166666664 76.54235738591954
3.491302083333333 76.17080105363966
3.5019687499999996 75.80667715977073
3.5126354166666665 75.611091069876
3.523302083333333 75.64227161068081
3.5339687499999997 75.12696023505137
3.5446354166666665 73.77765138326852
3.555302083333333 72.42935890014996
3.5659687499999997 71.47385137870924
3.5766354166666665 71.5486284396487
3.587302083333333 72.18702437437179
3.5979687499999997 71.9661704578964
3.6086354166666665 69.80761275204655
3.619302083333333 66.76337830225637
3.6299687499999997 65.45786233677265
3.6406354166666666 65.78695763841863
3.651302083333333 64.90686140353432
3.6619687499999998 66.71371177112272
3.672635416666666 70.34841296582991
3.683302083333333 72.5553418993367
3.69396875 73.46965912797874
3.704635416666666 74.80034073355552
3.715302083333333 76.24497167379316
3.72596875 76.65018680511255
3.736635416666666 76.45603666518743
3.747302083333333 76.36861137778746
3.75796875 76.53839868178065
3.7686354166666662 76.8052685361329
3.779302083333333 77.07546250172268
3.78996875 77.25032074187313
3.8006354166666663 77.1848403873192
3.811302083333333 76.85606261221707
3.82196875 76.14616858191039
3.8326354166666663 75.20269497579461
3.843302083333333 74.47500906873229
3.8539687499999995 74.2803502599358
3.8646354166666663 74.52081727051815
3.875302083333333 74.78862838138369
3.8859687499999995 74.7017594146172
3.8966354166666664 74.58055642718548
3.907302083333333 74.6136448215333
3.9179687499999996 74.64675737821892
3.9286354166666664 74.43831258039873
3.939302083333333 73.48924261536641
3.9499687499999996 71.64809371843283
3.9606354166666664 69.81062074277577
3.9713020833333332 68.90183393134227
3.9819687499999996 69.11952774135962
3.9926354166666664 71.30188745865878
4.003302083333334 73.51669709460842
4.01396875 74.13552851447795
4.0246354166666665 73.61657427765505
4.035302083333334 73.02045812149906
4.04596875 73.20860036400174
4.0566354166666665 74.16843959035714
4.067302083333333 74.5682299705736
4.07796875 74.45458383707422
4.0886354166666665 74.26330278357494
4.099302083333333 74.13374489482523
4.10996875 73.8980345383433
4.1206354166666666 73.01857513352704
4.131302083333333 70.75622341508853
4.141968749999999 66.4612413455835
4.152635416666667 61.388098959059235
4.163302083333333 63.799229934446736
4.173968749999999 67.53215248429876
4.184635416666667 68.08355627668807
4.195302083333333 65.92157857665656
4.205968749999999 64.15278645652276
4.216635416666667 65.11276085028345
4.227302083333333 66.67252463758832
4.237968749999999 67.89950589558265
4.248635416666667 70.29844555413847
4.259302083333333 74.1172971828507
4.269968749999999 76.69472150567381
4.280635416666667 77.2538426859587
4.291302083333333 76.72519286732806
4.3019687499999995 76.18725159519566
4.312635416666667 75.54006231958647
4.323302083333333 74.97248295945693
4.3339687499999995 75.94939251529632
4.344635416666667 78.18722303783258
4.355302083333333 79.79240727766029
4.3659687499999995 80.67056242632981
4.376635416666667 81.06807824116346
4.387302083333333 80.89965136176554
4.3979687499999995 80.07146928900794
4.408635416666667 78.72534405175676
4.419302083333333 77.10878312582773
4.42996875 75.4839542484347
4.440635416666667 73.63507004223595
4.451302083333333 70.81179707214048
4.46196875 66.71729462210695
4.472635416666667 63.79366341976704
4.483302083333333 65.47156287073005
4.49396875 71.56808696450258
4.504635416666667 75.58348613097708
4.515302083333333 77.44961756760726
4.52596875 78.4483015184609
4.536635416666666 79.00052596080154
4.547302083333333 79.35536319265819
4.55796875 79.50810675068777
4.568635416666666 79.34900879302106
4.579302083333333 79.01518207695416
4.58996875 78.53591277330662
4.600635416666666 77.69729603893396
4.611302083333333 76.4395017946195
4.62196875 75.03188546584062
4.632635416666666 73.89585540221847
4.643302083333333 72.99681488602079
4.65396875 72.09582178580887
4.664635416666666 70.92335773459914
4.675302083333333 69.87768259933983
4.68596875 69.38183267226452
4.696635416666666 69.49299341298236
4.707302083333333 70.10400902460502
4.71796875 71.18491488056162
4.728635416666666 72.21620431033755
4.7393020833333335 72.80793743571184
4.74996875 73.06267184816149
4.760635416666666 73.17081396071919
4.7713020833333335 72.66769537505657
4.78196875 71.04323269101204
4.792635416666666 67.83002863975773
4.8033020833333335 64.70105648653428
4.81396875 65.17398799901827
4.824635416666666 64.90600095074495
4.835302083333334 61.83961040800995
4.84596875 58.2265901161151
4.856635416666666 63.50001890375129
4.867302083333334 69.65916947634013
4.87796875 74.13453582753644
4.888635416666666 77.36973316264732
4.899302083333334 79.26693325312782
4.90996875 79.9281858860366
4.920635416666666 80.19940549597644
4.931302083333333 80.32363357478272
4.94196875 80.17491099133377
4.952635416666666 79.83968031213777
4.963302083333333 79.58330790046845
4.97396875 79.313904970419
4.984635416666666 78.37694639309892
4.995302083333333 76.24832959427154
5.00596875 72.66267512827409
5.0166354166666665 67.371005049075
5.027302083333333 63.65503813610063
5.03796875 64.83738821050216
5.0486354166666665 64.65837036183211
5.059302083333333 61.6697441621953
5.06996875 59.77914611949074
5.0806354166666665 60.13134934624219
5.091302083333333 63.79243769753884
5.10196875 68.05033596796045
5.1126354166666665 69.7515298061881
5.123302083333333 69.51177264799598
5.13396875 68.8985837808914
5.144635416666667 69.46965818002047
5.155302083333333 69.71979504236864
5.16596875 69.19778796436339
5.176635416666667 68.94445258729604
5.187302083333333 69.28118417486262
5.19796875 69.17311146730678
5.208635416666667 68.40195572157722
5.219302083333333 67.146009494617
5.22996875 67.4362673586869
5.240635416666667 68.98779201716002
5.251302083333333 69.97089250471615
5.26196875 70.37950472980546
5.272635416666667 70.37400112434011
5.283302083333333 69.81263205055488
5.29396875 69.17119887249983
5.304635416666667 68.69931543614071
5.315302083333333 68.26410349123253
5.3259687499999995 67.30678288437056
5.336635416666667 66.61421561842909
5.347302083333333 66.77466133837311
5.3579687499999995 66.86317336352377
5.368635416666667 67.58260894192324
5.379302083333333 67.4622813899094
5.3899687499999995 66.33671061492504
5.400635416666667 66.38243873676744
5.411302083333333 67.81778666319697
5.42196875 68.94819484136322
5.432635416666667 69.7487480754319
5.443302083333333 70.25413780980577
5.45396875 70.39096045548088
5.464635416666667 70.17856442324292
5.475302083333333 69.78765562267917
5.48596875 69.58463650266289
5.496635416666667 69.68457066172357
5.507302083333333 70.02386585921754
5.51796875 70.48014855465934
5.528635416666667 70.80298186539912
5.539302083333333 70.58739654837501
5.54996875 70.48841833801154
5.560635416666667 70.77341640995488
5.571302083333333 71.19901911699448
5.58196875 71.57004157255432
5.592635416666667 71.76625243551948
5.603302083333333 71.48459344167745
5.61396875 71.28220677579174
5.624635416666667 70.7920805330273
5.635302083333333 68.28019228053863
5.64596875 64.41804036180125
5.656635416666667 62.145602993464955
5.667302083333333 62.92521360290449
5.67796875 61.632827738420346
5.688635416666667 59.21336574917092
5.699302083333333 58.49515810718109
5.70996875 60.338635679970025
5.720635416666666 63.31820889515303
5.7313020833333335 68.9867144625215
5.74196875 74.19476900580585
5.752635416666666 76.4732755472659
5.7633020833333335 76.57424730412673
5.77396875 76.30477340962977
5.784635416666666 76.8409347632537
5.7953020833333335 77.48372632880998
5.80596875 77.92952344360548
5.816635416666666 77.9603250820455
5.8273020833333335 76.74318033054851
5.83796875 73.32592948371021
5.848635416666666 68.58709672547255
5.859302083333334 67.0408045019752
5.86996875 67.0372805738977
5.880635416666666 66.51068675340287
5.891302083333334 65.65034977263562
5.90196875 64.1693039451714
5.912635416666666 62.346212714192966
5.923302083333334 62.60413306193434
5.93396875 66.59747974632869
5.944635416666666 69.80330381999616
5.955302083333334 71.39171211184293
5.96596875 71.9212568405825
5.976635416666666 71.253569106676
5.987302083333334 69.6636700819561
5.99796875 68.99456725450256
6.0086354166666665 69.18752434867393
6.019302083333334 69.48114662834162
6.02996875 68.91359183615306
6.0406354166666665 67.42635668843278
6.051302083333334 65.8212972746888
6.06196875 64.4470565932242
6.0726354166666665 64.64454852780639
6.083302083333334 64.18213377181539
6.09396875 63.88157986443211
6.1046354166666665 65.05895083306045
6.115302083333333 65.99915641105622
6.12596875 65.36485749047165
6.136635416666667 65.65069179702127
6.147302083333333 65.48597580903598
6.15796875 63.95129463972629
6.168635416666667 63.85732141582103
6.179302083333333 65.55674236487076
6.18996875 65.33365593270632
6.200635416666667 65.15016286423145
6.211302083333333 66.26848132442984
6.22196875 65.75969399493184
6.232635416666667 64.77347274085784
6.243302083333333 65.15665324205501
6.25396875 65.46189956650633
6.264635416666667 64.16064644940805
6.275302083333333 63.66868773274116
6.28596875 62.47382683484829
6.296635416666667 59.99874900334137
6.307302083333333 56.68604330622978
6.31796875 55.70830410628365
6.328635416666667 55.56804559462041
6.339302083333333 54.72313112387668
6.34996875 55.45610589180339
6.360635416666667 55.60373880259435
6.371302083333333 55.217491970164374
6.38196875 54.63434458874232
6.392635416666667 56.32436260561736
6.403302083333333 58.46839723595253
6.41396875 60.63346858258054
6.424635416666667 61.60834693852611
6.435302083333333 61.15891019552541
6.4459687500000005 59.07738103345498
6.456635416666667 60.225256229002866
6.467302083333333 61.84221360406124
6.4779687500000005 62.774668835679925
6.488635416666667 62.39323404774537
6.499302083333333 61.980649083819436
6.50996875 60.93776880979971
6.520635416666667 61.29446054617269
6.531302083333333 62.84481113241281
6.54196875 64.38901174947593
6.552635416666667 64.93831466717609
6.563302083333333 63.98980932985458
6.57396875 65.34027938487951
6.584635416666667 67.6216946921534
6.595302083333333 67.47898911668109
6.60596875 67.10200441639539
6.616635416666667 68.74266479869983
6.627302083333333 69.60331838565736
6.63796875 68.24375570909768
6.648635416666667 66.82630515594111
6.659302083333333 67.50995430053212
6.66996875 67.3898905670158
6.680635416666667 66.83791177480254
6.691302083333333 66.35043341635743
6.70196875 66.53055200431245
6.712635416666667 64.93201473164403
6.7233020833333335 63.932151123313226
6.73396875 62.97313598498327
6.744635416666667 61.82016334969552
6.7553020833333335 62.28870612789164
6.76596875 61.70318296540448
6.776635416666667 59.91169430878837
6.7873020833333335 60.443465490349475
6.79796875 61.38537395887081
6.808635416666667 61.444030004764855
6.8193020833333335 61.769555213300606
6.82996875 62.82655520385035
6.840635416666667 62.920772596907454
6.851302083333334 64.23976300387375
6.86196875 64.11479535125301
