mean: 77.10723986172478 std: 14.385696735694376 duration: 7.9495625
0.04411458333333288 38.16664464278114
0.054781249999999546 43.49162380559258
0.06544791666666622 47.33810494677732
0.07611458333333287 50.4526483404636
0.08678124999999956 53.56519972064352
0.09744791666666622 56.306540407982766
0.10811458333333288 61.48630918167087
0.11878124999999956 70.55797656124346
0.12944791666666622 77.37108896953376
0.1401145833333329 81.30591803091133
0.15078124999999956 83.39482815485778
0.16144791666666622 84.29803004967997
0.17211458333333288 84.19000971501248
0.18278124999999956 83.91354344849758
0.19344791666666622 83.86187959101838
0.2041145833333329 83.54599586823281
0.21478124999999956 83.21957896027278
0.22544791666666622 83.19023795802765
0.2361145833333329 82.73668918644293
0.24678124999999956 82.465401784342
0.2574479166666663 83.20037664082831
0.26811458333333293 84.56600473634293
0.2787812499999996 84.54141307405041
0.28944791666666625 82.28741915940701
0.3001145833333329 81.47121808980428
0.3107812499999996 82.1929969760184
0.3214479166666663 81.13759157071607
0.33211458333333294 78.31105516779759
0.3427812499999996 77.02289415085085
0.35344791666666625 78.44381140009403
0.36411458333333296 80.55640338269369
0.3747812499999996 82.87281466955604
0.3854479166666663 83.89095494087456
0.39611458333333294 84.59929919945331
0.4067812499999996 85.91033609819507
0.4174479166666663 86.68460522474662
0.42811458333333297 85.98966361582467
0.4387812499999996 84.21835763443516
0.4494479166666663 82.80495346161885
0.46011458333333294 82.13382007309066
0.47078124999999965 81.3514553639004
0.4814479166666663 80.874474741212
0.49211458333333297 81.07510267263964
0.5027812499999996 81.32489472584427
0.5134479166666662 81.38750415765867
0.5241145833333329 81.61705864026409
0.5347812499999997 82.13311573632112
0.5454479166666663 82.40414001763585
0.5561145833333329 81.65835175339188
0.5667812499999996 80.24467427322918
0.5774479166666663 80.07028430446698
0.5881145833333329 80.88115393729313
0.5987812499999996 81.12539626483077
0.6094479166666662 80.79941989915514
0.6201145833333329 81.3742035398244
0.6307812499999996 82.08804486551374
0.6414479166666662 82.24620185608984
0.6521145833333329 82.46355837424863
0.6627812499999995 83.2609159381223
0.6734479166666663 83.67587116791495
0.684114583333333 83.06433928648488
0.6947812499999996 81.30564721228538
0.7054479166666663 78.24199973962504
0.7161145833333329 74.38700270642907
0.7267812499999996 72.00062686756016
0.7374479166666663 71.64018832684165
0.7481145833333329 70.75048723185338
0.7587812499999996 69.38379637456116
0.7694479166666662 69.27598998906903
0.780114583333333 69.84066689287346
0.7907812499999997 70.38149501838994
0.8014479166666663 73.00641857412603
0.812114583333333 76.95718842636398
0.8227812499999996 80.05742289113437
0.8334479166666663 82.01506878378805
0.844114583333333 82.38621784872558
0.8547812499999996 81.12072008956926
0.8654479166666663 79.51714166643632
0.8761145833333329 79.35902095210102
0.8867812499999996 79.60432527065136
0.8974479166666663 78.51260575713437
0.908114583333333 77.2971123715504
0.9187812499999997 78.14615581456187
0.9294479166666663 77.9820073478044
0.940114583333333 76.7731873482669
0.9507812499999996 77.17222535681118
0.9614479166666663 78.22171085368059
0.972114583333333 78.89782440884471
0.9827812499999996 78.73292974704968
0.9934479166666663 77.77651191055482
1.004114583333333 77.93440510544697
1.0147812499999997 79.6491785230759
1.0254479166666663 80.88443207657845
1.036114583333333 80.68051880475183
1.0467812499999998 78.69682678030199
1.0574479166666664 75.46210463301443
1.068114583333333 74.37503805205593
1.0787812499999998 76.48009212460386
1.0894479166666664 79.05176538995096
1.100114583333333 81.04597484371484
1.1107812499999998 81.98650186410845
1.1214479166666664 82.67568902821672
1.132114583333333 83.72693820474154
1.1427812499999999 84.35351035289548
1.1534479166666665 84.5312557922152
1.164114583333333 84.59071796701578
1.1747812499999997 84.37003330144415
1.1854479166666665 83.7231256552535
1.196114583333333 82.84535131203194
1.2067812499999997 82.29594512460483
1.2174479166666665 82.15403158109574
1.2281145833333331 81.86866929458242
1.2387812499999997 80.90034757901115
1.2494479166666665 79.5824027684356
1.2601145833333331 78.81087847093625
1.2707812499999998 78.77615894908959
1.2814479166666664 79.19278902653727
1.2921145833333332 79.5610699285463
1.3027812499999998 79.33050439948695
1.3134479166666664 78.80670322006716
1.3241145833333332 78.7112142701568
1.3347812499999998 78.56745236807316
1.3454479166666664 77.95804426009133
1.3561145833333332 78.38369542636657
1.3667812499999998 79.08673967893787
1.3774479166666664 78.82101304537359
1.388114583333333 78.49229434560561
1.3987812499999999 79.51517317514244
1.4094479166666665 80.91772879691479
1.420114583333333 82.12680806162739
1.43078125 83.13005351508005
1.4414479166666665 82.58481865533395
1.452114583333333 81.49030501271723
1.4627812499999997 81.46436329824347
1.4734479166666665 81.20248099135416
1.4841145833333331 80.13442294802617
1.4947812499999997 77.83643063338808
1.5054479166666666 75.72251305663356
1.5161145833333332 74.92032817566746
1.5267812499999998 74.18997827614429
1.5374479166666666 72.61815181518574
1.5481145833333332 71.0574943440652
1.5587812499999998 70.8657570344597
1.5694479166666664 70.85461140799096
1.5801145833333332 70.51589671070622
1.5907812499999998 70.24207273705719
1.6014479166666664 71.35183480869341
1.6121145833333332 72.47372689637024
1.6227812499999998 72.31257551393479
1.6334479166666664 71.97048898359368
1.6441145833333333 71.44739084999497
1.6547812499999999 70.35661732136171
1.6654479166666665 69.7527432727985
1.676114583333333 69.74167863904091
1.68678125 70.06425000375539
1.6974479166666665 70.23329611664887
1.708114583333333 69.9206653438359
1.71878125 69.44828132181313
1.7294479166666665 70.46747690443466
1.7401145833333331 74.02966358849781
1.75078125 78.50880773980921
1.7614479166666666 81.69006237876609
1.7721145833333332 83.51010483212156
1.7827812499999998 84.49988618814211
1.7934479166666666 84.42969050440651
1.8041145833333332 83.86334353998095
1.8147812499999998 83.12009803773907
1.8254479166666666 81.26426850143713
1.8361145833333332 79.7808414915266
1.8467812499999998 78.9809026021346
1.8574479166666664 77.1083272112225
1.8681145833333332 74.57845615925656
1.8787812499999998 72.2284836261949
1.8894479166666664 71.35870455749378
1.9001145833333333 72.95371989476305
1.9107812499999999 76.55859713287461
1.9214479166666665 79.3924245136613
1.9321145833333333 80.78748630018593
1.94278125 81.10367952542245
1.9534479166666665 81.87280902957886
1.964114583333333 82.97112129789079
1.97478125 82.76098141886992
1.9854479166666665 80.75399742579128
1.9961145833333331 77.59695725786425
2.00678125 76.22544134782883
2.0174479166666663 76.47868495395721
2.028114583333333 77.07686659033428
2.03878125 77.27296981437478
2.0494479166666664 75.77617206816792
2.060114583333333 73.6467897404138
2.0707812499999996 73.10563650851202
2.0814479166666664 73.47308575741812
2.0921145833333328 73.96888326207524
2.1027812499999996 73.81570891257192
2.1134479166666664 72.92057465328567
2.124114583333333 74.44873354921705
2.1347812499999996 76.97688700895613
2.1454479166666665 78.00535251283475
2.156114583333333 77.51398046902847
2.1667812499999997 76.73199269009623
2.1774479166666665 76.82661707941868
2.188114583333333 75.90389834443188
2.1987812499999997 74.03579518365827
2.2094479166666665 72.97014074893947
2.220114583333333 72.47036617040379
2.2307812499999997 71.94916973129786
2.2414479166666665 71.44127267621457
2.252114583333333 70.70843098153675
2.2627812499999997 69.18814149545702
2.2734479166666666 69.52328524421253
2.284114583333333 71.89157513460981
2.2947812499999998 72.5215235143171
2.305447916666666 70.51958461262751
2.316114583333333 68.42705080715913
2.32678125 69.33590082375699
2.337447916666666 69.45114628589026
2.348114583333333 68.19716213144365
2.35878125 68.09432396288389
2.369447916666666 72.15424258898979
2.380114583333333 77.09899375646243
2.39078125 80.47871872827324
2.4014479166666662 82.30354948134874
2.412114583333333 82.80794064729902
2.42278125 82.58932944654589
2.4334479166666663 81.95447556157119
2.444114583333333 80.85607225111274
2.45478125 79.53628731852284
2.4654479166666663 78.64468237126263
2.476114583333333 77.98432977034832
2.4867812499999995 76.45786727741758
2.4974479166666663 75.15552739897045
2.508114583333333 73.94933723419275
2.5187812499999995 71.83663111002699
2.5294479166666664 71.15326090912629
2.540114583333333 72.54778749171659
2.5507812499999996 72.2333365411056
2.5614479166666664 70.00120215701448
2.572114583333333 67.8423459132899
2.5827812499999996 66.35931128636399
2.5934479166666664 65.29324126958898
2.6041145833333332 64.53504346914757
2.6147812499999996 63.92307227061555
2.6254479166666664 63.4854524012989
2.6361145833333333 65.31690558556204
2.6467812499999996 67.82623990835613
2.6574479166666665 68.76127838803255
2.6681145833333333 68.45359982209943
2.6787812499999997 69.83670417017849
2.6894479166666665 72.19858288270594
2.700114583333333 72.40507054778347
2.7107812499999997 71.44353847887969
2.7214479166666665 70.55086325546328
2.732114583333333 69.22147728343265
2.7427812499999997 68.45247292276687
2.7534479166666666 67.60001523324546
2.764114583333333 66.4830056537349
2.7747812499999998 65.60458442050866
2.7854479166666666 65.5895983911326
2.796114583333333 66.30827584359503
2.80678125 68.78570273916237
2.8174479166666666 72.88579087369385
2.828114583333333 76.44412795470775
2.83878125 79.33999344726817
2.8494479166666666 81.43098385160174
2.860114583333333 82.31578793863969
2.87078125 81.82267558496554
2.881447916666666 80.97368096711575
2.892114583333333 81.06424386781683
2.90278125 81.05168239957699
2.9134479166666662 79.88100825289419
2.924114583333333 77.5612024088183
2.93478125 74.52982267360005
2.9454479166666663 73.26757408706568
2.956114583333333 74.49212963463454
2.96678125 75.61728721283228
2.9774479166666663 75.88389307017864
2.988114583333333 75.33423797117285
2.99878125 74.25672554395183
3.0094479166666663 74.37862236745848
3.020114583333333 75.47535409766424
3.03078125 75.17900699562456
3.0414479166666664 73.53786406377279
3.052114583333333 73.21031333279977
3.06278125 74.55729860881517
3.0734479166666664 74.30324484502822
3.084114583333333 72.60975138932824
3.0947812499999996 72.52015159028238
3.1054479166666664 74.4588665786952
3.1161145833333332 75.18603566256567
3.1267812499999996 74.35288363588998
3.1374479166666664 72.7952723601372
3.1481145833333333 71.8035067787521
3.1587812499999997 71.43947146810108
3.1694479166666665 72.01932213738021
3.1801145833333333 72.88445437562922
3.1907812499999997 72.80413676325179
3.2014479166666665 70.99944382001829
3.2121145833333333 67.85124031588232
3.2227812499999997 66.14655929390551
3.2334479166666665 65.67265726828266
3.2441145833333334 64.60657577764586
3.2547812499999997 63.6623466400909
3.2654479166666666 62.71300448098678
3.276114583333333 61.09235829834256
3.2867812499999998 59.19030038192528
3.2974479166666666 57.95051951284468
3.308114583333333 57.82733523462249
3.31878125 59.89624191359698
3.3294479166666666 67.39981455938332
3.340114583333333 72.96910564326154
3.35078125 76.22403531254628
3.3614479166666666 78.73339569518106
3.372114583333333 80.5303266823218
3.38278125 81.62521342116412
3.3934479166666667 82.3084758622183
3.404114583333333 82.01996130831631
3.41478125 81.01481227918072
3.4254479166666667 80.61359710684734
3.436114583333333 81.11595360139519
3.44678125 82.139528112405
3.4574479166666667 82.76813460431325
3.468114583333333 82.59042315590214
3.47878125 82.54826498592018
3.4894479166666663 83.76366694003822
3.500114583333333 84.7628379971305
3.51078125 84.61499444907203
3.5214479166666663 84.00025399798254
3.532114583333333 83.84404338624762
3.54278125 83.63077133991469
3.5534479166666664 82.66919776239577
3.564114583333333 80.57393980492229
3.57478125 78.19331365020633
3.5854479166666664 77.14078837070845
3.5961145833333332 77.20941188075267
3.60678125 77.87247544977758
3.6174479166666664 77.33683884565718
3.6281145833333333 77.91999178452303
3.63878125 79.32268563157949
3.6494479166666665 79.05273681178419
3.6601145833333333 78.42792575580377
3.6707812499999997 77.85130539161067
3.6814479166666665 76.78665133862363
3.6921145833333333 76.21889663765508
3.7027812499999997 75.83495897693336
3.7134479166666665 74.80372204892001
3.7241145833333333 72.9588538552591
3.7347812499999997 71.2296949928076
3.7454479166666665 70.4171510640259
3.7561145833333334 69.05835931520517
3.7667812499999997 67.24943923630715
3.7774479166666666 67.29822981575421
3.7881145833333334 67.36354436844562
3.7987812499999998 65.99329328913257
3.8094479166666666 64.77725064098068
3.8201145833333334 64.51519281286073
3.83078125 64.57987604977008
3.8414479166666666 64.60774610305067
3.852114583333333 67.10135423942143
3.86278125 70.43915892481483
3.8734479166666667 72.41074772046564
3.884114583333333 73.34486845751579
3.89478125 73.64998092301744
3.9054479166666667 73.90166948804261
3.916114583333333 75.35081786529713
3.92678125 77.57160707989516
3.9374479166666667 79.21341309285174
3.948114583333333 80.28740393546141
3.95878125 81.09647369936825
3.9694479166666667 82.0195826215644
3.980114583333333 82.8153362871349
3.99078125 82.91923891884296
4.001447916666667 82.38996504403238
4.012114583333333 81.66086218892211
4.02278125 81.16777475541565
4.033447916666667 80.6995293738588
4.044114583333334 79.73260189985156
4.0547812500000004 78.40045247446695
4.065447916666667 77.29771520589524
4.076114583333334 75.81293091166866
4.0867812500000005 74.17986881416648
4.097447916666667 73.76974828566897
4.108114583333334 73.8235485143382
4.1187812500000005 73.28163155930356
4.129447916666667 72.05011639253195
4.140114583333333 70.09112191725899
4.1507812500000005 68.11423690103976
4.161447916666667 67.76153195678813
4.172114583333333 67.64388791371911
4.182781250000001 66.48466824763189
4.193447916666667 65.10572670578419
4.204114583333333 65.11543288578872
4.214781250000001 64.88843760274476
4.225447916666667 64.22015508496712
4.236114583333333 65.38590592336567
4.246781250000001 66.67153200773478
4.257447916666667 67.58282447007247
4.268114583333333 68.22883177096148
4.278781250000001 67.795946232419
4.289447916666667 67.41524125075087
4.300114583333333 66.94951880951906
4.310781250000001 65.55317844979999
4.321447916666667 63.688695266231285
4.332114583333333 61.9774021434127
4.342781250000001 60.63724538032173
4.353447916666667 59.081274888124106
4.3641145833333335 58.48397420597293
4.374781250000001 61.532637965234954
4.385447916666667 64.14842193246942
4.3961145833333335 63.98598772814467
4.406781250000001 61.537610993036374
4.417447916666667 59.17749244354597
4.4281145833333335 59.16106224643313
4.438781250000001 59.86670610249889
4.449447916666667 63.01617237142401
4.4601145833333335 67.4487827517909
4.470781250000001 70.46213390929566
4.481447916666667 72.2190150637064
4.492114583333334 73.16115636717218
4.502781250000001 73.56883117899115
4.513447916666667 73.34618458093148
4.524114583333334 71.46883036937142
4.53478125 68.13171749456842
4.545447916666667 67.32314440459626
4.556114583333334 68.90667512376838
4.56678125 69.62496337874288
4.577447916666667 69.11303100192973
4.588114583333334 68.92916555790093
4.59878125 70.40537500965483
4.609447916666667 71.82026272459608
4.620114583333334 72.2528760725206
4.63078125 72.21923413599093
4.641447916666667 72.23517009202071
4.652114583333334 72.5215776219263
4.66278125 72.1263774024745
4.673447916666667 70.7320566779241
4.684114583333334 69.19454761396482
4.69478125 67.53906678914676
4.705447916666667 66.5246254462212
4.716114583333334 68.48645554098601
4.72678125 72.2407454811257
4.737447916666667 74.44343642651695
4.748114583333334 74.84835091591306
4.75878125 74.9911501870547
4.7694479166666675 75.5803088212904
4.780114583333334 76.389658264351
4.79078125 76.9518042993293
4.8014479166666675 77.63863059244778
4.812114583333334 79.47799449968912
4.82278125 81.0442007748302
4.8334479166666675 81.88174578166405
4.844114583333334 82.37980110706016
4.85478125 82.53989119556863
4.8654479166666675 82.19006928753801
4.876114583333334 82.26386040052859
4.88678125 82.80860789958184
4.897447916666668 82.94793102771835
4.908114583333334 82.58040242007363
4.91878125 81.7073833652533
4.929447916666667 80.50036086507879
4.940114583333334 79.69907412398892
4.95078125 78.89865669032
4.961447916666667 78.5828764714089
4.972114583333334 79.10049687968234
4.98278125 78.84504632640218
4.993447916666667 77.21876744786985
5.004114583333334 75.22736501582477
5.01478125 74.1481760392363
5.025447916666667 72.51438288275742
5.036114583333334 70.5768607420644
5.04678125 69.03096736181942
5.057447916666667 68.39149066572254
5.068114583333334 68.0803788295776
5.0787812500000005 66.82989184758009
5.089447916666667 65.96325804213375
5.100114583333334 66.62261389798087
5.1107812500000005 68.64661755262843
5.121447916666667 70.57644303191802
5.132114583333334 72.19036375302274
5.1427812500000005 75.12700646290499
5.153447916666667 77.57196137457026
5.164114583333334 78.53294418030214
5.1747812500000006 78.97491331923847
5.185447916666667 79.15436392201558
5.196114583333334 79.14190094778358
5.206781250000001 79.47257449352875
5.217447916666667 79.4494686381333
5.228114583333334 78.21226803831932
5.238781250000001 74.89605619031741
5.249447916666667 69.95797598961668
5.260114583333334 66.82270632309087
5.270781250000001 67.71671860311085
5.281447916666667 72.13779732118594
5.292114583333334 76.0025359751607
5.302781250000001 78.29122675574422
5.313447916666667 79.2238524910322
5.324114583333333 78.6602205500384
5.334781250000001 77.09966450383754
5.345447916666667 75.9405868872051
5.3561145833333335 75.28094418753523
5.366781250000001 73.92812192436264
5.377447916666667 71.49693513820093
5.3881145833333335 68.69586691226505
5.398781250000001 66.97910996780222
5.409447916666667 68.20792323863625
5.4201145833333335 70.39025021804332
5.430781250000001 71.18195935275706
5.441447916666667 70.67875053112368
5.4521145833333335 70.17997145398853
5.462781250000001 69.71718438623994
5.473447916666667 68.74197059147234
5.484114583333334 68.64616021059877
5.494781250000001 70.51942657163056
5.505447916666667 70.97358910418544
5.516114583333334 68.43429822080884
5.526781250000001 65.1023622619838
5.537447916666667 64.70218387962318
5.548114583333334 65.4359361891719
5.558781250000001 65.99086807834273
5.569447916666667 66.87982240705725
5.580114583333334 67.31587854634539
5.590781250000001 65.98411518589516
5.601447916666667 63.19455828868975
5.612114583333334 65.67767546007255
5.622781250000001 72.03998563535166
5.633447916666667 76.54442363944096
5.644114583333334 79.03084788571151
5.654781250000001 79.67537368631919
5.665447916666667 79.0770024561862
5.676114583333334 78.32490927719863
5.686781250000001 77.23080032568734
5.697447916666667 75.9665786547025
5.708114583333334 74.52323305776558
5.71878125 72.87798746967984
5.729447916666667 72.03047186273375
5.740114583333334 71.51080995868413
5.75078125 72.0345272223475
5.7614479166666674 73.13807331629269
5.772114583333334 73.5276048182815
5.78278125 73.42173905858631
5.7934479166666675 73.70726903855093
5.804114583333334 74.25617131147573
5.81478125 74.11659760229712
5.8254479166666675 72.97972613619606
5.836114583333334 70.88283647288678
5.84678125 68.29995121204033
5.8574479166666675 66.74294985963157
5.868114583333334 65.47858351020773
5.87878125 64.0978112808058
5.889447916666668 64.24068111650175
5.900114583333334 65.84549364678028
5.91078125 67.42939395936729
5.921447916666668 67.06730218235637
5.932114583333334 64.41892140173006
5.94278125 61.11568699355786
5.953447916666668 60.00870091300974
5.964114583333334 59.7531232449044
5.97478125 59.125793246137675
5.985447916666668 58.273548910831906
5.996114583333334 56.86125259857331
6.00678125 55.152732376421916
6.017447916666668 54.667190980896514
6.028114583333334 55.16788146236412
6.03878125 54.50680373294816
6.049447916666668 53.86482397526568
6.060114583333334 54.56574131277428
6.0707812500000005 55.13143502902353
6.081447916666668 54.8532381075606
6.092114583333334 54.92233563840762
6.1027812500000005 54.9353743997484
6.113447916666667 55.85244471715115
6.124114583333334 61.1301478145453
6.1347812500000005 66.50583443425081
6.145447916666667 70.0126228066524
6.156114583333334 71.78699487759837
6.1667812500000005 73.527318513316
6.177447916666667 75.741045207755
6.188114583333334 76.84542727034548
6.198781250000001 76.83188998681561
6.209447916666667 76.4241604236715
6.220114583333334 75.34112367082516
6.230781250000001 72.79357947600742
6.241447916666667 69.73084679084263
6.252114583333334 69.48592641439679
6.262781250000001 71.91678534285151
6.273447916666667 73.47942103086314
6.284114583333334 74.20634601869806
6.294781250000001 75.00593747716772
6.305447916666667 75.34130838184619
6.316114583333334 74.51158831478071
6.326781250000001 73.64432417675874
6.337447916666667 73.33917306401399
6.348114583333334 72.25563200643597
6.358781250000001 70.9066129270054
6.369447916666667 69.91894711987038
6.380114583333334 69.34412867017417
6.390781250000001 68.78221081481071
6.401447916666667 68.5927092763457
6.412114583333334 68.07031327919086
6.422781250000001 66.79551901204503
6.433447916666667 65.78863999899164
6.444114583333334 64.63557628192459
6.454781250000001 62.58221162368337
6.465447916666667 60.99464740566361
6.4761145833333345 60.75436998892056
6.486781250000001 60.82364891134843
6.497447916666667 60.36704455094867
6.508114583333334 60.014399043831325
6.518781250000001 60.126120296162995
6.529447916666667 62.02931367796359
6.540114583333334 65.36484773086904
6.550781250000001 66.9905179863161
6.561447916666667 66.08411249415153
6.572114583333334 63.80939816502752
6.582781250000001 61.28290990529511
6.593447916666667 59.442674040554174
6.604114583333334 58.315186286789036
6.614781250000001 57.66895845874163
6.625447916666667 58.568672099804544
6.636114583333334 59.6274263999443
6.646781250000001 59.608861682086136
6.657447916666667 58.930584273396285
6.668114583333334 58.93312984428509
6.678781250000001 59.67360688051126
6.689447916666667 60.09419208750606
6.700114583333334 60.80454773917509
6.710781250000001 63.42931966524099
6.721447916666667 64.82222708384656
6.732114583333334 63.49948508105413
6.742781250000001 61.023185108793086
6.753447916666667 59.602417525968804
6.764114583333334 58.93894086627837
6.774781250000001 58.655749878251015
6.7854479166666675 58.03476090107181
6.796114583333334 56.878703682949336
6.806781250000001 56.61105968902248
6.8174479166666675 58.053897358253856
6.828114583333334 62.3611689658259
6.838781250000001 66.72530936456963
6.8494479166666675 69.66206857120777
6.860114583333334 71.67749367970805
6.870781250000001 72.16129950483992
6.8814479166666676 70.81090480923278
6.892114583333334 69.8396128239452
6.90278125 70.05525840661801
6.913447916666668 70.34253391120653
6.924114583333334 70.16244003465061
6.93478125 69.75613261941912
6.945447916666668 69.55422080250966
6.956114583333334 68.46503071733912
6.96678125 66.35140323681746
6.977447916666668 64.58305682595629
6.988114583333334 63.70427165774379
6.99878125 62.23654906273584
7.009447916666668 60.740187993272336
7.020114583333334 60.295162367443794
7.03078125 59.639049688161585
7.041447916666668 58.584124196254386
7.052114583333334 58.25947282586752
7.0627812500000005 57.98163757074725
7.073447916666668 57.527490371284806
7.084114583333334 56.46539804172913
7.0947812500000005 55.981799302827454
7.105447916666668 56.63426648589356
7.116114583333334 57.29655524932723
7.1267812500000005 57.45398012190645
7.137447916666668 56.978751150471865
7.148114583333334 55.31897973671249
7.1587812500000005 52.86881797064892
7.169447916666668 50.30215587745499
7.180114583333334 48.614204330445034
7.190781250000001 49.503369167784996
7.201447916666668 48.69402012186633
7.212114583333334 46.26019744553699
7.222781250000001 45.354496358212224
7.233447916666668 47.04004302211196
7.244114583333334 48.64181250871657
7.254781250000001 49.196817969545435
7.265447916666667 49.307435091552
7.276114583333334 49.152977661697655
7.286781250000001 49.39882018819081
7.297447916666667 50.280904630400805
7.308114583333334 49.385483469948774
7.318781250000001 46.97501069137172
7.329447916666667 46.74592548516876
7.340114583333334 47.366504726042784
7.350781250000001 46.95500160526692
7.361447916666667 46.53005109377198
7.372114583333334 45.68633653059915
7.382781250000001 46.818208159482
7.393447916666667 47.62912220206264
7.404114583333334 46.376595125505446
7.414781250000001 43.67758255634918
7.425447916666667 40.49453989585132
7.436114583333334 38.86433788121203
7.446781250000001 38.47644909034421
7.457447916666667 38.724923765224155
7.4681145833333344 40.258164108944385
7.478781250000001 40.905064311667054
7.489447916666667 40.481263792544
7.5001145833333345 39.266983884903375
7.510781250000001 38.306337869443745
7.521447916666667 39.042862938359775
7.5321145833333345 39.374208125125584
7.542781250000001 38.311890239667136
7.553447916666667 36.67148198920777
7.5641145833333345 34.40532251044496
7.574781250000001 34.290062064457054
7.585447916666667 36.66563098740886
7.596114583333335 36.82069416846327
7.606781250000001 34.536239716644026
7.617447916666667 31.813910855509427
7.628114583333335 31.062665739908795
7.638781250000001 30.5930218652233
7.649447916666667 29.980629024913227
7.660114583333334 28.819631634742663
7.670781250000001 26.58976169541551
7.681447916666667 23.688963711476898
7.692114583333334 20.14855341758993
7.702781250000001 18.721887541509034
7.713447916666667 20.742857989572006
7.724114583333334 22.442950422579795
7.734781250000001 21.69005519952583
7.745447916666667 19.334638714393204
7.756114583333334 16.20066179080998
7.766781250000001 14.39503284195396
7.7774479166666675 14.618661894071616
7.788114583333334 14.81908946861517
7.798781250000001 14.439011479202275
7.8094479166666675 13.712760931851298
7.820114583333334 12.55227360755506
7.830781250000001 12.07184188660818
7.8414479166666675 12.29165358769919
7.852114583333334 12.079207845857042
7.862781250000001 11.3692891663449
7.8734479166666675 10.346796069143018
7.884114583333334 9.574829174153537
7.894781250000001 9.944196617045678
7.905447916666668 10.559856708695394
