Time_s   Intensity_dB
0.066406   10.934300
0.082406   10.488076
0.098406   10.229277
0.114406   10.004893
0.130406   9.999648
0.146406   10.013854
0.162406   9.820513
0.178406   9.864437
0.194406   9.873429
0.210406   9.875345
0.226406   9.930165
0.242406   9.904179
0.258406   9.692258
0.274406   9.393484
0.290406   9.262977
0.306406   9.476553
0.322406   9.710122
0.338406   10.795510
0.354406   16.678787
0.370406   22.394136
0.386406   36.485053
0.402406   50.708831
0.418406   65.643084
0.434406   74.492978
0.450406   78.701387
0.466406   79.398843
0.482406   78.080454
0.498406   77.511972
0.514406   79.296723
0.530406   80.852313
0.546406   81.229659
0.562406   80.530526
0.578406   79.790959
0.594406   79.837874
0.610406   78.738300
0.626406   75.735136
0.642406   72.538217
0.658406   71.219336
0.674406   72.564380
0.690406   73.799503
0.706406   73.003108
0.722406   71.965028
0.738406   72.040404
0.754406   74.885744
0.770406   77.102388
0.786406   77.119179
0.802406   76.409948
0.818406   76.450630
0.834406   76.375651
0.850406   75.072462
0.866406   73.727961
0.882406   73.011693
0.898406   72.034768
0.914406   70.825883
0.930406   69.416866
0.946406   68.901738
0.962406   74.467060
0.978406   80.164192
0.994406   82.721797
1.010406   83.328733
1.026406   84.093480
1.042406   84.405682
1.058406   83.519729
1.074406   83.195550
1.090406   83.817742
1.106406   83.809876
1.122406   82.930243
1.138406   81.836292
1.154406   80.905551
1.170406   79.404653
1.186406   77.558387
1.202406   75.613743
1.218406   73.120082
1.234406   70.993542
1.250406   69.343440
1.266406   67.624649
1.282406   66.823438
1.298406   67.186277
1.314406   66.785345
1.330406   66.103358
1.346406   65.411844
1.362406   64.788561
1.378406   64.047394
1.394406   62.511774
1.410406   61.141327
1.426406   59.796944
1.442406   58.173597
1.458406   57.183943
1.474406   55.718039
1.490406   53.845265
1.506406   53.129056
1.522406   52.488846
1.538406   51.440767
1.554406   49.873933
1.570406   47.621842
1.586406   46.013867
1.602406   47.056756
1.618406   48.764677
1.634406   49.995395
1.650406   56.613839
1.666406   66.319905
1.682406   72.148122
1.698406   74.161901
1.714406   72.663259
1.730406   68.258513
1.746406   64.917008
1.762406   66.415090
1.778406   68.922554
1.794406   70.243367
1.810406   69.747580
1.826406   69.966762
1.842406   73.781340
1.858406   76.955726
1.874406   78.246649
1.890406   78.257645
1.906406   77.934520
1.922406   78.080717
1.938406   78.241587
1.954406   77.944150
1.970406   76.552685
1.986406   73.721127
2.002406   70.385168
2.018406   69.078128
2.034406   71.561220
2.050406   75.720742
2.066406   78.566686
2.082406   80.387726
2.098406   81.569816
2.114406   81.957699
2.130406   81.697867
2.146406   81.056707
2.162406   80.161585
2.178406   78.521051
2.194406   75.414397
2.210406   71.431404
2.226406   68.107129
2.242406   66.545422
2.258406   67.280880
2.274406   69.248033
2.290406   71.507908
2.306406   73.062241
2.322406   72.663172
2.338406   69.865071
2.354406   66.023875
2.370406   64.115677
2.386406   63.026471
2.402406   65.354309
2.418406   69.365341
2.434406   72.991066
2.450406   76.285051
2.466406   78.085849
2.482406   78.523216
2.498406   78.318638
2.514406   77.783824
2.530406   77.516216
2.546406   77.431905
2.562406   77.416395
2.578406   77.722354
2.594406   78.502837
2.610406   79.174009
2.626406   79.290128
2.642406   78.294423
2.658406   75.778089
2.674406   72.391596
2.690406   69.564209
2.706406   67.446923
2.722406   65.578574
2.738406   64.850852
2.754406   64.807004
2.770406   64.662490
2.786406   65.156412
2.802406   64.687687
2.818406   62.915236
2.834406   61.399957
2.850406   60.692292
2.866406   59.553291
2.882406   58.068716
2.898406   56.739359
2.914406   55.240805
2.930406   53.942926
2.946406   53.062882
2.962406   51.895727
2.978406   50.160044
2.994406   47.835387
3.010406   45.328542
3.026406   43.376209
3.042406   42.539182
3.058406   42.838262
3.074406   43.921524
3.090406   46.135280
3.106406   47.826629
3.122406   48.600701
3.138406   48.729692
3.154406   47.959816
3.170406   46.382991
3.186406   44.835325
3.202406   43.658604
3.218406   43.798569
3.234406   45.615533
3.250406   47.408923
3.266406   47.845179
3.282406   46.832181
3.298406   45.006609
3.314406   42.663328
3.330406   39.442664
3.346406   36.161381
3.362406   33.487274
3.378406   32.338122
3.394406   33.459254
3.410406   35.406717
3.426406   36.016375
3.442406   35.769149
3.458406   36.217548
3.474406   36.474122
3.490406   37.807248
3.506406   39.996386
3.522406   40.732625
3.538406   51.557556
3.554406   63.243024
3.570406   71.305865
3.586406   77.496039
3.602406   82.019231
3.618406   84.570088
3.634406   85.423360
3.650406   84.508511
3.666406   81.817496
3.682406   79.352801
3.698406   79.172357
3.714406   79.927772
3.730406   80.594443
3.746406   81.370732
3.762406   81.466192
3.778406   79.676484
3.794406   76.200905
3.810406   73.500415
3.826406   72.089861
3.842406   70.043950
3.858406   67.793430
3.874406   65.554908
3.890406   66.914467
3.906406   73.166289
3.922406   76.244120
3.938406   76.559567
3.954406   76.928232
3.970406   78.159577
3.986406   79.671212
4.002406   81.178812
4.018406   81.491990
4.034406   80.786291
4.050406   80.051842
4.066406   78.533747
4.082406   75.948608
4.098406   73.862699
4.114406   72.870253
4.130406   71.615069
4.146406   68.804445
4.162406   67.076953
4.178406   71.077336
4.194406   75.056649
4.210406   77.575426
4.226406   79.517359
4.242406   80.012393
4.258406   79.135252
4.274406   78.515396
4.290406   77.511178
4.306406   75.218393
4.322406   73.504969
4.338406   73.345278
4.354406   71.908265
4.370406   68.446839
4.386406   64.318215
4.402406   61.549394
4.418406   64.135090
4.434406   71.606388
4.450406   76.862855
4.466406   79.246435
4.482406   78.841830
4.498406   75.859394
4.514406   71.663396
4.530406   68.739811
4.546406   66.462595
4.562406   64.431969
4.578406   62.487826
4.594406   64.550576
4.610406   71.534197
4.626406   76.698575
4.642406   79.582111
4.658406   80.447701
4.674406   80.078443
4.690406   79.694809
4.706406   80.240480
4.722406   80.777169
4.738406   80.867656
4.754406   80.394851
4.770406   79.193275
4.786406   78.555711
4.802406   79.911209
4.818406   81.053447
4.834406   80.899594
4.850406   80.048687
4.866406   79.203088
4.882406   77.239813
4.898406   73.591803
4.914406   70.920605
4.930406   73.004025
4.946406   76.670905
4.962406   78.752215
4.978406   78.922191
4.994406   78.139561
5.010406   76.957828
5.026406   75.638686
5.042406   74.299698
5.058406   73.592642
5.074406   73.788298
5.090406   74.292190
5.106406   75.162825
5.122406   75.759558
5.138406   76.267329
5.154406   76.343272
5.170406   76.182099
5.186406   76.404269
5.202406   76.217225
5.218406   74.662797
5.234406   72.353011
5.250406   71.441844
5.266406   71.582703
5.282406   72.450947
5.298406   73.155792
5.314406   72.689402
5.330406   70.873853
5.346406   68.122774
5.362406   65.625626
5.378406   63.724534
5.394406   62.719256
5.410406   62.171802
5.426406   61.318138
5.442406   60.371520
5.458406   59.382762
5.474406   58.220771
5.490406   56.833326
5.506406   55.661136
5.522406   54.937129
5.538406   54.782396
5.554406   54.993078
5.570406   54.859536
5.586406   53.819194
5.602406   52.057180
5.618406   50.532285
5.634406   49.383431
5.650406   48.399604
5.666406   47.786402
5.682406   47.267094
5.698406   46.940745
5.714406   46.881040
5.730406   46.614679
5.746406   46.189736
5.762406   45.389634
5.778406   44.343492
5.794406   43.579778
5.810406   42.967775
5.826406   42.839276
5.842406   43.090665
5.858406   43.234233
5.874406   43.060649
5.890406   42.659160
5.906406   42.228551
5.922406   41.725829
5.938406   41.128159
5.954406   40.536267
5.970406   39.881336
5.986406   39.150632
6.002406   38.388434
6.018406   37.632740
6.034406   36.867915
6.050406   36.098599
6.066406   35.292577
6.082406   34.433744
6.098406   33.592889
6.114406   32.687665
6.130406   31.762725
6.146406   30.909789
6.162406   30.137245
6.178406   29.465204
6.194406   28.858783
6.210406   28.220663
6.226406   27.455449
6.242406   26.551200
6.258406   25.541399
6.274406   24.463413
6.290406   23.373477
6.306406   22.260020
6.322406   21.071702
6.338406   19.907507
6.354406   18.782407
6.370406   17.647175
6.386406   16.580922
6.402406   15.507506
6.418406   14.557965
6.434406   13.860981
6.450406   13.072837
6.466406   12.209319
6.482406   11.896437
6.498406   11.744220
6.514406   11.355147
6.530406   10.873062
6.546406   10.634643
6.562406   10.566946
6.578406   10.189605
6.594406   9.762648
6.610406   9.793819
6.626406   10.091268
6.642406   10.174485
6.658406   9.834322
6.674406   10.170979
6.690406   10.646313
6.706406   10.661276
6.722406   10.720758
6.738406   10.578431
6.754406   10.463078
6.770406   10.511225
6.786406   10.210109
6.802406   9.685923
6.818406   9.455255
6.834406   9.508177
6.850406   10.058604
6.866406   10.584561
6.882406   10.240797
6.898406   9.543355
6.914406   9.588129
6.930406   10.210311
6.946406   10.239583
6.962406   10.038429
6.978406   10.015173
6.994406   9.722637
7.010406   9.365646
7.026406   9.135575
7.042406   9.248464
7.058406   9.628375
7.074406   9.886264
7.090406   10.049368
7.106406   10.335273
7.122406   10.544032
7.138406   10.265460
7.154406   9.605470
7.170406   9.299063
7.186406   9.384385
7.202406   9.494958
7.218406   9.883601
7.234406   10.235164
7.250406   10.546104
7.266406   10.544228
7.282406   10.439557
7.298406   10.460579
7.314406   10.372347
7.330406   10.011372
7.346406   9.849149
7.362406   10.328489
7.378406   10.263111
7.394406   10.180669
7.410406   10.618144
7.426406   10.824594
7.442406   10.763147
7.458406   10.342408
7.474406   9.530854
7.490406   9.226521
7.506406   9.658437
7.522406   10.305923
7.538406   10.573192
7.554406   10.111945
7.570406   9.556993
7.586406   9.559097
7.602406   9.506002
7.618406   9.197650
7.634406   9.463554
7.650406   10.200246
7.666406   10.393674
7.682406   9.814901
7.698406   9.650486
7.714406   9.752891
7.730406   9.700128
7.746406   9.953031
7.762406   10.332723
7.778406   10.432889
7.794406   10.497608
7.810406   10.251678
7.826406   9.744611
7.842406   9.647928
7.858406   9.614414
7.874406   9.443463
7.890406   9.590634
7.906406   9.873264
7.922406   9.989716
7.938406   10.040647
7.954406   9.839765
7.970406   9.663382
7.986406   9.934971
8.002406   10.229633
8.018406   10.139770
8.034406   10.005376
8.050406   9.944798
8.066406   9.914632
8.082406   10.179715
8.098406   10.746596
8.114406   10.992971
8.130406   10.759691
8.146406   10.448800
8.162406   10.068662
8.178406   9.667282
8.194406   9.660972
8.210406   9.617385
8.226406   9.413956
8.242406   9.361152
8.258406   9.814828
8.274406   10.641979
8.290406   10.678114
8.306406   9.869834
8.322406   9.787988
8.338406   10.451714
8.354406   10.798274
8.370406   10.646685
8.386406   10.391529
8.402406   10.326490
8.418406   10.245923
8.434406   9.891743
8.450406   10.019311
8.466406   10.590849
8.482406   10.635605
8.498406   10.322939
8.514406   9.970348
8.530406   9.802993
8.546406   9.932806
8.562406   10.327645
8.578406   10.525643
8.594406   10.333778
8.610406   9.840552
8.626406   10.228493
8.642406   10.840829
