Time_s   F0_Hz
0.048500   --undefined--
0.063500   321.816887
0.078500   328.116060
0.093500   333.996171
0.108500   343.944618
0.123500   349.172887
0.138500   343.720439
0.153500   342.424989
0.168500   343.224932
0.183500   342.982234
0.198500   342.337086
0.213500   344.595810
0.228500   --undefined--
0.243500   --undefined--
0.258500   --undefined--
0.273500   346.747674
0.288500   362.938933
0.303500   367.253616
0.318500   362.244083
0.333500   360.465772
0.348500   363.691098
0.363500   368.373456
0.378500   374.898621
0.393500   374.030967
0.408500   370.348456
0.423500   367.218260
0.438500   367.675413
0.453500   373.147957
0.468500   379.566309
0.483500   381.173763
0.498500   --undefined--
0.513500   --undefined--
0.528500   --undefined--
0.543500   --undefined--
0.558500   339.258406
0.573500   343.666457
0.588500   340.155062
0.603500   325.745068
0.618500   320.740716
0.633500   317.522908
0.648500   314.538628
0.663500   312.444280
0.678500   308.539971
0.693500   305.505929
0.708500   305.843302
0.723500   301.373921
0.738500   295.140511
0.753500   292.073586
0.768500   297.718249
0.783500   --undefined--
0.798500   --undefined--
0.813500   --undefined--
0.828500   56.356618
0.843500   55.532697
0.858500   55.508107
0.873500   54.167303
0.888500   102.105500
0.903500   101.567067
0.918500   102.776721
0.933500   --undefined--
0.948500   271.618365
0.963500   274.672113
0.978500   278.275316
0.993500   277.701744
1.008500   276.946352
1.023500   272.634197
1.038500   265.980592
1.053500   261.250160
1.068500   260.452749
1.083500   263.643370
1.098500   270.583574
1.113500   273.383785
1.128500   265.757204
1.143500   267.142971
1.158500   262.721764
1.173500   259.768123
1.188500   271.268902
1.203500   270.462033
1.218500   269.398059
1.233500   269.653517
1.248500   271.181253
1.263500   273.143774
1.278500   275.981091
1.293500   278.503189
1.308500   280.639998
1.323500   286.443429
1.338500   312.951022
1.353500   316.581595
1.368500   311.573346
1.383500   286.874235
1.398500   287.529335
1.413500   287.079597
1.428500   --undefined--
1.443500   --undefined--
1.458500   136.938464
1.473500   138.048574
1.488500   288.086083
1.503500   267.574421
1.518500   245.024550
1.533500   242.267885
1.548500   120.892323
1.563500   122.084395
1.578500   125.467357
1.593500   124.731821
1.608500   121.109406
1.623500   115.377428
1.638500   114.482117
1.653500   --undefined--
1.668500   119.020494
1.683500   118.331199
1.698500   117.005697
1.713500   114.806192
1.728500   115.883702
1.743500   117.474429
1.758500   117.972636
1.773500   117.382512
1.788500   113.289843
1.803500   116.939960
1.818500   117.585308
1.833500   115.389153
1.848500   115.444793
1.863500   117.818763
1.878500   116.349487
1.893500   113.368984
1.908500   113.795342
1.923500   119.486989
1.938500   --undefined--
1.953500   222.013996
1.968500   220.012345
1.983500   218.655827
1.998500   219.346210
2.013500   220.771501
2.028500   219.273724
2.043500   219.448703
2.058500   --undefined--
2.073500   --undefined--
2.088500   --undefined--
2.103500   133.861207
2.118500   133.429421
2.133500   --undefined--
2.148500   --undefined--
2.163500   --undefined--
2.178500   --undefined--
2.193500   --undefined--
2.208500   --undefined--
2.223500   --undefined--
2.238500   284.375201
2.253500   284.639862
2.268500   285.003612
2.283500   --undefined--
2.298500   --undefined--
2.313500   --undefined--
2.328500   --undefined--
2.343500   --undefined--
2.358500   261.740089
2.373500   260.855480
2.388500   232.825347
2.403500   225.970789
2.418500   220.230480
2.433500   218.828197
2.448500   218.215610
2.463500   219.202517
2.478500   224.539412
2.493500   227.334729
2.508500   229.082624
2.523500   230.668420
2.538500   231.684713
2.553500   231.961739
2.568500   231.514193
2.583500   231.521251
2.598500   234.628660
2.613500   246.151577
2.628500   246.695435
2.643500   245.669125
2.658500   245.696606
2.673500   247.839962
2.688500   240.909518
2.703500   233.331952
2.718500   227.846556
2.733500   228.274566
2.748500   212.750734
2.763500   212.683789
2.778500   213.398389
2.793500   216.028761
2.808500   217.885666
2.823500   219.162301
2.838500   220.216425
2.853500   219.994839
2.868500   109.958293
2.883500   109.472734
2.898500   109.807466
2.913500   --undefined--
2.928500   --undefined--
2.943500   --undefined--
2.958500   --undefined--
2.973500   --undefined--
2.988500   --undefined--
3.003500   --undefined--
3.018500   --undefined--
3.033500   --undefined--
3.048500   --undefined--
3.063500   --undefined--
3.078500   --undefined--
3.093500   --undefined--
3.108500   --undefined--
3.123500   --undefined--
3.138500   --undefined--
3.153500   --undefined--
3.168500   --undefined--
3.183500   --undefined--
3.198500   --undefined--
3.213500   --undefined--
3.228500   396.208631
3.243500   394.995531
3.258500   --undefined--
3.273500   --undefined--
3.288500   --undefined--
3.303500   --undefined--
3.318500   --undefined--
3.333500   --undefined--
3.348500   --undefined--
3.363500   --undefined--
3.378500   --undefined--
3.393500   --undefined--
3.408500   --undefined--
3.423500   --undefined--
3.438500   --undefined--
3.453500   --undefined--
3.468500   207.129327
3.483500   205.979553
3.498500   204.531105
3.513500   202.728255
3.528500   200.531865
3.543500   194.969382
3.558500   194.253639
3.573500   193.457843
3.588500   191.827841
3.603500   190.065729
3.618500   190.153439
3.633500   192.026850
3.648500   193.466882
3.663500   194.546182
3.678500   195.067275
3.693500   194.687509
3.708500   193.401033
3.723500   193.356829
3.738500   192.820579
3.753500   191.092962
3.768500   190.856144
3.783500   191.975447
3.798500   192.255507
3.813500   191.880520
3.828500   192.478474
3.843500   192.124451
3.858500   190.060045
3.873500   190.676881
3.888500   190.773879
3.903500   191.101128
3.918500   190.825464
3.933500   189.739906
3.948500   --undefined--
3.963500   --undefined--
3.978500   --undefined--
3.993500   --undefined--
4.008500   195.202923
4.023500   196.015641
4.038500   194.559301
4.053500   192.034561
4.068500   200.446441
4.083500   --undefined--
4.098500   --undefined--
4.113500   --undefined--
4.128500   207.771250
4.143500   198.905912
4.158500   195.797164
4.173500   193.042110
4.188500   194.455417
4.203500   195.027259
4.218500   194.657378
4.233500   194.672984
4.248500   194.719404
4.263500   116.003767
4.278500   116.218093
4.293500   116.368758
4.308500   117.953193
4.323500   115.930265
4.338500   129.030092
4.353500   129.240168
4.368500   130.275540
4.383500   266.716717
4.398500   273.124771
4.413500   276.965822
4.428500   280.733193
4.443500   283.866077
4.458500   285.297734
4.473500   283.689644
4.488500   284.870615
4.503500   285.465367
4.518500   --undefined--
4.533500   109.792711
4.548500   109.930290
4.563500   109.808201
4.578500   106.006196
4.593500   58.050142
4.608500   59.132338
4.623500   59.194950
4.638500   57.153645
4.653500   56.803700
4.668500   56.805611
4.683500   --undefined--
4.698500   289.714664
4.713500   289.151017
4.728500   284.600170
4.743500   278.304766
4.758500   271.834928
4.773500   270.284599
4.788500   269.829312
4.803500   269.554266
4.818500   269.634267
4.833500   269.444501
4.848500   268.308015
4.863500   267.355320
4.878500   268.188346
4.893500   267.957977
4.908500   261.356728
4.923500   256.169030
4.938500   252.996139
4.953500   250.909703
4.968500   250.513345
4.983500   252.158527
4.998500   255.004314
5.013500   257.511322
5.028500   257.299831
5.043500   256.686845
5.058500   256.527059
5.073500   257.156723
5.088500   258.664702
5.103500   259.690886
5.118500   259.503771
5.133500   259.120543
5.148500   260.299019
5.163500   260.314206
5.178500   129.567075
5.193500   130.506577
5.208500   130.279355
5.223500   129.940148
5.238500   129.205480
5.253500   127.123847
5.268500   128.233053
5.283500   129.233200
5.298500   --undefined--
5.313500   219.076900
5.328500   213.610609
5.343500   207.060772
5.358500   205.788916
5.373500   205.481188
5.388500   205.997186
5.403500   206.595881
5.418500   206.274219
5.433500   206.802706
5.448500   207.620153
5.463500   209.184529
5.478500   208.989581
5.493500   207.334367
5.508500   206.146438
5.523500   204.953211
5.538500   204.907957
5.553500   206.435078
5.568500   210.005956
5.583500   105.772451
5.598500   105.693932
5.613500   102.142909
5.628500   101.752971
5.643500   101.731776
5.658500   102.210709
5.673500   102.126328
5.688500   102.165481
5.703500   104.671307
5.718500   104.559669
5.733500   105.123450
5.748500   106.011227
5.763500   106.020126
5.778500   103.007726
5.793500   103.935058
5.808500   --undefined--
5.823500   --undefined--
5.838500   --undefined--
5.853500   --undefined--
5.868500   --undefined--
5.883500   --undefined--
5.898500   --undefined--
5.913500   --undefined--
5.928500   --undefined--
5.943500   --undefined--
5.958500   --undefined--
5.973500   --undefined--
5.988500   --undefined--
6.003500   --undefined--
6.018500   --undefined--
6.033500   --undefined--
6.048500   --undefined--
6.063500   --undefined--
6.078500   --undefined--
6.093500   --undefined--
6.108500   --undefined--
6.123500   --undefined--
6.138500   --undefined--
6.153500   --undefined--
6.168500   --undefined--
6.183500   --undefined--
6.198500   --undefined--
6.213500   --undefined--
6.228500   --undefined--
6.243500   --undefined--
6.258500   --undefined--
6.273500   --undefined--
6.288500   --undefined--
6.303500   --undefined--
6.318500   --undefined--
6.333500   --undefined--
6.348500   --undefined--
6.363500   --undefined--
6.378500   --undefined--
6.393500   --undefined--
6.408500   --undefined--
6.423500   --undefined--
6.438500   --undefined--
6.453500   --undefined--
6.468500   --undefined--
6.483500   --undefined--
6.498500   --undefined--
6.513500   --undefined--
6.528500   --undefined--
6.543500   --undefined--
6.558500   --undefined--
6.573500   --undefined--
6.588500   --undefined--
6.603500   --undefined--
6.618500   --undefined--
6.633500   --undefined--
6.648500   --undefined--
6.663500   --undefined--
6.678500   --undefined--
6.693500   --undefined--
6.708500   --undefined--
6.723500   --undefined--
6.738500   --undefined--
6.753500   --undefined--
6.768500   --undefined--
6.783500   --undefined--
6.798500   --undefined--
6.813500   --undefined--
6.828500   --undefined--
6.843500   --undefined--
6.858500   --undefined--
6.873500   --undefined--
6.888500   --undefined--
6.903500   --undefined--
6.918500   --undefined--
6.933500   --undefined--
6.948500   --undefined--
6.963500   --undefined--
6.978500   --undefined--
6.993500   --undefined--
7.008500   --undefined--
7.023500   --undefined--
7.038500   --undefined--
7.053500   --undefined--
7.068500   --undefined--
7.083500   --undefined--
7.098500   --undefined--
7.113500   --undefined--
7.128500   --undefined--
7.143500   --undefined--
7.158500   --undefined--
7.173500   --undefined--
7.188500   --undefined--
7.203500   --undefined--
7.218500   --undefined--
7.233500   --undefined--
7.248500   --undefined--
7.263500   --undefined--
7.278500   --undefined--
7.293500   --undefined--
7.308500   --undefined--
7.323500   --undefined--
7.338500   --undefined--
7.353500   --undefined--
7.368500   --undefined--
7.383500   --undefined--
7.398500   --undefined--
7.413500   --undefined--
7.428500   --undefined--
7.443500   --undefined--
7.458500   --undefined--
7.473500   --undefined--
7.488500   --undefined--
7.503500   --undefined--
7.518500   208.778388
7.533500   203.482154
7.548500   196.025120
7.563500   194.013578
7.578500   193.181222
7.593500   193.180462
7.608500   193.143417
7.623500   193.178042
7.638500   193.629464
7.653500   --undefined--
7.668500   --undefined--
7.683500   --undefined--
7.698500   --undefined--
7.713500   --undefined--
7.728500   --undefined--
7.743500   --undefined--
7.758500   --undefined--
7.773500   232.900436
7.788500   221.187803
7.803500   221.591017
7.818500   220.661245
7.833500   210.562898
7.848500   215.045934
7.863500   214.461863
7.878500   210.993694
7.893500   204.219436
7.908500   201.122591
7.923500   199.116933
7.938500   198.875657
7.953500   197.497035
7.968500   196.163062
7.983500   195.970805
7.998500   196.159500
8.013500   195.662877
8.028500   195.371835
8.043500   194.450094
8.058500   193.955991
8.073500   193.790241
8.088500   193.130505
8.103500   191.666200
8.118500   191.601697
8.133500   192.983653
8.148500   195.014639
8.163500   --undefined--
8.178500   --undefined--
8.193500   --undefined--
8.208500   --undefined--
8.223500   --undefined--
8.238500   --undefined--
8.253500   --undefined--
8.268500   305.831909
8.283500   295.039052
8.298500   291.834853
8.313500   290.819814
8.328500   292.190615
8.343500   294.041405
8.358500   294.651334
8.373500   295.276947
8.388500   293.908848
8.403500   292.860093
8.418500   291.312951
8.433500   287.800713
8.448500   283.443720
8.463500   286.929813
8.478500   290.135718
8.493500   283.168400
8.508500   282.242106
8.523500   284.296383
8.538500   284.869947
8.553500   --undefined--
8.568500   --undefined--
8.583500   248.754787
8.598500   237.910320
8.613500   228.839995
8.628500   224.794743
8.643500   221.623618
8.658500   217.074652
8.673500   216.151459
8.688500   214.844339
8.703500   213.182933
8.718500   211.612258
8.733500   210.291031
8.748500   209.963666
8.763500   210.915911
8.778500   206.781759
8.793500   207.113097
8.808500   206.856010
8.823500   205.818418
8.838500   204.386384
8.853500   203.002455
8.868500   202.339195
8.883500   200.873165
8.898500   199.394250
8.913500   198.343677
8.928500   197.365025
8.943500   196.537625
8.958500   196.479423
8.973500   196.760855
8.988500   197.377199
9.003500   197.425580
9.018500   196.963259
9.033500   197.278042
9.048500   198.167513
9.063500   198.793124
9.078500   198.402463
9.093500   199.163382
9.108500   --undefined--
9.123500   --undefined--
9.138500   --undefined--
9.153500   --undefined--
9.168500   --undefined--
9.183500   --undefined--
9.198500   --undefined--
9.213500   --undefined--
9.228500   --undefined--
9.243500   --undefined--
9.258500   --undefined--
9.273500   --undefined--
9.288500   --undefined--
9.303500   --undefined--
9.318500   --undefined--
9.333500   --undefined--
9.348500   --undefined--
9.363500   --undefined--
9.378500   --undefined--
9.393500   --undefined--
9.408500   --undefined--
9.423500   --undefined--
9.438500   --undefined--
9.453500   320.894892
9.468500   324.003015
9.483500   334.276822
9.498500   344.679222
9.513500   327.462413
9.528500   341.810577
9.543500   --undefined--
9.558500   --undefined--
9.573500   --undefined--
9.588500   --undefined--
9.603500   --undefined--
9.618500   --undefined--
9.633500   347.907881
9.648500   361.582030
9.663500   340.947009
9.678500   327.480352
9.693500   323.836898
9.708500   324.824517
9.723500   325.891975
9.738500   326.973587
9.753500   331.551734
9.768500   341.582616
9.783500   342.552975
9.798500   340.581299
9.813500   337.308879
9.828500   334.196326
9.843500   334.149746
9.858500   338.234257
9.873500   340.994105
9.888500   341.477340
9.903500   341.178473
9.918500   343.377145
9.933500   327.613531
9.948500   285.380846
9.963500   275.286531
9.978500   263.564450
9.993500   254.319315
10.008500   253.032056
10.023500   272.643446
10.038500   271.847909
10.053500   269.485748
10.068500   260.750977
10.083500   260.156874
10.098500   269.240458
10.113500   269.560383
10.128500   254.781660
10.143500   250.200688
10.158500   245.613277
10.173500   244.377263
10.188500   244.227670
10.203500   244.280226
10.218500   244.024615
10.233500   243.417426
10.248500   243.354297
10.263500   243.203549
10.278500   241.946535
10.293500   240.257307
10.308500   237.669621
10.323500   226.802200
10.338500   224.468339
10.353500   223.295326
10.368500   222.304535
10.383500   220.443978
10.398500   220.008814
10.413500   220.093578
10.428500   219.457835
10.443500   219.136791
10.458500   220.649503
10.473500   221.604765
10.488500   222.055474
10.503500   220.170850
10.518500   219.366862
10.533500   220.266879
10.548500   219.864620
10.563500   220.434871
10.578500   220.863134
10.593500   110.474913
10.608500   110.622440
10.623500   110.671662
10.638500   110.376042
10.653500   110.099449
10.668500   110.224547
10.683500   109.931460
10.698500   --undefined--
10.713500   268.612990
10.728500   270.235014
10.743500   274.806002
10.758500   274.665035
10.773500   274.618048
10.788500   274.844264
10.803500   273.836678
10.818500   280.743236
10.833500   295.538875
10.848500   296.705602
10.863500   294.301575
10.878500   291.217289
10.893500   282.443880
10.908500   275.031593
10.923500   272.476300
10.938500   270.905990
10.953500   271.654490
10.968500   272.557647
10.983500   271.562336
10.998500   270.604219
11.013500   269.774099
11.028500   269.955320
11.043500   270.401414
11.058500   270.400745
11.073500   272.878953
11.088500   274.029413
11.103500   268.722844
11.118500   267.681706
11.133500   268.577447
11.148500   269.209734
11.163500   264.560927
11.178500   275.572990
11.193500   268.237449
11.208500   275.696486
11.223500   271.787613
11.238500   263.917984
11.253500   256.237673
11.268500   250.343452
11.283500   243.910330
11.298500   242.256345
11.313500   240.796485
11.328500   239.411818
11.343500   237.854545
11.358500   237.229943
11.373500   236.433838
11.388500   237.072781
11.403500   237.474092
11.418500   237.650312
11.433500   238.430498
11.448500   240.206057
11.463500   --undefined--
11.478500   --undefined--
11.493500   --undefined--
11.508500   --undefined--
11.523500   --undefined--
11.538500   246.290655
11.553500   229.289578
11.568500   221.702866
11.583500   214.334605
11.598500   203.702431
11.613500   200.466410
11.628500   198.718055
11.643500   196.631114
11.658500   --undefined--
11.673500   --undefined--
11.688500   --undefined--
11.703500   --undefined--
11.718500   192.431795
11.733500   190.608469
11.748500   188.505756
11.763500   187.403113
11.778500   187.239848
11.793500   188.278143
11.808500   122.281930
11.823500   114.112585
11.838500   --undefined--
11.853500   --undefined--
11.868500   --undefined--
11.883500   --undefined--
11.898500   --undefined--
11.913500   --undefined--
11.928500   --undefined--
11.943500   --undefined--
11.958500   --undefined--
11.973500   312.931637
11.988500   301.747438
12.003500   297.856973
12.018500   298.236557
12.033500   301.769656
12.048500   304.025657
12.063500   303.241877
12.078500   297.539976
12.093500   294.388158
12.108500   291.149876
12.123500   288.882833
12.138500   286.691939
12.153500   283.923039
12.168500   281.656634
12.183500   279.008857
12.198500   277.814154
12.213500   277.301134
12.228500   275.749415
12.243500   273.693730
12.258500   272.368633
12.273500   272.839560
12.288500   273.895282
12.303500   273.580061
12.318500   271.617105
12.333500   270.693817
12.348500   273.112993
12.363500   273.296773
12.378500   274.113688
12.393500   277.084014
12.408500   --undefined--
12.423500   --undefined--
12.438500   --undefined--
12.453500   229.428304
12.468500   221.046952
12.483500   220.345640
12.498500   210.384568
12.513500   210.628988
12.528500   210.017748
12.543500   201.542117
12.558500   192.718016
12.573500   194.718173
12.588500   195.600114
12.603500   195.315743
12.618500   195.380783
12.633500   196.129127
12.648500   197.005848
12.663500   196.480508
12.678500   195.827291
12.693500   --undefined--
12.708500   --undefined--
12.723500   --undefined--
12.738500   --undefined--
12.753500   --undefined--
12.768500   --undefined--
12.783500   --undefined--
12.798500   395.309423
12.813500   392.747443
12.828500   --undefined--
12.843500   --undefined--
12.858500   --undefined--
12.873500   --undefined--
12.888500   --undefined--
12.903500   --undefined--
12.918500   --undefined--
12.933500   --undefined--
12.948500   --undefined--
12.963500   --undefined--
12.978500   --undefined--
12.993500   --undefined--
13.008500   --undefined--
13.023500   --undefined--
13.038500   --undefined--
13.053500   --undefined--
13.068500   --undefined--
13.083500   --undefined--
13.098500   --undefined--
13.113500   --undefined--
13.128500   198.236462
13.143500   195.809518
13.158500   192.538911
13.173500   191.900914
13.188500   193.139549
13.203500   194.227684
13.218500   194.625702
13.233500   194.200825
13.248500   195.724783
13.263500   198.003276
13.278500   197.052823
13.293500   194.606706
13.308500   --undefined--
13.323500   --undefined--
13.338500   --undefined--
13.353500   --undefined--
13.368500   --undefined--
13.383500   180.090900
13.398500   180.013801
13.413500   181.405550
13.428500   181.819518
13.443500   181.645038
13.458500   --undefined--
13.473500   --undefined--
13.488500   --undefined--
13.503500   --undefined--
13.518500   --undefined--
13.533500   --undefined--
13.548500   --undefined--
13.563500   --undefined--
13.578500   --undefined--
13.593500   --undefined--
13.608500   --undefined--
13.623500   --undefined--
13.638500   185.890631
13.653500   187.065735
13.668500   187.489577
13.683500   187.323448
13.698500   186.447598
13.713500   185.163776
13.728500   185.114197
13.743500   185.467629
13.758500   186.079108
13.773500   186.270682
13.788500   185.788388
13.803500   185.446980
13.818500   185.814829
13.833500   --undefined--
13.848500   --undefined--
13.863500   --undefined--
13.878500   --undefined--
13.893500   --undefined--
13.908500   --undefined--
13.923500   --undefined--
13.938500   --undefined--
13.953500   --undefined--
13.968500   186.737289
13.983500   186.950087
13.998500   188.308278
14.013500   193.360818
14.028500   194.127795
14.043500   187.707557
14.058500   187.966776
14.073500   189.088312
14.088500   195.733026
14.103500   --undefined--
14.118500   --undefined--
14.133500   --undefined--
14.148500   --undefined--
14.163500   --undefined--
14.178500   217.660434
14.193500   218.031087
14.208500   217.694747
14.223500   219.598142
14.238500   231.278410
14.253500   245.197361
14.268500   258.056738
14.283500   261.641067
14.298500   263.050985
14.313500   264.522072
14.328500   263.153826
14.343500   260.952592
14.358500   260.282261
14.373500   258.287028
14.388500   252.190965
14.403500   234.344521
14.418500   228.864869
14.433500   225.646733
14.448500   223.421724
14.463500   224.062929
14.478500   226.466621
14.493500   224.700170
14.508500   223.462851
14.523500   222.985529
14.538500   224.103841
14.553500   225.323278
14.568500   --undefined--
14.583500   --undefined--
14.598500   --undefined--
14.613500   --undefined--
14.628500   241.518678
14.643500   233.624196
14.658500   208.739340
14.673500   199.286337
14.688500   198.446113
14.703500   197.719953
14.718500   200.044952
14.733500   196.859724
14.748500   192.743994
14.763500   --undefined--
14.778500   --undefined--
14.793500   --undefined--
14.808500   92.564082
14.823500   92.657072
14.838500   89.768706
14.853500   --undefined--
14.868500   --undefined--
14.883500   --undefined--
14.898500   --undefined--
14.913500   --undefined--
14.928500   183.213937
14.943500   183.359322
14.958500   182.823579
14.973500   179.919206
14.988500   178.921040
15.003500   179.179110
15.018500   179.807682
15.033500   --undefined--
15.048500   67.128445
15.063500   59.608063
15.078500   59.375091
15.093500   58.861762
15.108500   58.753448
15.123500   --undefined--
15.138500   --undefined--
15.153500   --undefined--
15.168500   --undefined--
15.183500   --undefined--
15.198500   --undefined--
15.213500   --undefined--
15.228500   --undefined--
15.243500   --undefined--
15.258500   --undefined--
15.273500   --undefined--
15.288500   --undefined--
15.303500   --undefined--
15.318500   --undefined--
15.333500   --undefined--
15.348500   --undefined--
15.363500   --undefined--
15.378500   --undefined--
15.393500   --undefined--
15.408500   --undefined--
15.423500   --undefined--
15.438500   --undefined--
15.453500   --undefined--
15.468500   --undefined--
15.483500   --undefined--
15.498500   --undefined--
15.513500   --undefined--
15.528500   --undefined--
15.543500   --undefined--
15.558500   --undefined--
15.573500   --undefined--
15.588500   --undefined--
15.603500   --undefined--
15.618500   --undefined--
15.633500   --undefined--
15.648500   328.061789
15.663500   329.804836
15.678500   325.210607
15.693500   318.719567
15.708500   --undefined--
15.723500   --undefined--
15.738500   --undefined--
15.753500   --undefined--
15.768500   --undefined--
15.783500   --undefined--
15.798500   --undefined--
15.813500   --undefined--
15.828500   --undefined--
15.843500   --undefined--
15.858500   --undefined--
15.873500   --undefined--
15.888500   --undefined--
15.903500   303.809096
15.918500   291.798926
15.933500   290.796314
15.948500   --undefined--
15.963500   --undefined--
15.978500   --undefined--
15.993500   --undefined--
16.008500   --undefined--
16.023500   --undefined--
16.038500   --undefined--
16.053500   --undefined--
16.068500   --undefined--
16.083500   --undefined--
16.098500   --undefined--
16.113500   --undefined--
16.128500   --undefined--
16.143500   --undefined--
16.158500   --undefined--
16.173500   --undefined--
16.188500   --undefined--
16.203500   --undefined--
16.218500   --undefined--
16.233500   --undefined--
16.248500   --undefined--
16.263500   --undefined--
16.278500   --undefined--
16.293500   --undefined--
16.308500   --undefined--
16.323500   --undefined--
16.338500   --undefined--
16.353500   --undefined--
16.368500   --undefined--
16.383500   --undefined--
16.398500   --undefined--
16.413500   --undefined--
16.428500   --undefined--
16.443500   --undefined--
16.458500   --undefined--
16.473500   --undefined--
16.488500   --undefined--
16.503500   --undefined--
16.518500   --undefined--
16.533500   --undefined--
16.548500   --undefined--
16.563500   --undefined--
16.578500   --undefined--
16.593500   --undefined--
16.608500   --undefined--
16.623500   --undefined--
16.638500   --undefined--
16.653500   --undefined--
16.668500   --undefined--
16.683500   --undefined--
16.698500   --undefined--
16.713500   --undefined--
16.728500   --undefined--
16.743500   --undefined--
16.758500   --undefined--
16.773500   --undefined--
16.788500   --undefined--
16.803500   --undefined--
16.818500   --undefined--
16.833500   --undefined--
16.848500   --undefined--
16.863500   --undefined--
16.878500   --undefined--
16.893500   --undefined--
16.908500   --undefined--
16.923500   --undefined--
16.938500   --undefined--
16.953500   --undefined--
16.968500   --undefined--
16.983500   --undefined--
16.998500   --undefined--
17.013500   --undefined--
17.028500   --undefined--
17.043500   --undefined--
17.058500   --undefined--
17.073500   --undefined--
17.088500   --undefined--
17.103500   --undefined--
17.118500   --undefined--
17.133500   --undefined--
17.148500   --undefined--
17.163500   --undefined--
17.178500   --undefined--
17.193500   --undefined--
17.208500   --undefined--
17.223500   --undefined--
17.238500   --undefined--
17.253500   --undefined--
17.268500   --undefined--
17.283500   --undefined--
17.298500   --undefined--
17.313500   --undefined--
17.328500   --undefined--
17.343500   --undefined--
17.358500   --undefined--
17.373500   --undefined--
17.388500   --undefined--
17.403500   --undefined--
17.418500   --undefined--
17.433500   --undefined--
17.448500   --undefined--
17.463500   --undefined--
17.478500   --undefined--
17.493500   --undefined--
17.508500   --undefined--
17.523500   --undefined--
17.538500   --undefined--
17.553500   --undefined--
17.568500   --undefined--
17.583500   --undefined--
17.598500   --undefined--
17.613500   --undefined--
17.628500   --undefined--
17.643500   --undefined--
17.658500   --undefined--
17.673500   --undefined--
17.688500   --undefined--
17.703500   --undefined--
17.718500   --undefined--
17.733500   --undefined--
17.748500   --undefined--
17.763500   --undefined--
17.778500   --undefined--
17.793500   --undefined--
17.808500   --undefined--
17.823500   --undefined--
17.838500   --undefined--
17.853500   --undefined--
17.868500   --undefined--
17.883500   --undefined--
17.898500   --undefined--
17.913500   --undefined--
17.928500   --undefined--
17.943500   --undefined--
17.958500   --undefined--
17.973500   --undefined--
17.988500   --undefined--
18.003500   --undefined--
18.018500   --undefined--
18.033500   --undefined--
18.048500   --undefined--
18.063500   --undefined--
18.078500   --undefined--
18.093500   --undefined--
18.108500   --undefined--
18.123500   --undefined--
18.138500   --undefined--
18.153500   --undefined--
18.168500   --undefined--
18.183500   --undefined--
18.198500   --undefined--
18.213500   --undefined--
18.228500   --undefined--
18.243500   --undefined--
18.258500   --undefined--
18.273500   --undefined--
18.288500   --undefined--
18.303500   --undefined--
18.318500   --undefined--
