mean: 76.47814473636895 std: 5.34224738091822
0.04695833333333225 65.5761988364277
0.05762499999999891 64.96867787271327
0.06829166666666558 62.77839869633013
0.07895833333333224 62.924345381116524
0.08962499999999893 63.644819998970796
0.10029166666666559 62.48677729321508
0.11095833333333224 66.42069652785698
0.12162499999999893 72.22250829527339
0.13229166666666559 76.63981401895482
0.14295833333333227 79.65736732830898
0.15362499999999893 81.77573602413838
0.1642916666666656 83.31040520004088
0.17495833333333224 84.36580553028614
0.18562499999999893 84.8845935431954
0.1962916666666656 84.86609787289837
0.20695833333333227 84.50875259188159
0.21762499999999893 84.06959932912247
0.2282916666666656 83.69340563239174
0.23895833333333227 83.29256319500976
0.24962499999999893 82.79983687831523
0.26029166666666564 82.36665848896493
0.2709583333333323 82.13633015222032
0.28162499999999896 81.95735289753324
0.2922916666666656 81.65535174729189
0.3029583333333323 81.2652425629122
0.313624999999999 81.02250849572316
0.32429166666666565 80.90541697023035
0.3349583333333323 80.73141384506881
0.34562499999999896 80.35418540331875
0.3562916666666656 79.75210937791235
0.36695833333333233 79.19213627137587
0.377624999999999 78.87212866980971
0.38829166666666565 78.7661058122111
0.3989583333333323 78.78700262397763
0.40962499999999896 78.75588138400451
0.4202916666666657 78.55522620221466
0.43095833333333233 78.22133155774766
0.441624999999999 77.85562350320704
0.45229166666666565 77.49456312639636
0.4629583333333323 76.7749784290553
0.473624999999999 75.10633269896452
0.4842916666666657 73.12302444565069
0.49495833333333233 74.16629170793031
0.505624999999999 77.16544934273605
0.5162916666666656 79.02095385833825
0.5269583333333323 79.33762234073163
0.537624999999999 79.58891700533498
0.5482916666666656 79.41788652756162
0.5589583333333322 79.34885696141832
0.5696249999999989 79.88388384262217
0.5802916666666657 78.67595483820027
0.5909583333333323 75.64027558245735
0.601624999999999 75.426343583015
0.6122916666666656 77.03863704455055
0.6229583333333323 77.58220586125108
0.633624999999999 77.90152813399811
0.6442916666666656 77.99549264084123
0.6549583333333323 77.74522904630707
0.6656249999999989 77.39440256296353
0.6762916666666656 77.34014491133601
0.6869583333333323 77.77346651260144
0.6976249999999989 78.16924930583481
0.7082916666666657 78.42230170929092
0.7189583333333323 78.3358635382504
0.729624999999999 78.03482761732292
0.7402916666666657 77.97285763017344
0.7509583333333323 77.98117901412931
0.761624999999999 77.06706348245619
0.7722916666666656 75.05686640465372
0.7829583333333323 72.86082636833552
0.793624999999999 70.91254826715914
0.8042916666666656 69.83316336258557
0.8149583333333323 71.58445898939897
0.8256249999999989 73.75278282130887
0.8362916666666657 75.4668592985339
0.8469583333333324 77.47251655971044
0.857624999999999 79.16175183411332
0.8682916666666657 79.65239247767609
0.8789583333333323 79.3543175961719
0.889624999999999 79.04812581823613
0.9002916666666657 78.50133927664035
0.9109583333333323 77.44400989948052
0.921624999999999 76.03890762511452
0.9322916666666656 74.89895211619115
0.9429583333333323 74.50005228906032
0.953624999999999 74.3183929307209
0.9642916666666657 74.76916691143951
0.9749583333333324 75.64973958098855
0.985624999999999 76.56978388737161
0.9962916666666657 77.00977103142685
1.0069583333333323 77.15854489192724
1.0176249999999991 76.92420389519353
1.0282916666666657 76.15412457704382
1.0389583333333323 75.0152300539892
1.0496249999999991 73.41986728361701
1.0602916666666657 72.48836758887285
1.0709583333333323 73.26841949821569
1.0816249999999992 74.74500703769809
1.0922916666666658 75.19793462643506
1.1029583333333324 75.02961018992471
1.1136249999999992 74.70120167980768
1.1242916666666658 74.52420251446941
1.1349583333333324 74.13448222950778
1.1456249999999992 73.68259721026753
1.1562916666666658 73.30118313098436
1.1669583333333324 72.96558634608007
1.177624999999999 72.44174787720858
1.1882916666666659 72.09365442676791
1.1989583333333325 72.00019604855964
1.209624999999999 72.19885837989324
1.2202916666666659 72.68731405385736
1.2309583333333325 73.21429970439111
1.241624999999999 72.88639235170523
1.252291666666666 72.18080995556605
1.2629583333333325 71.64305872370869
1.2736249999999991 70.24046123147153
1.2842916666666657 68.72093225900248
1.2949583333333325 69.48492664338625
1.3056249999999991 70.92778829522497
1.3162916666666657 70.53170828954367
1.3269583333333326 69.25347598849106
1.3376249999999992 69.21330243507543
1.3482916666666658 68.79608573618681
1.3589583333333326 69.10792604030452
1.3696249999999992 70.6150198373273
1.3802916666666658 71.04580361143496
1.3909583333333324 70.70320463599002
1.4016249999999992 70.4478117540336
1.4122916666666658 72.72026139882755
1.4229583333333324 76.12686563823948
1.4336249999999993 77.93310812546096
1.4442916666666659 78.37327355439396
1.4549583333333325 77.34260009275025
1.465624999999999 74.3339778970116
1.476291666666666 68.88092787044597
1.4869583333333325 63.475064764184886
1.497624999999999 64.83106392925741
1.508291666666666 70.11003712152302
1.5189583333333325 73.97805376076934
1.5296249999999991 75.79790204769283
1.540291666666666 76.35412695631268
1.5509583333333326 75.56195851155803
1.5616249999999992 74.19979893430289
1.5722916666666658 74.25317642111493
1.5829583333333326 73.80727936709086
1.5936249999999992 74.48246175446089
1.6042916666666658 78.86610902327743
1.6149583333333326 81.48462472410657
1.6256249999999992 82.34757465107776
1.6362916666666658 82.9491770084856
1.6469583333333326 82.91812915950068
1.6576249999999992 82.30875364566928
1.6682916666666658 81.53044665357473
1.6789583333333324 80.1906348496021
1.6896249999999993 77.98900348816721
1.7002916666666659 75.31010514578873
1.7109583333333325 73.81682678934087
1.7216249999999993 73.17547028835311
1.732291666666666 72.8186967723772
1.7429583333333325 72.66676115513182
1.7536249999999993 73.27310835608202
1.764291666666666 74.63432582808957
1.7749583333333325 76.01016200862215
1.7856249999999991 76.98650989384136
1.796291666666666 77.82898195285054
1.8069583333333326 79.07780681689928
1.8176249999999992 80.63088785274736
1.828291666666666 81.70382375491484
1.8389583333333326 82.20760544924559
1.8496249999999992 82.18605599985132
1.8602916666666658 81.21664947190803
1.8709583333333326 78.58386309600006
1.8816249999999992 74.62451288072585
1.8922916666666658 73.8948391096689
1.9029583333333326 75.0684827061323
1.9136249999999992 74.6816953528303
1.9242916666666658 73.12207628661403
1.9349583333333327 70.13128289257737
1.9456249999999993 65.50374487894628
1.9562916666666659 60.5252071452819
1.9669583333333325 59.25102576340299
1.9776249999999993 60.06571322043782
1.988291666666666 62.41473874232469
1.9989583333333325 62.77157538446659
2.0096249999999993 63.86251960877112
2.0202916666666657 64.09342375782381
2.0309583333333325 64.07717636678879
2.0416249999999994 64.35312773822861
2.0522916666666657 62.99161543639754
2.0629583333333326 62.0683301008972
2.073624999999999 63.99269805358944
2.0842916666666658 70.55640758729781
2.094958333333332 74.80795663909547
2.105624999999999 76.40356638225549
2.116291666666666 76.27721224544268
2.126958333333332 75.5800677053303
2.137624999999999 75.33581681712741
2.148291666666666 75.70626683049484
2.158958333333332 76.2854349546223
2.169624999999999 76.46723325168522
2.180291666666666 76.2959936164563
2.1909583333333322 76.06997518551825
2.201624999999999 75.88590603603271
2.212291666666666 75.62807494408563
2.2229583333333323 75.5398576109574
2.233624999999999 75.56563341658084
2.244291666666666 75.60210497015542
2.2549583333333323 75.72406784548656
2.265624999999999 75.5992284050622
2.276291666666666 75.16495915465983
2.2869583333333323 75.13356466720305
2.297624999999999 75.17116680215123
2.3082916666666655 75.04949288620801
2.3189583333333323 75.11574485454605
2.329624999999999 75.38247584011425
2.3402916666666655 75.76056887442259
2.3509583333333324 76.11364845874485
2.361624999999999 76.41356545616866
2.3722916666666656 76.60288375733414
2.3829583333333324 76.89779223389311
2.3936249999999992 77.17648680713359
2.4042916666666656 77.35587729391521
2.4149583333333324 78.15490000553697
2.4256249999999993 79.46560654647064
2.4362916666666656 80.28620276766289
2.4469583333333325 80.62656268165144
2.4576249999999993 80.87082460593484
2.4682916666666657 80.4518345999483
2.4789583333333325 78.74088207544875
2.489624999999999 75.6210355054929
2.5002916666666657 71.6090265860231
2.5109583333333325 67.57987057698516
2.521624999999999 63.151746459201036
2.5322916666666657 65.40660601397263
2.5429583333333325 70.07745079729825
2.553624999999999 72.75885460219197
2.5642916666666657 72.96523651173324
2.5749583333333326 71.54758217195588
2.585624999999999 69.9164492839077
2.5962916666666658 68.0370472397834
2.6069583333333326 65.30392018019987
2.617624999999999 63.60548123807607
2.628291666666666 65.27428610888022
2.6389583333333326 67.38834917107154
2.649624999999999 67.64027495742656
2.660291666666666 67.19241051586954
2.6709583333333327 66.92411955981513
2.681624999999999 65.6780576000778
2.692291666666666 65.27127560882442
2.7029583333333322 64.99595989575937
2.713624999999999 64.57862035891944
2.724291666666666 62.497087495765996
2.7349583333333323 62.21489048601918
2.745624999999999 63.93959104716543
2.756291666666666 64.45569633317992
2.7669583333333323 65.3760635930241
2.777624999999999 67.94545987762869
2.788291666666666 69.29585058230607
2.7989583333333323 69.08373525183224
2.809624999999999 68.87882822488243
2.820291666666666 69.17504323657599
2.8309583333333324 68.56054628996654
2.841624999999999 67.40552344900505
2.852291666666666 66.7847331419882
2.8629583333333324 67.03824812628395
2.873624999999999 67.90099066956171
2.8842916666666656 68.15670136670165
2.8949583333333324 67.91714981711017
2.9056249999999992 67.79950754946553
2.9162916666666656 67.55247224016964
2.9269583333333324 67.67119117260934
2.9376249999999993 67.97096079884136
2.9482916666666656 67.4919465614594
2.9589583333333325 65.60618500851336
2.9696249999999993 63.96682465930385
2.9802916666666657 65.32242349000451
2.9909583333333325 67.21322754283449
3.0016249999999993 70.88289111282394
3.0122916666666657 73.63105809880668
3.0229583333333325 73.33163320917339
3.0336249999999993 72.39702512851959
3.0442916666666657 73.0205027291735
3.0549583333333326 73.62113662178854
3.0656249999999994 73.40972161566866
3.0762916666666658 70.78321004376048
3.0869583333333326 66.64747558787995
3.097624999999999 64.45387627387576
3.108291666666666 64.30365555993338
3.1189583333333326 65.05591110819101
3.129624999999999 65.61960539948953
3.140291666666666 65.8382744372376
3.1509583333333326 67.31881831010044
3.161624999999999 68.23163922218879
3.172291666666666 68.22061409038457
3.1829583333333327 67.56616679103763
3.193624999999999 67.96415873388338
3.204291666666666 68.44144206665402
3.2149583333333327 67.39062525713605
3.225624999999999 67.73507531135742
3.236291666666666 68.0315699587744
3.2469583333333327 66.46340858981657
3.257624999999999 65.25498326170715
3.268291666666666 64.37918170995482
3.2789583333333323 60.29536661462409
3.289624999999999 57.02337336063286
3.300291666666666 59.195405587735515
3.3109583333333323 58.98178306480113
3.321624999999999 57.814293821475424
3.332291666666666 58.16854083208209
3.3429583333333324 62.49856609916571
3.353624999999999 65.69550356897079
3.364291666666666 65.55121395045522
3.3749583333333324 63.96762863671276
3.385624999999999 65.43199124575287
3.396291666666666 66.79527409377167
3.4069583333333324 65.506704966579
3.4176249999999992 65.58181124030237
3.428291666666666 68.80215749407816
3.4389583333333325 72.91302685999034
3.4496249999999993 75.40543469349693
3.460291666666666 76.20960510390884
3.4709583333333325 76.43437795504337
3.4816249999999993 76.37111316798364
3.4922916666666657 76.2169340945705
3.5029583333333325 76.15610869549181
3.5136249999999993 76.0411366960113
3.5242916666666657 75.83150123967454
3.5349583333333325 75.52211960231513
3.5456249999999994 75.52637361654045
3.5562916666666657 75.79592977834788
3.5669583333333326 76.08988653653067
3.5776249999999994 76.20477487118936
3.5882916666666658 76.07480332165484
3.5989583333333326 76.21406966027929
3.6096249999999994 76.1203210887053
3.620291666666666 75.77756689054732
3.6309583333333326 75.5361137372936
3.6416249999999994 75.30972012068447
3.652291666666666 74.74667798960822
3.6629583333333327 74.48738611962997
3.673624999999999 74.66429839202875
3.684291666666666 74.67669039174332
3.6949583333333327 74.42808859583091
3.705624999999999 73.74930467385674
3.716291666666666 72.70867041892305
3.7269583333333327 72.17938710259348
3.737624999999999 71.80306375743729
3.748291666666666 71.19853873618234
3.7589583333333327 71.64276116577777
3.769624999999999 73.7107878593821
3.780291666666666 76.04517745322921
3.7909583333333328 77.67830863112286
3.801624999999999 78.58162294546081
3.812291666666666 78.84334276793395
3.822958333333333 78.78902833016257
3.833624999999999 78.78723956105154
3.844291666666666 78.82517895685677
3.8549583333333324 78.69491504158827
3.865624999999999 78.55323510396106
3.876291666666666 78.27142695575164
3.8869583333333324 77.1321058579311
3.8976249999999992 75.39057650197012
3.908291666666666 73.91139507787453
3.9189583333333324 73.3710375722099
3.9296249999999993 73.25507026682271
3.940291666666666 74.24958060962821
3.9509583333333325 76.1085940935042
3.9616249999999993 77.7640605420377
3.972291666666666 78.53587277498598
3.9829583333333325 78.65056574427895
3.9936249999999993 78.6926322316857
4.004291666666666 78.5109792222619
4.0149583333333325 77.87421832010493
4.025625 77.03096855166682
4.036291666666666 76.12967358435019
4.046958333333333 74.84190374872622
4.057625 73.40681261243289
4.068291666666666 73.4389274340399
4.0789583333333335 75.96538069033774
4.089625 78.80986223673182
4.100291666666666 80.85125356269442
4.1109583333333335 81.89210427067623
4.121625 82.0423833738806
4.132291666666666 81.76022471408204
4.142958333333333 81.22874617549037
4.153625 80.6577262473613
4.164291666666666 80.24415433801437
4.174958333333333 80.35216664107665
4.185625 80.74281263678589
4.196291666666666 81.30946675218834
4.206958333333333 82.27478650629456
4.217625 83.01140280464308
4.228291666666666 82.98959191474297
4.238958333333333 82.8897500994026
4.249625 83.55414211503673
4.260291666666666 84.4574393548735
4.270958333333333 84.95291513151582
4.281625 85.06810290800249
4.292291666666666 84.72525313681267
4.302958333333333 82.95036968301321
4.313625 78.99781309206686
4.324291666666666 74.40169093827373
4.334958333333333 71.68456068229139
4.345625 71.43887935254274
4.3562916666666665 75.49348252096708
4.366958333333333 79.50198506087557
4.377625 82.54468090748192
4.3882916666666665 84.22266128968926
4.398958333333333 84.75832433185941
4.409625 84.79397133129282
4.4202916666666665 84.3909812990309
4.430958333333333 83.71755093864934
4.441625 83.31686583555515
4.4522916666666665 83.25758571762543
4.462958333333333 83.05286187932577
4.473625 82.33682007322406
4.484291666666667 80.82919072315491
4.494958333333333 77.86876963768759
4.505625 73.26348352486971
4.516291666666667 68.2606486535386
4.526958333333333 64.16820875777744
4.537624999999999 62.915488427411375
4.548291666666667 63.95228843054073
4.558958333333333 65.64697751305495
4.569624999999999 67.18044839125339
4.580291666666667 68.71511451932713
4.590958333333333 69.86830003754507
4.601624999999999 70.10268903650011
4.612291666666667 69.50267974685897
4.622958333333333 68.73081631750735
4.633624999999999 68.45743541642956
4.644291666666667 68.95536445241406
4.654958333333333 68.83687969595084
4.6656249999999995 70.39901905284727
4.676291666666667 73.63453033708785
4.686958333333333 75.21992317874005
4.6976249999999995 75.22297436250457
4.708291666666667 75.16021837457964
4.718958333333333 75.48646678025997
4.7296249999999995 75.36272460074743
4.740291666666667 75.13895329814255
4.750958333333333 75.01181993725018
4.7616249999999996 74.86340973517306
4.772291666666667 74.58008526580687
4.782958333333333 74.2467013147144
4.793625 73.57172192121978
4.804291666666667 72.46202519383034
4.814958333333333 71.75390391025827
4.825625 71.56202143432274
4.836291666666667 72.94117989757319
4.846958333333333 73.75597854286247
4.857625 72.9791916446774
4.868291666666667 70.68637206413635
4.878958333333333 68.62442570517189
4.889625 67.23726666992363
4.900291666666667 65.71107152887696
4.910958333333333 65.49089284892459
4.921625 67.89037882825919
4.932291666666666 70.23753067607896
4.942958333333333 71.83551017235028
4.953625 73.23629141156377
4.964291666666666 75.19650621715488
4.974958333333333 76.52985424720939
4.985625 77.27860636556453
4.996291666666666 77.81752971008609
5.006958333333333 77.72134130278693
5.017625 77.00199155717215
5.028291666666666 75.87727007153595
5.038958333333333 75.0768665361325
5.049625 74.72435481741857
5.060291666666666 74.63742984764222
5.0709583333333335 74.38607521176438
5.081625 74.19882891844439
5.092291666666666 73.88207331083598
5.1029583333333335 73.57628971888231
5.113625 73.61071957086982
5.124291666666666 73.63440101643705
5.1349583333333335 73.36838205145663
5.145625 73.3191218107776
5.156291666666666 73.43404859667774
5.1669583333333335 72.83365769091651
5.177625 71.56770268197104
5.188291666666666 70.77627484479538
5.198958333333334 70.50233176811832
5.209625 70.70530127919587
5.220291666666666 71.03979864252696
5.230958333333334 70.66366225265344
5.241625 69.5895163885005
5.252291666666666 69.49571726834273
5.262958333333334 70.1943090396202
5.273625 71.37881017993344
5.284291666666666 72.26050854709102
5.294958333333334 72.55042365190721
5.305625 71.81865098358647
5.316291666666666 71.11582777586526
5.326958333333333 70.32071537531002
5.337625 67.99886921959741
5.348291666666666 66.08000511004781
5.358958333333333 67.00001429092356
5.369625 67.23623227171379
5.3802916666666665 67.91781678986483
5.390958333333333 68.90466327434402
5.401625 67.58891723878322
5.4122916666666665 67.13635726748416
5.422958333333333 68.34174592185364
5.433625 68.3295794774159
5.4442916666666665 69.14981133145477
5.454958333333333 71.93657155305486
5.465625 73.66729430642545
5.476291666666667 74.09919254314951
5.486958333333333 73.63034201774003
5.497625 72.80863013511956
5.508291666666667 72.22354506865739
5.518958333333333 72.52834110596882
5.529625 73.21639292513761
5.540291666666667 73.71195466979988
5.550958333333333 73.88606246405122
5.561625 73.96655054456565
5.572291666666667 73.87615113742272
5.582958333333333 74.04962135965735
5.593625 74.5075511258326
5.604291666666667 74.61755667283302
5.614958333333333 74.6816677321369
5.625625 74.56997052855618
5.636291666666667 74.8930657028279
5.646958333333333 74.97423674116753
5.657625 74.52837182670027
5.668291666666667 73.85547648606959
5.678958333333333 73.06944456699068
5.689625 72.89757353120063
5.700291666666667 73.57293600997144
5.710958333333333 74.36685711723607
5.7216249999999995 74.05991162062155
5.732291666666667 73.09126513385755
5.742958333333333 71.88339701445274
5.7536249999999995 71.0010900122104
5.764291666666667 70.11968787880707
5.774958333333333 69.00480319194062
5.785625 68.2199671259427
5.796291666666667 69.16907253822991
5.806958333333333 68.62287427427061
5.817625 65.63105253025346
5.828291666666667 62.19568274396457
5.838958333333333 65.07461862384837
5.849625 66.85412394918488
5.860291666666667 65.38587118632867
5.870958333333333 63.759360127691515
5.881625 63.6311170473688
5.892291666666667 64.78656207959502
5.902958333333333 68.80930216794245
5.913625 72.54023030254226
5.924291666666667 74.5973426865909
5.934958333333333 75.59275888601822
5.945625 76.0930207927884
5.956291666666667 76.13515386432978
5.966958333333333 75.81556882834792
5.977625 75.49071032655897
5.988291666666667 75.66460670407454
5.998958333333333 75.76395429609262
6.009625 75.4223365715007
6.020291666666667 75.11587277217981
6.030958333333333 75.06778788581887
6.041625 75.20146236542102
6.052291666666667 75.29804732954372
6.0629583333333334 75.2268629627361
6.073625 75.09041414503302
6.084291666666667 74.86727976783965
6.0949583333333335 74.59668365464758
6.105625 74.18437969232265
6.116291666666666 73.50964174076705
6.1269583333333335 71.89588199590946
6.137625 69.23296981977258
6.148291666666666 67.66925202342519
6.1589583333333335 68.12204693556566
6.169625 69.9428491102922
6.180291666666666 73.20618888259231
6.190958333333334 76.12918707265852
6.201625 77.23683853459137
6.212291666666666 76.95221375839031
6.222958333333334 76.28735996235525
6.233625 75.72255973003476
6.244291666666666 74.89242234747479
6.254958333333334 73.36435162081582
6.265625 71.28667600061615
6.276291666666666 69.50587222573407
6.286958333333334 70.36074622704861
6.297625 72.89462062153049
6.308291666666666 74.49779624083615
6.318958333333334 74.94086817983457
6.329625 74.94171742354463
6.340291666666666 74.97492754570806
6.350958333333334 75.06295353678053
6.361625 75.22269690970192
6.3722916666666665 75.42915583511045
6.382958333333334 75.53990978152628
6.393625 75.42102224533257
6.4042916666666665 75.33619538571277
6.414958333333334 75.2985219705785
6.425625 75.13485914067668
6.4362916666666665 74.95461855471285
6.446958333333334 74.85313879875713
6.457625 74.20528039076234
6.4682916666666666 71.89642703925738
6.478958333333334 68.33462328403772
6.489625 66.73552371528318
6.500291666666667 67.99004899438486
6.510958333333333 68.68160503984542
6.521625 69.99048544427752
6.532291666666667 70.65329676764443
6.542958333333333 70.76527484543662
6.553625 70.98370924974984
6.564291666666667 72.7799240226281
6.574958333333333 74.53036499381633
6.585625 74.78661267618963
6.596291666666667 75.05622022773116
6.606958333333333 76.38351274142178
6.617625 77.38245512087485
6.628291666666667 77.63768040032278
6.638958333333333 77.67989922205543
6.649625 77.60877370404195
6.660291666666667 77.16696766569144
6.670958333333333 76.1096484115601
6.681625 74.3847071875556
6.692291666666667 73.49795229805538
6.702958333333333 74.95611626361506
6.713625 76.53345644687546
6.724291666666667 77.4585440898017
6.734958333333333 77.75641809408513
6.745625 77.24063435591704
6.756291666666667 76.00198211658235
6.766958333333333 74.82555911465633
6.7776250000000005 73.70571103577606
6.788291666666667 71.77689072472583
6.798958333333333 70.2639155945198
6.8096250000000005 71.81141309813823
6.820291666666667 74.47922328811948
6.830958333333333 76.0382643566765
6.8416250000000005 75.4002424571373
6.852291666666667 72.43811759594425
6.862958333333333 67.8723783277585
6.8736250000000005 64.42709968004296
6.884291666666667 67.06409558678315
6.894958333333333 74.8006973309918
6.905625 79.28334800032418
6.916291666666667 80.4616551619579
6.926958333333333 79.95629201202924
6.937625 79.23693674671281
6.948291666666667 78.10859249397821
6.958958333333333 76.98927888251067
6.969625 75.59703576436787
6.980291666666667 73.08778079539653
6.990958333333333 70.01022593402783
7.001625 67.70716070167951
7.012291666666667 67.21688589432983
7.022958333333333 66.93820822228082
7.033625 67.45860663279154
7.044291666666667 67.10271599777292
7.054958333333333 68.31033428479802
7.065625 69.03482011811573
7.076291666666667 68.35901638338159
7.0869583333333335 67.7495245290925
7.097625 68.76638554776756
7.108291666666667 68.46798140658431
7.1189583333333335 66.20693905089502
7.129625 67.11543085243635
7.140291666666667 67.68317081490756
7.1509583333333335 68.23888558089268
7.161625 71.27671948270455
7.172291666666667 73.55738217947062
7.182958333333334 74.15598298480384
7.193625 74.13932507407613
7.204291666666667 74.24764600151967
7.214958333333334 74.58237765764453
7.225625 74.97169671123288
7.236291666666667 75.2743809821432
7.246958333333334 75.15936291226889
7.257625 74.98094792180271
7.268291666666666 75.2063494344514
7.278958333333334 75.49631633317388
7.289625 75.64630770310792
7.300291666666666 75.82802365555249
7.310958333333334 76.18489413002132
7.321625 76.30287167998947
7.332291666666666 76.67264579005383
7.342958333333334 76.8028096269572
7.353625 76.84655852631269
7.3642916666666665 78.0050761981841
7.374958333333334 79.43909753748991
7.385625 80.39009399961881
7.3962916666666665 81.01872554740993
7.406958333333334 81.53159610823508
7.417625 81.83053253689056
7.4282916666666665 81.7178090812439
7.438958333333334 81.08689663876915
7.449625 80.45959716200181
7.4602916666666665 80.1189155798051
7.470958333333334 80.22766035211019
7.481625 81.28053971922499
7.492291666666667 82.25494382382783
7.502958333333334 82.68689302364278
7.513625 82.5400894750789
7.524291666666667 81.76434973680122
7.534958333333334 81.67291226962219
7.545625 82.60925628644961
7.556291666666667 83.27657024104225
7.566958333333334 83.60708391091192
7.577625 83.79299425703904
7.588291666666667 83.46458463920806
7.598958333333334 82.04512187157718
7.609625 79.82575576848664
7.620291666666667 77.69436050634752
7.630958333333334 76.19742296911735
7.641625 76.03666208963477
7.652291666666667 76.1815300218301
7.662958333333333 75.10970053972586
7.673625 73.4619640249337
7.684291666666667 72.91450375714408
7.694958333333333 73.28474277486735
7.705625 73.9364350758539
7.716291666666667 74.67567713442877
7.726958333333333 75.50105603439248
7.737625 76.1088306873117
7.748291666666667 76.16416100256059
7.758958333333333 75.49983869705942
7.7696250000000004 73.80452142111176
7.780291666666667 70.6197211391693
7.790958333333333 67.85750253777243
7.8016250000000005 68.91056702864608
7.812291666666667 69.13903562383956
7.822958333333333 68.40880346875042
7.8336250000000005 69.24588845705182
7.844291666666667 70.47560987521838
7.854958333333333 70.11292307767516
7.8656250000000005 69.75346663847557
7.876291666666667 69.79445357042654
7.886958333333333 72.44030135600956
7.897625000000001 75.07781744078196
7.908291666666667 74.96124053341393
7.918958333333333 73.30521122228342
7.929625000000001 73.53484672398231
7.940291666666667 73.7194062343493
7.950958333333333 73.43707053675178
7.961625000000001 73.9304612049145
7.972291666666667 74.65168189882775
7.982958333333333 74.59110916803459
7.993625000000001 73.36352916099858
8.004291666666667 71.74410054139346
8.014958333333333 71.18681334215145
8.025625 71.54576897524474
8.036291666666667 71.21911295004055
8.046958333333334 70.8575181077628
8.057625 69.52731986977219
8.068291666666667 67.79977708916223
8.078958333333334 66.1752294523146
8.089625 64.67689619523868
8.100291666666667 63.47054670515761
8.110958333333334 63.44131850149345
8.121625 64.21417765089211
8.132291666666667 62.26136033387367
