Time_s   Intensity_dB
0.068063   78.295093
0.084063   79.530888
0.100063   80.067800
0.116063   81.210035
0.132063   82.540383
0.148063   82.970875
0.164063   82.503753
0.180063   81.912540
0.196063   82.021958
0.212063   83.101714
0.228063   84.214571
0.244063   84.670059
0.260063   84.319002
0.276063   83.940462
0.292063   83.781222
0.308063   82.898189
0.324063   81.968459
0.340063   81.746226
0.356063   80.594935
0.372063   76.702770
0.388063   68.933646
0.404063   59.837220
0.420063   56.949612
0.436063   58.870305
0.452063   69.030750
0.468063   76.275765
0.484063   79.774831
0.500063   81.149069
0.516063   81.463985
0.532063   80.616286
0.548063   79.002746
0.564063   77.480348
0.580063   76.372612
0.596063   75.660024
0.612063   74.899060
0.628063   73.758366
0.644063   72.964816
0.660063   73.008383
0.676063   73.465028
0.692063   73.991428
0.708063   74.673698
0.724063   75.641530
0.740063   75.809848
0.756063   73.795575
0.772063   70.677353
0.788063   70.215796
0.804063   70.553467
0.820063   70.155445
0.836063   69.698562
0.852063   69.904085
0.868063   70.758608
0.884063   70.146503
0.900063   67.675910
0.916063   64.959269
0.932063   63.742034
0.948063   63.932292
0.964063   63.657508
0.980063   62.287549
0.996063   61.247055
1.012063   60.826826
1.028063   60.224559
1.044063   58.919095
1.060063   58.991684
1.076063   60.837567
1.092063   61.817711
1.108063   63.278418
1.124063   64.863234
1.140063   64.337898
1.156063   62.820055
1.172063   61.616348
1.188063   61.591308
1.204063   61.924680
1.220063   62.798366
1.236063   62.621054
1.252063   62.006466
1.268063   61.319920
1.284063   59.249322
1.300063   58.800881
1.316063   60.680150
1.332063   62.443408
1.348063   63.038934
1.364063   62.930404
1.380063   62.050246
1.396063   62.155986
1.412063   60.974186
1.428063   58.375127
1.444063   56.389042
1.460063   55.974822
1.476063   57.248827
1.492063   58.786912
1.508063   59.871621
1.524063   62.422451
1.540063   65.879204
1.556063   70.253727
1.572063   75.518164
1.588063   79.131148
1.604063   80.947962
1.620063   82.351774
1.636063   82.957020
1.652063   82.412614
1.668063   81.387274
1.684063   80.376067
1.700063   78.978535
1.716063   76.645981
1.732063   74.034629
1.748063   71.378036
1.764063   69.228663
1.780063   71.152433
1.796063   75.983958
1.812063   79.065669
1.828063   79.968406
1.844063   80.304210
1.860063   81.517027
1.876063   82.762316
1.892063   83.195808
1.908063   83.185489
1.924063   83.042906
1.940063   82.145118
1.956063   79.442247
1.972063   75.773557
1.988063   75.186897
2.004062   75.063173
2.020062   74.386192
2.036062   73.236266
2.052062   71.560038
2.068062   72.192686
2.084062   75.978343
2.100062   78.505420
2.116063   79.541305
2.132063   79.860727
2.148063   79.677870
2.164063   79.363246
2.180063   79.327706
2.196063   79.412972
2.212063   79.118209
2.228063   78.009466
2.244063   76.295790
2.260063   76.558563
2.276063   77.137398
2.292063   75.982107
2.308063   74.320866
2.324063   73.062297
2.340063   71.840966
2.356063   70.817939
2.372063   72.173816
2.388063   75.866792
2.404063   78.333059
2.420063   79.386424
2.436063   79.658693
2.452063   79.261938
2.468063   77.602628
2.484063   74.366830
2.500063   72.668990
2.516063   74.633492
2.532063   76.783250
2.548063   78.879067
2.564063   79.980048
2.580063   79.741314
2.596063   78.889241
2.612063   77.945754
2.628063   77.257289
2.644063   77.181447
2.660063   77.475915
2.676063   77.474800
2.692063   76.736513
2.708063   74.884052
2.724063   72.549926
2.740063   71.241627
2.756063   69.346794
2.772063   67.787613
2.788063   67.925624
2.804063   68.258048
2.820063   72.292103
2.836063   75.649441
2.852063   76.518291
2.868063   76.078640
2.884062   75.591397
2.900062   75.284470
2.916062   74.680879
2.932062   73.075348
2.948062   71.293676
2.964062   70.769284
2.980062   70.415212
2.996062   70.169163
3.012062   67.882601
3.028062   63.151583
3.044062   60.659702
3.060062   63.389293
3.076062   65.669558
3.092062   65.985014
3.108063   64.925993
3.124063   64.428401
3.140063   64.748161
3.156063   63.666644
3.172063   61.882360
3.188063   61.321394
3.204063   60.653471
3.220063   59.818975
3.236063   59.538161
3.252063   61.154088
3.268063   63.294663
3.284063   65.315279
3.300063   67.822651
3.316063   69.633739
3.332063   69.653461
3.348063   68.766076
3.364063   68.074912
3.380063   68.056464
3.396063   67.396978
