mean: 226.38390339209127 std: 56.95487690398321 duration: 3.694875
0.022437499999999996 --undefined--
0.032437499999999994 --undefined--
0.042437499999999996 --undefined--
0.0524375 259.05563854776784
0.06243749999999999 250.6572895725888
0.0724375 252.25635075216059
0.0824375 254.6836970739159
0.0924375 254.3061370804077
0.1024375 255.07945218217978
0.1124375 255.67786397199308
0.1224375 256.41929553875354
0.13243749999999999 256.3275860846037
0.1424375 254.3022474942619
0.1524375 250.25694076371988
0.1624375 245.70911270294496
0.1724375 243.64633321898006
0.1824375 243.26671732291703
0.1924375 242.68035219513484
0.2024375 242.62738758172122
0.2124375 243.3144262999037
0.2224375 244.31125154947267
0.2324375 244.78281709742566
0.2424375 244.72821064725173
0.2524375 244.64800941971714
0.2624375 244.86702081251607
0.2724375 245.07896874947085
0.2824375 244.63162566302813
0.2924375 244.05466378838776
0.3024375 244.27473321780818
0.3124375 244.9109373256811
0.3224375 245.28037376239774
0.3324375 244.61881995361412
0.3424375 243.2794664367333
0.3524375 238.2240144740143
0.3624375 226.22409597337105
0.37243750000000003 240.31518380877188
0.3824375 --undefined--
0.3924375 --undefined--
0.4024375 --undefined--
0.4124375 --undefined--
0.4224375 --undefined--
0.43243750000000003 --undefined--
0.4424375 --undefined--
0.4524375 488.07778820430076
0.4624375 486.3093824986066
0.4724375 334.3356198166985
0.4824375 300.5086999892387
0.49243750000000003 298.7450721983057
0.5024375 298.57029518993596
0.5124375 298.470865248401
0.5224375 300.41694111460515
0.5324375 303.25060298198923
0.5424375 306.08222505251433
0.5524375 311.0717536360205
0.5624375 319.40417370543827
0.5724375 329.07261560569594
0.5824375 335.8563485472693
0.5924375000000001 341.7684722834028
0.6024375 343.98469327770255
0.6124375 338.5811554590898
0.6224375 333.60939573017316
0.6324375 --undefined--
0.6424375 --undefined--
0.6524375 --undefined--
0.6624375 --undefined--
0.6724375 --undefined--
0.6824375 --undefined--
0.6924375 --undefined--
0.7024375 --undefined--
0.7124375000000001 --undefined--
0.7224375000000001 --undefined--
0.7324375 --undefined--
0.7424375 --undefined--
0.7524375 253.71545840675117
0.7624375 239.0843955129722
0.7724375 228.53556450782105
0.7824375 220.48613115814618
0.7924375 216.27616862176987
0.8024375 213.2770693015197
0.8124375 212.1775706449232
0.8224375 210.3621062646078
0.8324375 208.51312729446204
0.8424375000000001 206.66261956932883
0.8524375000000001 204.19502857731771
0.8624375 200.15197379463808
0.8724375 195.00708603082558
0.8824375 193.3573173009315
0.8924375 195.56806975295515
0.9024375 200.70479532532693
0.9124375 208.0436130207884
0.9224375 212.53943676419237
0.9324375 215.1847452478208
0.9424375 217.58713250005312
0.9524375 218.92978855301078
0.9624375000000001 214.23835112091984
0.9724375000000001 210.90744461118842
0.9824375 212.83948743533094
0.9924375 --undefined--
1.0024374999999999 --undefined--
1.0124374999999999 --undefined--
1.0224374999999999 --undefined--
1.0324375 --undefined--
1.0424375 --undefined--
1.0524375 --undefined--
1.0624375 --undefined--
1.0724375 --undefined--
1.0824375 --undefined--
1.0924375 --undefined--
1.1024375 --undefined--
1.1124375 --undefined--
1.1224375 --undefined--
1.1324375 --undefined--
1.1424375 --undefined--
1.1524375 --undefined--
1.1624375 --undefined--
1.1724375 --undefined--
1.1824374999999998 216.3038288696944
1.1924374999999998 211.44173221706296
1.2024374999999998 205.39338437832066
1.2124374999999998 204.43343709042333
1.2224374999999998 204.59015774249414
1.2324374999999999 202.5619683888774
1.2424374999999999 200.64330165328244
1.2524374999999999 199.40882040988765
1.2624374999999999 199.41823962402322
1.2724374999999999 199.63083317038362
1.2824375 199.9969779108478
1.2924375 198.7585924143973
1.3024375 --undefined--
1.3124375 --undefined--
1.3224375 --undefined--
1.3324375 --undefined--
1.3424375 --undefined--
1.3524375 --undefined--
1.3624375 --undefined--
1.3724375 218.85776772324613
1.3824375 212.2899549905144
1.3924375 205.44969353915855
1.4024375 200.53259838991676
1.4124375 197.78599700283513
1.4224375 195.52901049456378
1.4324374999999998 194.50059170927494
1.4424374999999998 192.93023294153576
1.4524374999999998 185.75216087512766
1.4624374999999998 184.8078579834548
1.4724374999999998 --undefined--
1.4824374999999999 --undefined--
1.4924374999999999 --undefined--
1.5024374999999999 --undefined--
1.5124374999999999 --undefined--
1.5224374999999999 --undefined--
1.5324375 --undefined--
1.5424375 --undefined--
1.5524375 443.1299705304579
1.5624375 446.8702225919905
1.5724375 372.9175398182435
1.5824375 --undefined--
1.5924375 --undefined--
1.6024375 --undefined--
1.6124375 --undefined--
1.6224375 --undefined--
1.6324375 214.2906473901198
1.6424375 203.47875798000706
1.6524375 196.27498940435504
1.6624375 190.84347299829844
1.6724375 187.7473227370127
1.6824375 186.72650863645345
1.6924374999999998 186.0752826551619
1.7024374999999998 184.08962628380948
1.7124374999999998 183.17177033237104
1.7224374999999998 182.04002002491742
1.7324374999999999 180.98323519212104
1.7424374999999999 179.57564631272317
1.7524374999999999 178.88657758103813
1.7624374999999999 178.367213845796
1.7724374999999999 178.49571773364605
1.7824375 178.36168959465715
1.7924375 178.28633189793382
1.8024375 177.8953372762417
1.8124375 177.48871878236383
1.8224375 176.40606899236954
1.8324375 177.56560479159853
1.8424375 180.63820018127424
1.8524375 179.72920247915556
1.8624375 178.5652337221219
1.8724375 177.92680861396556
1.8824375 181.91610281760728
1.8924375 --undefined--
1.9024375 --undefined--
1.9124375 --undefined--
1.9224375 --undefined--
1.9324375 --undefined--
1.9424374999999998 --undefined--
1.9524374999999998 --undefined--
1.9624374999999998 --undefined--
1.9724374999999998 --undefined--
1.9824374999999999 --undefined--
1.9924374999999999 --undefined--
2.0024375 --undefined--
2.0124375 --undefined--
2.0224375 --undefined--
2.0324375000000003 --undefined--
2.0424375 --undefined--
2.0524375000000004 --undefined--
2.0624375 --undefined--
2.0724375 --undefined--
2.0824375 --undefined--
2.0924375 --undefined--
2.1024375 --undefined--
2.1124375 230.72203601312188
2.1224375 227.88292572084
2.1324375 228.32099952703385
2.1424375 229.41666712859228
2.1524375 232.10717379899577
2.1624375000000002 234.73535000967857
2.1724375 237.10951794167394
2.1824375000000003 239.68533807229562
2.1924375 242.18565552072477
2.2024375000000003 243.80453297830272
2.2124375 245.32502426505894
2.2224375000000003 245.4683126626932
2.2324375 243.4115927268294
2.2424375000000003 239.36642511636637
2.2524375 234.30752895935785
2.2624375000000003 228.49502674882012
2.2724375 221.60639830133326
2.2824375000000003 214.82417712287653
2.2924375 206.57374741095597
2.3024375000000004 199.5020537819637
2.3124375 194.13173192370928
2.3224375000000004 190.14151181758146
2.3324375 187.6860931869995
2.3424375 185.55586913843078
2.3524375 183.49677579996583
2.3624375 182.3470447053983
2.3724375 181.13139107877032
2.3824375 179.83621306331486
2.3924375 179.09709125230677
2.4024375 180.63917177954795
2.4124375000000002 180.65448526405243
2.4224375 181.10137562179975
2.4324375000000003 180.39806757809248
2.4424375 179.50657310760602
2.4524375000000003 178.54609503727355
2.4624375 176.82734988109195
2.4724375000000003 173.5868179029221
2.4824375 168.79599904887323
2.4924375000000003 --undefined--
2.5024375 --undefined--
2.5124375000000003 --undefined--
2.5224375 --undefined--
2.5324375000000003 357.9872402387388
2.5424375 379.6992648128365
2.5524375000000004 470.33700196032055
2.5624375 --undefined--
2.5724375000000004 --undefined--
2.5824375 --undefined--
2.5924375 200.85683093593912
2.6024375 203.0566055184705
2.6124375 197.34999940979435
2.6224375 --undefined--
2.6324375 --undefined--
2.6424375 --undefined--
2.6524375 --undefined--
2.6624375000000002 --undefined--
2.6724375 --undefined--
2.6824375000000003 --undefined--
2.6924375 --undefined--
2.7024375000000003 --undefined--
2.7124375 --undefined--
2.7224375000000003 --undefined--
2.7324375 199.71970018122113
2.7424375000000003 192.67177262418437
2.7524375 187.0573643085021
2.7624375000000003 183.65784277456166
2.7724375 182.74802295834468
2.7824375000000003 182.32015761180122
2.7924375 182.2162864840456
2.8024375000000004 182.73643972635958
2.8124375 183.33918793767265
2.8224375000000004 182.8243588185493
2.8324375 175.80246556163365
2.8424375 167.36870592222817
2.8524375 --undefined--
2.8624375 --undefined--
2.8724375 --undefined--
2.8824375 193.18199336391257
2.8924375 198.18919121754905
2.9024375 201.87139815807262
2.9124375000000002 199.9457745903747
2.9224375 194.73549706795816
2.9324375000000003 188.65171047725278
2.9424375 --undefined--
2.9524375000000003 --undefined--
2.9624375 --undefined--
2.9724375000000003 --undefined--
2.9824375 --undefined--
2.9924375000000003 --undefined--
3.0024375 --undefined--
3.0124375000000003 --undefined--
3.0224375 --undefined--
3.0324375000000003 --undefined--
3.0424375 --undefined--
3.0524375000000004 --undefined--
3.0624375 --undefined--
3.0724375000000004 --undefined--
3.0824375 --undefined--
3.0924375000000004 227.5644265023966
3.1024375 224.0490699050689
3.1124375 220.17082961173782
3.1224375 217.95377443747674
3.1324375 217.73786545554094
3.1424375 217.00587581836243
3.1524375 216.36619231507726
3.1624375000000002 218.1112031763132
3.1724375 246.41484762361523
3.1824375000000003 253.54819046487194
3.1924375 271.89070547495584
3.2024375000000003 --undefined--
3.2124375 --undefined--
3.2224375000000003 --undefined--
3.2324375 --undefined--
3.2424375000000003 207.71914070975822
3.2524375 201.33937828583817
3.2624375000000003 197.62504850232395
3.2724375 192.76139928651645
3.2824375000000003 189.0104816373246
3.2924375 182.59190008219934
3.3024375000000004 --undefined--
3.3124375 --undefined--
3.3224375000000004 --undefined--
3.3324375 --undefined--
3.3424375000000004 --undefined--
3.3524375 --undefined--
3.3624375 --undefined--
3.3724375 --undefined--
3.3824375 --undefined--
3.3924375 --undefined--
3.4024375 --undefined--
3.4124375000000002 --undefined--
3.4224375 --undefined--
3.4324375000000003 177.27566064694835
3.4424375 171.00094449884935
3.4524375000000003 170.34145382652173
3.4624375 --undefined--
3.4724375000000003 --undefined--
3.4824375 --undefined--
3.4924375000000003 --undefined--
3.5024375 --undefined--
3.5124375000000003 --undefined--
3.5224375 --undefined--
3.5324375000000003 --undefined--
3.5424375 --undefined--
3.5524375000000004 --undefined--
3.5624375 --undefined--
3.5724375000000004 --undefined--
3.5824375 --undefined--
3.5924375000000004 --undefined--
3.6024375 --undefined--
3.6124375 --undefined--
3.6224375 --undefined--
3.6324375 --undefined--
3.6424375 --undefined--
3.6524375 --undefined--
3.6624375000000002 --undefined--
3.6724375 --undefined--
