Time_s   Intensity_dB
0.047906   10.461830
0.058573   10.495557
0.069240   10.175588
0.079906   9.913093
0.090573   9.727455
0.101240   9.478523
0.111906   11.288500
0.122573   16.950884
0.133240   29.635502
0.143906   50.843756
0.154573   65.204920
0.165240   74.637422
0.175906   80.219526
0.186573   82.576988
0.197240   82.509749
0.207906   81.173384
0.218573   79.781788
0.229240   78.754035
0.239906   77.665250
0.250573   77.173464
0.261240   77.126839
0.271906   76.366459
0.282573   75.617577
0.293240   75.803985
0.303906   76.666997
0.314573   77.706955
0.325240   77.590066
0.335906   76.779566
0.346573   76.119508
0.357240   74.470661
0.367906   72.377574
0.378573   72.305146
0.389240   71.703512
0.399906   69.485222
0.410573   67.749643
0.421240   67.160594
0.431906   65.938332
0.442573   64.045089
0.453240   63.112605
0.463906   65.900606
0.474573   70.575806
0.485240   74.340254
0.495906   76.565251
0.506573   77.479142
0.517240   79.274906
0.527906   81.063944
0.538573   81.431501
0.549240   81.906047
0.559906   82.494529
0.570573   82.797065
0.581240   82.184860
0.591906   80.020644
0.602573   77.788884
0.613240   76.544388
0.623906   75.478810
0.634573   74.090553
0.645240   71.913085
0.655906   70.298753
0.666573   70.331244
0.677240   70.486167
0.687906   68.395662
0.698573   65.340918
0.709240   65.701497
0.719906   65.812969
0.730573   64.699750
0.741240   65.651406
0.751906   70.354455
0.762573   74.144206
0.773240   75.292100
0.783906   74.721970
0.794573   74.176587
0.805240   73.788200
0.815906   73.251509
0.826573   72.637502
0.837240   71.961616
0.847906   71.516537
0.858573   71.080482
0.869240   71.669722
0.879906   72.857994
0.890573   73.423010
0.901240   72.950523
0.911906   72.002483
0.922573   71.468025
0.933240   71.055714
0.943906   69.944975
0.954573   68.130716
0.965240   66.221793
0.975906   63.226385
0.986573   60.734176
0.997240   59.910152
1.007906   58.820843
1.018573   57.455282
1.029240   56.553067
1.039906   55.107270
1.050573   53.158901
1.061240   51.913005
1.071906   51.441976
1.082573   50.924497
1.093240   50.206004
1.103906   50.536488
1.114573   49.857566
1.125240   47.993849
1.135906   46.935611
1.146573   46.091944
1.157240   45.254169
1.167906   44.043268
1.178573   43.097448
1.189240   43.105207
1.199906   41.973776
1.210573   39.942472
1.221240   39.651213
1.231906   41.384291
1.242573   43.735880
1.253240   44.302708
1.263906   43.515175
1.274573   43.312833
1.285240   42.245108
1.295906   40.096345
