Time_s   Intensity_dB
0.069688   72.483696
0.085688   75.818617
0.101688   75.836790
0.117688   73.638027
0.133688   71.954268
0.149688   73.767616
0.165688   75.105137
0.181688   74.680854
0.197688   75.414549
0.213688   76.443031
0.229688   75.586215
0.245688   74.210187
0.261688   75.331667
0.277688   77.192865
0.293688   78.355188
0.309688   78.806759
0.325688   78.075175
0.341688   76.022382
0.357688   73.639597
0.373688   71.295068
0.389688   69.099109
0.405688   67.961494
0.421688   67.004100
0.437688   65.100304
0.453688   62.643944
0.469688   63.122633
0.485688   64.242221
0.501688   64.013038
0.517688   63.740200
0.533688   64.522364
0.549688   65.648702
0.565688   66.716161
0.581688   67.906122
0.597688   68.965110
0.613688   69.211353
0.629688   68.587489
0.645688   66.967938
0.661688   64.738902
0.677688   63.648054
0.693688   64.755059
0.709688   65.614042
0.725688   65.406510
0.741688   65.121318
0.757688   64.518882
0.773688   63.092284
0.789688   61.139367
0.805688   59.295614
0.821688   57.018327
0.837688   55.372793
0.853688   55.559413
0.869688   56.155866
0.885688   56.281479
0.901688   54.819839
0.917688   56.012184
0.933688   57.514106
0.949688   60.091201
0.965688   63.086943
0.981688   64.703846
0.997688   65.455129
1.013688   65.820624
1.029688   65.953115
1.045688   65.140250
1.061688   63.118023
1.077688   61.866981
1.093688   62.942375
1.109688   64.744289
1.125688   66.606926
1.141688   68.044151
1.157688   67.896291
1.173688   66.592329
1.189688   65.410156
1.205688   64.056590
1.221688   61.910579
1.237688   59.695332
1.253688   59.507112
1.269688   62.286018
1.285688   64.675745
1.301688   65.095510
1.317688   63.723514
1.333688   62.384783
1.349688   61.459006
1.365688   59.270023
1.381688   57.338334
1.397688   58.289321
1.413688   60.326242
1.429688   60.670443
1.445688   60.469830
1.461688   61.382190
1.477688   62.372810
1.493688   62.770567
1.509688   62.897777
1.525688   64.327271
1.541688   65.633493
1.557688   65.480220
1.573688   63.515136
1.589688   59.784915
1.605688   59.825114
1.621688   61.590525
1.637688   61.794695
1.653688   61.939541
1.669688   61.503842
1.685688   58.830179
1.701688   54.001178
1.717688   52.117386
1.733688   54.628883
1.749688   55.699143
1.765688   55.507902
1.781688   55.731518
1.797688   55.465085
1.813688   55.245726
1.829688   54.346064
1.845688   53.095642
1.861688   53.086423
1.877688   53.209684
1.893688   54.986979
1.909688   55.805718
1.925688   54.447163
1.941688   54.097519
1.957688   61.719068
1.973688   68.135763
1.989688   70.902590
2.005688   71.166252
2.021688   70.273887
2.037688   69.610038
2.053688   70.378307
2.069688   71.568285
2.085688   71.849556
2.101688   71.107786
2.117688   70.023575
2.133688   69.611284
2.149688   69.393247
2.165688   69.186078
2.181688   69.266130
2.197688   69.257893
2.213688   69.283443
2.229688   69.681716
2.245688   70.187532
2.261688   70.634976
2.277688   70.938629
2.293688   71.055550
2.309688   71.053911
2.325688   70.488478
2.341688   68.730064
2.357688   65.410747
2.373688   62.862409
2.389688   65.432213
2.405688   68.069331
2.421688   69.606177
2.437688   70.751907
2.453688   72.044995
2.469688   73.376724
2.485688   73.968952
2.501688   73.530289
2.517688   72.673780
2.533688   71.856135
2.549688   71.334872
2.565688   72.706492
2.581688   74.736107
2.597688   75.335975
2.613688   74.776189
2.629688   74.266095
2.645688   73.631386
2.661688   73.130951
2.677688   73.367215
2.693688   73.572362
2.709688   73.060021
2.725688   71.466214
2.741688   70.034852
2.757688   72.950305
2.773688   75.874996
2.789688   76.133104
2.805688   74.957357
2.821688   73.399572
2.837688   70.948207
2.853688   68.067336
2.869688   68.683388
2.885688   70.515654
2.901688   69.573716
2.917688   65.390349
2.933688   67.175112
2.949688   73.046708
2.965688   75.643884
2.981688   75.622717
2.997688   73.888682
3.013688   70.650241
3.029688   65.994338
3.045688   61.472618
3.061688   58.939699
3.077688   58.224851
3.093688   59.920687
3.109688   60.269140
3.125688   58.075227
3.141688   56.592011
3.157688   62.392186
3.173688   66.835932
3.189688   68.277973
3.205688   68.371940
3.221688   68.978539
3.237688   69.692906
3.253688   69.952019
3.269688   69.910677
3.285688   69.649832
3.301688   69.344619
3.317688   69.114699
3.333688   68.660348
3.349688   68.502436
3.365688   69.426763
3.381688   70.062193
3.397688   69.822057
3.413688   69.179304
3.429688   68.978098
3.445688   69.151579
3.461688   69.222457
3.477688   68.922484
3.493688   67.921505
3.509688   65.885131
3.525688   63.527422
3.541688   62.826665
3.557688   62.488029
3.573688   62.419543
3.589688   63.066116
3.605688   63.160418
3.621688   63.251721
3.637688   65.361934
3.653688   66.510565
3.669688   66.301879
3.685688   66.485337
3.701688   66.696392
3.717688   66.215908
3.733688   64.659517
3.749688   62.462076
3.765688   61.215122
3.781688   59.914301
3.797688   57.280172
3.813688   54.385671
3.829688   53.318856
3.845688   57.482223
3.861688   62.013826
3.877688   63.199912
3.893688   61.215806
3.909688   59.409208
3.925688   59.291015
3.941688   60.049427
3.957688   60.924913
3.973688   61.788790
3.989688   62.709410
4.005688   66.191793
4.021688   69.510817
4.037688   71.272068
4.053688   71.707693
4.069688   71.079826
4.085688   69.390883
4.101688   67.299044
4.117688   66.475691
4.133688   66.661153
4.149688   66.286755
4.165688   65.426854
4.181688   64.787698
4.197688   64.038069
4.213688   63.127266
4.229688   63.221854
4.245688   64.825489
4.261688   68.909401
4.277688   72.925728
4.293688   74.810041
4.309688   74.768402
4.325688   74.457555
4.341688   74.650051
4.357688   74.851308
4.373688   75.132739
4.389688   75.526076
4.405688   75.925595
4.421688   76.295502
4.437688   76.642794
4.453688   76.897122
4.469688   76.938818
4.485688   76.724972
4.501688   76.350257
4.517688   75.947113
4.533688   75.490362
4.549688   75.021065
4.565688   74.554791
4.581688   74.133103
4.597688   73.860302
4.613688   73.562840
4.629688   73.135716
4.645688   72.657954
4.661688   72.120254
4.677688   71.643996
4.693687   71.576273
4.709687   71.107377
4.725687   69.093414
4.741687   66.225697
4.757687   64.430642
4.773687   64.388091
4.789687   66.934235
4.805687   69.791841
4.821687   70.954811
4.837687   70.678756
4.853687   69.572184
4.869687   68.632948
4.885687   68.119790
4.901687   67.692056
4.917687   67.571340
4.933687   67.215174
4.949687   66.453411
4.965687   65.470089
4.981687   64.583372
4.997687   64.327390
5.013687   64.410393
5.029687   64.381005
5.045687   64.091477
5.061687   63.396425
5.077687   62.299457
5.093687   61.215055
5.109687   62.073201
5.125687   63.634991
5.141687   63.429451
5.157687   61.732109
5.173687   59.255003
5.189687   56.587433
5.205687   58.211305
5.221687   60.643553
5.237687   63.247457
5.253687   65.309032
5.269687   65.943351
5.285687   65.929935
5.301687   65.754345
5.317687   65.619943
5.333687   65.305571
5.349687   65.040329
5.365687   65.629964
5.381688   66.200112
5.397688   66.004474
5.413688   64.202589
5.429688   60.513155
5.445688   57.662178
5.461688   61.261847
5.477688   67.204184
5.493688   70.688021
5.509688   72.653478
5.525688   75.215266
5.541688   78.271376
5.557688   80.718162
5.573688   82.210081
5.589688   82.978183
5.605688   83.502081
5.621688   84.080226
5.637688   84.437201
5.653688   84.194255
5.669688   83.306659
5.685688   81.597904
5.701688   78.398116
5.717688   73.017374
5.733688   65.276568
5.749688   59.480994
5.765688   58.936805
5.781688   62.481423
5.797688   68.264391
5.813688   72.090171
5.829688   73.061431
5.845688   71.496912
5.861688   68.091553
5.877688   64.443293
5.893688   64.685983
5.909688   67.585866
5.925688   68.025935
5.941688   65.176764
5.957688   61.437719
5.973688   57.700572
5.989688   55.493381
6.005688   57.283002
6.021688   59.244697
6.037688   62.293871
6.053688   65.101775
6.069688   66.693654
6.085688   67.703111
6.101688   67.811496
6.117688   66.109517
6.133688   62.674510
6.149688   58.731029
6.165688   58.165273
6.181688   64.389275
6.197688   70.046443
6.213688   72.972873
6.229688   74.463236
6.245688   75.959609
6.261688   77.881997
6.277688   79.426814
6.293688   79.552439
6.309688   77.820157
6.325688   73.763800
6.341688   66.870848
6.357688   59.796046
6.373688   58.973870
6.389688   57.825198
6.405688   55.631404
6.421688   54.873374
6.437688   54.046174
