Time_s   F0_Hz
0.034750   --undefined--
0.049750   --undefined--
0.064750   --undefined--
0.079750   --undefined--
0.094750   --undefined--
0.109750   --undefined--
0.124750   --undefined--
0.139750   --undefined--
0.154750   --undefined--
0.169750   --undefined--
0.184750   --undefined--
0.199750   --undefined--
0.214750   --undefined--
0.229750   --undefined--
0.244750   --undefined--
0.259750   --undefined--
0.274750   --undefined--
0.289750   --undefined--
0.304750   --undefined--
0.319750   --undefined--
0.334750   --undefined--
0.349750   --undefined--
0.364750   --undefined--
0.379750   --undefined--
0.394750   --undefined--
0.409750   --undefined--
0.424750   --undefined--
0.439750   275.152852
0.454750   280.295218
0.469750   282.728063
0.484750   279.807969
0.499750   271.492320
0.514750   267.335667
0.529750   263.166391
0.544750   258.957114
0.559750   257.336671
0.574750   256.981966
0.589750   256.489770
0.604750   257.506766
0.619750   259.054149
0.634750   259.821260
0.649750   259.507114
0.664750   258.121751
0.679750   253.935380
0.694750   251.688119
0.709750   250.047010
0.724750   252.052414
0.739750   252.523261
0.754750   253.040087
0.769750   251.316131
0.784750   251.372863
0.799750   237.976172
0.814750   245.711523
0.829750   251.935514
0.844750   260.989728
0.859750   270.382231
0.874750   284.813508
0.889750   301.770726
0.904750   321.250769
0.919750   324.898723
0.934750   321.682258
0.949750   --undefined--
0.964750   --undefined--
0.979750   --undefined--
0.994750   --undefined--
1.009750   --undefined--
1.024750   213.202059
1.039750   212.641982
1.054750   210.310476
1.069750   208.169501
1.084750   205.084176
1.099750   206.968074
1.114750   208.557442
1.129750   --undefined--
1.144750   --undefined--
1.159750   --undefined--
1.174750   294.239362
1.189750   286.785011
1.204750   285.674048
1.219750   --undefined--
1.234750   --undefined--
1.249750   --undefined--
1.264750   --undefined--
1.279750   --undefined--
1.294750   --undefined--
1.309750   --undefined--
1.324750   --undefined--
1.339750   229.687133
1.354750   227.108351
1.369750   223.601671
1.384750   216.724520
1.399750   211.176248
1.414750   208.193106
1.429750   206.324794
1.444750   208.071614
1.459750   211.910639
1.474750   209.695696
1.489750   206.079976
1.504750   197.409616
1.519750   197.622056
1.534750   197.199592
1.549750   195.729203
1.564750   194.301438
1.579750   193.698525
1.594750   192.151578
1.609750   190.523139
1.624750   189.578793
1.639750   188.380011
1.654750   186.526901
1.669750   185.108473
1.684750   185.191420
1.699750   185.882673
1.714750   --undefined--
1.729750   125.486130
1.744750   124.874556
1.759750   126.902958
1.774750   127.571100
1.789750   124.081368
1.804750   122.820794
1.819750   123.351692
1.834750   124.800423
1.849750   --undefined--
1.864750   --undefined--
1.879750   --undefined--
1.894750   --undefined--
1.909750   --undefined--
1.924750   --undefined--
1.939750   --undefined--
1.954750   218.966812
1.969750   216.183986
1.984750   209.731370
1.999750   204.010422
2.014750   194.803779
2.029750   192.183139
2.044750   190.728412
2.059750   189.586063
2.074750   186.905231
2.089750   184.878470
2.104750   183.600757
2.119750   183.441347
2.134750   183.364386
2.149750   183.182620
2.164750   183.411231
2.179750   184.515235
2.194750   185.582213
2.209750   186.013022
2.224750   184.235997
2.239750   183.763699
2.254750   187.715002
2.269750   187.705527
2.284750   186.832928
2.299750   --undefined--
2.314750   --undefined--
2.329750   --undefined--
2.344750   --undefined--
2.359750   --undefined--
2.374750   224.948087
2.389750   219.332575
2.404750   218.805674
2.419750   111.531839
2.434750   112.639488
2.449750   155.849131
2.464750   167.808192
2.479750   240.682766
2.494750   240.457630
2.509750   239.965353
2.524750   241.089381
2.539750   244.199700
2.554750   247.937298
2.569750   248.418754
2.584750   248.412553
2.599750   249.053265
2.614750   249.386667
2.629750   248.726876
2.644750   246.720490
2.659750   246.926866
2.674750   247.744644
2.689750   247.878713
2.704750   247.439478
2.719750   247.336688
2.734750   239.497365
2.749750   230.434399
2.764750   227.012714
2.779750   226.237899
2.794750   216.234694
2.809750   215.238611
2.824750   214.600475
2.839750   215.154729
2.854750   217.552069
2.869750   219.942833
2.884750   222.246281
2.899750   223.432249
2.914750   222.925011
2.929750   217.126405
2.944750   241.653280
2.959750   243.905242
2.974750   244.972967
2.989750   245.162167
3.004750   245.427614
3.019750   247.768643
3.034750   249.479790
3.049750   248.037724
3.064750   123.654928
3.079750   123.649721
3.094750   123.548200
3.109750   123.545850
3.124750   123.279492
3.139750   122.662466
3.154750   122.627514
3.169750   124.989223
3.184750   135.410021
3.199750   132.403794
3.214750   131.738518
3.229750   131.606700
3.244750   127.839827
3.259750   125.500593
3.274750   129.519284
3.289750   --undefined--
3.304750   --undefined--
3.319750   117.472256
3.334750   115.378434
3.349750   115.656107
3.364750   115.514767
3.379750   117.061562
3.394750   --undefined--
3.409750   --undefined--
3.424750   --undefined--
3.439750   --undefined--
3.454750   --undefined--
3.469750   127.391780
3.484750   126.696990
3.499750   120.896071
3.514750   118.112341
3.529750   117.026109
3.544750   117.038930
3.559750   116.979075
3.574750   116.652492
3.589750   --undefined--
3.604750   237.389115
3.619750   232.552755
3.634750   230.412934
3.649750   220.491274
3.664750   216.029297
3.679750   213.637140
3.694750   211.682289
3.709750   211.648330
3.724750   211.159661
3.739750   105.014347
3.754750   104.857484
3.769750   117.639777
3.784750   110.848764
3.799750   110.281365
3.814750   111.818502
3.829750   113.305632
3.844750   112.429613
3.859750   113.362815
3.874750   111.092744
3.889750   110.833134
3.904750   111.933317
3.919750   113.239994
3.934750   113.420234
3.949750   111.316540
3.964750   107.308472
3.979750   106.842476
3.994750   106.204160
4.009750   105.718389
4.024750   105.104509
4.039750   99.621905
4.054750   99.375557
4.069750   97.972168
4.084750   98.048494
4.099750   97.999984
4.114750   56.314328
4.129750   56.349357
4.144750   56.573839
4.159750   56.906665
4.174750   56.400277
4.189750   56.434676
4.204750   56.410656
4.219750   57.372540
4.234750   57.643204
4.249750   57.622661
4.264750   --undefined--
4.279750   56.701357
4.294750   56.672508
4.309750   56.780030
4.324750   56.651096
4.339750   56.696720
4.354750   56.752285
4.369750   56.793890
4.384750   56.267235
4.399750   119.845592
4.414750   122.581826
4.429750   114.080171
4.444750   106.654936
4.459750   105.929532
4.474750   105.156679
4.489750   104.313658
4.504750   103.548066
4.519750   204.775482
4.534750   202.425023
4.549750   195.715206
4.564750   191.244402
4.579750   190.697463
4.594750   191.187069
4.609750   193.162672
4.624750   194.411037
4.639750   194.771669
4.654750   194.434488
4.669750   192.995896
4.684750   193.590937
4.699750   --undefined--
4.714750   --undefined--
4.729750   --undefined--
4.744750   --undefined--
4.759750   --undefined--
4.774750   --undefined--
4.789750   380.246482
4.804750   382.820494
4.819750   387.588318
4.834750   395.125309
4.849750   202.655306
4.864750   195.215849
4.879750   390.512394
4.894750   385.854394
4.909750   377.114133
4.924750   364.511403
4.939750   374.814721
4.954750   379.147523
4.969750   --undefined--
4.984750   --undefined--
4.999750   --undefined--
5.014750   --undefined--
5.029750   --undefined--
5.044750   --undefined--
5.059750   366.307753
5.074750   353.800422
5.089750   351.286432
5.104750   350.490335
5.119750   350.081664
5.134750   349.604189
5.149750   348.808291
5.164750   348.216804
5.179750   347.597361
5.194750   346.963503
5.209750   346.825725
5.224750   347.428036
5.239750   348.868540
5.254750   350.359323
5.269750   350.114476
5.284750   348.650994
5.299750   346.938849
5.314750   343.588176
5.329750   342.620689
5.344750   330.520704
5.359750   328.321232
5.374750   328.056786
5.389750   342.519820
5.404750   341.493092
5.419750   348.160283
5.434750   348.028483
5.449750   342.965375
5.464750   352.160454
5.479750   348.905766
5.494750   347.077625
5.509750   287.985649
5.524750   277.223270
5.539750   272.703081
5.554750   268.586998
5.569750   263.245576
5.584750   260.736853
5.599750   259.745756
5.614750   258.488424
5.629750   257.089056
5.644750   255.929102
5.659750   254.151315
5.674750   251.523630
5.689750   249.488889
5.704750   246.026036
5.719750   --undefined--
5.734750   --undefined--
5.749750   --undefined--
5.764750   126.773679
5.779750   125.597805
5.794750   124.878600
5.809750   --undefined--
5.824750   --undefined--
5.839750   --undefined--
5.854750   --undefined--
5.869750   --undefined--
5.884750   215.792492
5.899750   215.043369
5.914750   212.875779
5.929750   210.444324
5.944750   204.365509
5.959750   201.352726
5.974750   199.151068
5.989750   197.673811
6.004750   198.863818
6.019750   198.944988
6.034750   200.787729
6.049750   203.076151
6.064750   --undefined--
6.079750   --undefined--
6.094750   107.673320
6.109750   105.437231
6.124750   105.765894
6.139750   108.651385
6.154750   108.369940
6.169750   103.802877
6.184750   100.911481
6.199750   --undefined--
6.214750   --undefined--
6.229750   --undefined--
6.244750   --undefined--
6.259750   --undefined--
6.274750   --undefined--
6.289750   --undefined--
6.304750   --undefined--
6.319750   --undefined--
6.334750   --undefined--
6.349750   --undefined--
6.364750   --undefined--
6.379750   118.013239
6.394750   116.928010
6.409750   110.939760
6.424750   112.854759
6.439750   114.230784
6.454750   114.975408
6.469750   107.614356
6.484750   117.357204
6.499750   113.831038
6.514750   113.001044
6.529750   112.466607
6.544750   113.242548
6.559750   116.520517
6.574750   108.699024
6.589750   109.388751
6.604750   115.869305
6.619750   115.807904
6.634750   115.792922
6.649750   114.911391
6.664750   113.349131
6.679750   114.777228
6.694750   115.917216
6.709750   115.470826
6.724750   114.388312
6.739750   110.752832
6.754750   112.414996
6.769750   114.317484
6.784750   113.412279
6.799750   --undefined--
6.814750   168.950274
6.829750   167.982657
6.844750   165.375518
6.859750   163.256123
6.874750   --undefined--
6.889750   --undefined--
6.904750   --undefined--
6.919750   --undefined--
6.934750   --undefined--
6.949750   --undefined--
6.964750   --undefined--
6.979750   --undefined--
6.994750   --undefined--
7.009750   --undefined--
7.024750   120.525293
7.039750   118.062414
7.054750   109.029465
7.069750   108.775614
7.084750   114.387926
7.099750   115.470546
7.114750   115.758282
7.129750   114.793795
7.144750   114.630866
7.159750   114.125244
7.174750   114.122379
7.189750   115.489705
7.204750   113.972769
7.219750   113.819996
7.234750   113.839024
7.249750   113.966350
7.264750   114.229801
7.279750   116.572085
7.294750   114.663142
7.309750   115.136579
7.324750   114.087551
7.339750   113.276026
7.354750   114.234810
7.369750   113.421236
7.384750   113.287521
7.399750   113.939106
7.414750   114.593751
7.429750   115.700414
7.444750   114.684611
7.459750   113.647319
7.474750   114.206588
7.489750   --undefined--
7.504750   --undefined--
7.519750   --undefined--
7.534750   --undefined--
7.549750   --undefined--
7.564750   --undefined--
7.579750   --undefined--
7.594750   --undefined--
7.609750   --undefined--
7.624750   61.640958
7.639750   61.727405
7.654750   --undefined--
7.669750   --undefined--
7.684750   117.505297
7.699750   114.128395
7.714750   112.942393
7.729750   113.838238
7.744750   113.883732
7.759750   114.503850
7.774750   114.420548
7.789750   114.339680
7.804750   --undefined--
7.819750   --undefined--
7.834750   --undefined--
7.849750   --undefined--
7.864750   --undefined--
7.879750   --undefined--
7.894750   --undefined--
7.909750   --undefined--
7.924750   --undefined--
7.939750   --undefined--
7.954750   --undefined--
7.969750   --undefined--
7.984750   --undefined--
7.999750   --undefined--
8.014750   --undefined--
8.029750   --undefined--
8.044750   --undefined--
8.059750   --undefined--
8.074750   --undefined--
8.089750   --undefined--
8.104750   --undefined--
8.119750   --undefined--
8.134750   --undefined--
8.149750   --undefined--
8.164750   --undefined--
8.179750   --undefined--
8.194750   --undefined--
8.209750   --undefined--
8.224750   --undefined--
8.239750   --undefined--
8.254750   --undefined--
8.269750   --undefined--
8.284750   --undefined--
8.299750   --undefined--
8.314750   --undefined--
8.329750   --undefined--
8.344750   --undefined--
8.359750   --undefined--
8.374750   --undefined--
8.389750   --undefined--
