mean: 75.74484698391092 std: 7.150101356320577
0.044520833333333044 62.79812118179659
0.05518749999999971 62.719381261519445
0.06585416666666638 61.25858604191738
0.07652083333333304 60.8695399960757
0.08718749999999972 70.61875491200286
0.09785416666666638 78.05522005065652
0.10852083333333304 82.13286214286136
0.11918749999999972 83.6913504803259
0.12985416666666638 83.74295352841207
0.14052083333333307 83.11982690154794
0.15118749999999972 82.50176725161597
0.16185416666666638 81.32378711881171
0.17252083333333304 79.3067457921262
0.18318749999999973 77.87023018532645
0.19385416666666638 77.41687702388207
0.20452083333333307 77.3553381180003
0.21518749999999973 78.05035030511223
0.22585416666666638 80.11874370927707
0.23652083333333307 83.19616829928215
0.24718749999999973 85.56846535171056
0.25785416666666644 85.83360342811943
0.2685208333333331 84.66570513543182
0.27918749999999976 83.55044929769684
0.2898541666666664 82.58413302762901
0.30052083333333307 82.40067893493787
0.3111874999999998 83.18276982145616
0.32185416666666644 84.04380815584577
0.3325208333333331 84.29175655510494
0.34318749999999976 83.7046366301775
0.3538541666666664 82.5195913252042
0.3645208333333331 80.79793703002773
0.3751874999999998 77.92612157588253
0.38585416666666644 73.62010499596795
0.3965208333333331 68.9365091551413
0.40718749999999976 65.64697770427196
0.41785416666666647 64.33500210459383
0.42852083333333313 65.46872205612527
0.4391874999999998 65.05397457771772
0.44985416666666644 64.15812837756333
0.4605208333333331 64.23624095478493
0.4711874999999998 64.63268379187669
0.4818541666666665 64.10224488144446
0.49252083333333313 60.36833832524976
0.5031874999999998 60.09215702754019
0.5138541666666664 59.85649723638108
0.5245208333333331 59.51699480663713
0.5351874999999998 62.03749395468041
0.5458541666666664 62.44300265614342
0.556520833333333 61.96160460984914
0.5671874999999997 62.82871962437681
0.5778541666666664 62.797800671572446
0.588520833333333 61.20083401796784
0.5991874999999998 61.51960305026259
0.6098541666666664 62.896383939744645
0.6205208333333331 62.90321444045788
0.6311874999999998 62.440021635756686
0.6418541666666664 63.489231747818096
0.6525208333333331 63.39101619407686
0.6631874999999997 63.19621704846022
0.6738541666666664 64.72913299885712
0.6845208333333331 64.56947304958767
0.6951874999999997 63.7245400463047
0.7058541666666664 63.027735308893014
0.716520833333333 61.68176782230738
0.7271874999999998 61.66917054798576
0.7378541666666665 62.70688123458979
0.7485208333333331 63.27575870678214
0.7591874999999998 62.21277558760467
0.7698541666666664 58.91818644453603
0.7805208333333331 57.6625920209062
0.7911874999999998 57.79241859879284
0.8018541666666664 58.53003448052745
0.8125208333333331 59.91329309355721
0.8231874999999997 59.70255481248985
0.8338541666666665 57.62018643202169
0.8445208333333332 56.73537618768489
0.8551874999999998 58.7265254391656
0.8658541666666665 59.46146438873322
0.8765208333333331 57.44864913441091
0.8871874999999998 55.328949736408916
0.8978541666666665 54.828107294174615
0.9085208333333331 57.015205062020094
0.9191874999999998 57.85981766289757
0.9298541666666664 59.85668476651234
0.9405208333333331 62.519251885030286
0.9511874999999997 69.22394726536925
0.9618541666666665 75.56517696129734
0.9725208333333332 79.01982683329348
0.9831874999999998 80.36027129815736
0.9938541666666665 80.83794166003885
1.004520833333333 81.01778916956326
1.0151875 81.21987347068803
1.0258541666666665 81.30740887503977
1.0365208333333331 81.10406424668163
1.0471875 80.71675396873988
1.0578541666666665 80.3332040936737
1.0685208333333331 80.03062737289143
1.0791875 79.70006947090843
1.0898541666666666 79.40048887386428
1.1005208333333332 79.22576439140622
1.1111875 79.1075201744338
1.1218541666666666 78.97195788900814
1.1325208333333332 78.91986116260533
1.1431875 78.6745628738965
1.1538541666666666 77.88684142007453
1.1645208333333332 76.62590206911521
1.1751874999999998 75.86160857375808
1.1858541666666667 76.36984033728525
1.1965208333333333 77.53799760880273
1.2071874999999999 78.45203417071362
1.2178541666666667 78.96359292666494
1.2285208333333333 79.16701795343008
1.2391874999999999 79.09978671445683
1.2498541666666667 78.76361883105398
1.2605208333333333 78.10893237469486
1.2711875 77.25575379415358
1.2818541666666665 76.10331445472748
1.2925208333333333 75.2159184884046
1.3031875 74.88248081775046
1.3138541666666665 74.88724557027525
1.3245208333333334 74.41316070509426
1.3351875 73.04646232722416
1.3458541666666666 71.64963078669443
1.3565208333333334 70.31180490479518
1.3671875 68.95474102511122
1.3778541666666666 67.845710926198
1.3885208333333332 67.06403091052917
1.3991875 67.07885612261776
1.4098541666666666 67.3903352095546
1.4205208333333332 67.25132896574155
1.4311875 65.87304963631837
1.4418541666666667 63.17507070021135
1.4525208333333333 60.09751307160841
1.4631874999999999 60.17394313584552
1.4738541666666667 60.64420434239963
1.4845208333333333 59.42628280437723
1.4951875 58.77018860659821
1.5058541666666667 61.524812464605496
1.5165208333333333 63.015115936598214
1.5271875 61.70864978583496
1.5378541666666667 61.05383829699272
1.5485208333333333 61.47161295751432
1.5591875 61.16876732437017
1.5698541666666666 62.533709708603055
1.5805208333333334 64.6922203125153
1.5911875 63.73110717232323
1.6018541666666666 62.17366466267245
1.6125208333333334 62.08865730716358
1.6231875 61.39754709560562
1.6338541666666666 59.85791409702795
1.6445208333333334 58.205462035980105
1.6551875 58.7221924206104
1.6658541666666666 59.749349784487855
1.6765208333333332 60.51168017748992
1.6871875 61.419487414890234
1.6978541666666667 61.846025462124544
1.7085208333333333 63.87652282390407
1.7191875 65.62267453595679
1.7298541666666667 65.16277962996324
1.7405208333333333 63.320907890647895
1.7511875000000001 61.08733420574718
1.7618541666666667 58.22932915331045
1.7725208333333333 55.89334111668282
1.7831875 59.02788127881263
1.7938541666666667 63.55510109019497
1.8045208333333334 67.22677639653132
1.8151875 70.46250230799404
1.8258541666666668 73.42003684060208
1.8365208333333334 75.87199986140975
1.8471875 77.64617783922199
1.8578541666666666 78.8911527041324
1.8685208333333334 80.1044501912247
1.8791875 81.35077002002407
1.8898541666666666 82.41249610500171
1.9005208333333334 83.18328112267812
1.9111875 83.60547087507925
1.9218541666666666 83.70389782041792
1.9325208333333335 83.32855287372887
1.9431875 82.56731859179357
1.9538541666666667 81.81183766220744
1.9645208333333333 81.38879229047043
1.9751875 81.39793289607518
1.9858541666666667 81.46563912997712
1.9965208333333333 81.12173949218027
2.0071875 80.2520377805167
2.0178541666666665 78.7452909582949
2.0285208333333333 76.85588714937201
2.0391875 75.93654398063103
2.0498541666666665 76.45943508755637
2.0605208333333334 77.59056190547521
2.0711874999999997 78.26120235681866
2.0818541666666666 78.09220914402056
2.092520833333333 76.50367995329283
2.1031874999999998 74.13756829058468
2.1138541666666666 72.44311012299848
2.124520833333333 71.3496027760485
2.1351875 73.49566392836975
2.1458541666666666 78.33910357914235
2.156520833333333 81.70813593533653
2.1671875 83.27143297017602
2.1778541666666666 83.47236006484812
2.188520833333333 82.67186242714972
2.1991875 81.01710100984063
2.2098541666666667 79.66477671507752
2.220520833333333 78.76708173053859
2.2311875 76.7430006826366
2.2418541666666667 75.42863968724961
2.252520833333333 77.52076179006056
2.2631875 80.38127336728101
2.2738541666666667 81.92100603695592
2.284520833333333 81.97720568537409
2.2951875 81.37933407435939
2.3058541666666663 80.57205005682319
2.316520833333333 79.4274221179736
2.3271875 78.39551268955783
2.3378541666666663 78.51508141027725
2.348520833333333 79.50981924538831
2.3591875 79.02519459749085
2.3698541666666664 75.51581105505926
2.380520833333333 69.94325814578974
2.3911875 68.51462561206563
2.4018541666666664 71.11621666039204
2.4125208333333332 74.17098996710047
2.4231875 77.08952884603154
2.4338541666666664 79.43038893109849
2.4445208333333333 81.2061391095652
2.4551875 82.07069552664865
2.4658541666666665 81.1947612930887
2.4765208333333333 78.57438387625105
2.4871874999999997 75.70110515260171
2.4978541666666665 74.0508952095042
2.5085208333333333 72.18750001030376
2.5191874999999997 69.17159124549403
2.5298541666666665 65.47769540955957
2.5405208333333333 62.82927270449291
2.5511874999999997 62.46320115311819
2.5618541666666665 64.5185993234498
2.5725208333333334 69.48822828206667
2.5831874999999997 74.60131360962339
2.5938541666666666 77.95916619701049
2.6045208333333334 80.2142822918181
2.6151874999999998 81.5778926372833
2.6258541666666666 82.14264242030069
2.6365208333333334 82.45395966982173
2.6471875 82.48084249809926
2.6578541666666666 81.5229790210121
2.6685208333333335 79.34985653240774
2.6791875 77.25254567626149
2.6898541666666667 75.8083498910339
2.700520833333333 73.32810352193665
2.7111875 69.47111530275954
2.7218541666666667 65.76854995115816
2.732520833333333 63.90067091666374
2.7431875 62.33349549089446
2.7538541666666667 61.66649622592401
2.764520833333333 61.72058851340466
2.7751875 63.32105416400245
2.7858541666666667 63.75747847627403
2.796520833333333 62.91449893868699
2.8071875 67.74467742006142
2.8178541666666668 72.41101555224121
2.828520833333333 73.94606271716863
2.8391875 74.38098128131985
2.849854166666667 75.8117731944918
2.860520833333333 77.47423390446446
2.8711875 78.80950174896857
2.8818541666666664 79.75217226198468
2.892520833333333 79.85032482497996
2.9031875 78.89810003075068
2.9138541666666664 77.6906539237335
2.9245208333333332 77.59635161783648
2.9351875 77.98597218602319
2.9458541666666664 77.75760479018145
2.9565208333333333 77.27390295258013
2.9671875 77.04673501642696
2.9778541666666665 77.02028830088759
2.9885208333333333 77.15228673788816
2.9991875 77.34162032270844
3.0098541666666665 77.49921422235708
3.0205208333333333 77.62368350438979
3.0311875 77.64096891180141
3.0418541666666665 77.4035812309073
3.0525208333333333 77.0770389045424
3.0631875 77.02895156644868
3.0738541666666666 76.71933938819502
3.0845208333333334 75.02108010737989
3.0951874999999998 71.83496318549216
3.1058541666666666 69.0688948488375
3.1165208333333334 66.64824376909074
3.1271875 65.01945266344703
3.1378541666666666 68.04918053180167
3.1485208333333334 70.70113515774852
3.1591875 73.57522911749234
3.1698541666666666 75.68795198890561
3.1805208333333335 75.58795474792856
3.1911875 73.5621659412329
3.2018541666666667 71.25549036885933
3.2125208333333335 70.36736799745862
3.2231875 71.46164712042079
3.2338541666666667 74.63709003612146
3.2445208333333335 77.12442723757552
3.2551875 78.34197574375031
3.2658541666666667 79.02880535707658
3.276520833333333 79.68746064632188
3.2871875 80.19399175318654
3.2978541666666668 80.25339304222868
3.308520833333333 79.94097497545972
3.3191875 79.07305597334982
3.329854166666667 77.58740520661826
3.340520833333333 75.7941878279247
3.3511875 73.55967806025737
3.361854166666667 70.12187656666283
3.372520833333333 66.25658703208148
3.3831875 64.51941530336666
3.393854166666667 65.57067710447419
3.404520833333333 68.08765725524657
3.4151875 69.77835551967586
3.425854166666667 69.4358306065518
3.4365208333333332 67.38782553811544
3.4471875 68.16071614946307
3.457854166666667 71.9838105765477
3.4685208333333333 73.57027602211811
3.4791875 72.35643421703128
3.4898541666666665 68.67969220880619
3.5005208333333333 63.6099761262243
3.5111875 62.08112275331508
3.5218541666666665 64.8441565371303
3.5325208333333333 66.76764687523375
3.5431875 67.81753603848503
3.5538541666666665 67.79088585412276
3.5645208333333334 68.12486785643237
3.5751875 68.27151296629552
3.5858541666666666 67.97236380312432
3.5965208333333334 66.77390744933982
3.6071875 65.11953635020038
3.6178541666666666 67.04760683471441
3.6285208333333334 69.40821402987078
3.6391875000000002 70.15324553466469
3.6498541666666666 69.60083756000085
3.6605208333333334 68.94332052290417
3.6711875 68.45278721911212
3.6818541666666667 67.90258812347685
3.6925208333333335 67.98011492164403
3.7031875 68.27462675941693
3.7138541666666667 67.48898595119246
3.7245208333333335 65.9495444288996
3.7351875 64.94591868015203
3.7458541666666667 63.777549649046165
3.7565208333333335 63.16260168907603
3.7671875 65.20070518239734
3.7778541666666667 66.77263936999304
3.7885208333333336 67.1990461117951
3.7991875 67.42896501577812
3.8098541666666668 67.64346353549386
3.8205208333333336 68.31626888742528
3.8311875 68.51610456709989
3.841854166666667 68.01659490245264
3.852520833333333 67.37994124121039
3.8631875 66.64204870483574
3.873854166666667 67.3937017304377
3.884520833333333 67.66947770460692
3.8951875 67.1543931704956
3.905854166666667 68.22619098522976
3.9165208333333332 68.86141634642135
3.9271875 68.51285869942734
3.937854166666667 66.8376433487232
3.9485208333333333 65.72548665330017
3.9591875 66.21796533589671
3.969854166666667 65.62961223231957
3.9805208333333333 66.42357668711762
3.9911875 69.15424472991654
4.001854166666667 70.498720400226
4.012520833333333 69.81457217188775
4.023187500000001 68.95472980463015
4.033854166666667 68.57420122160309
4.044520833333334 67.97184723761754
4.055187500000001 67.24152952810965
4.065854166666667 66.58237691380765
4.076520833333334 65.8947600517489
4.087187500000001 68.17927726352522
4.097854166666667 71.0348345532949
4.108520833333334 72.37756442934453
4.119187500000001 72.59586811204885
4.129854166666667 72.48745594323688
4.140520833333333 72.39458412512127
4.151187500000001 72.21597444978342
4.161854166666667 72.02291551305538
4.1725208333333335 71.7565561348566
4.183187500000001 71.38672397589663
4.193854166666667 71.29132098101718
4.2045208333333335 71.63792226375413
4.215187500000001 71.82708246260104
4.225854166666667 71.51818136308044
4.2365208333333335 70.49495779987687
4.247187500000001 68.7635124186937
4.257854166666667 67.15550376664976
4.2685208333333335 66.75492595424836
4.279187500000001 66.29800248726093
4.289854166666667 64.83078823576746
4.300520833333334 64.07489241703236
4.311187500000001 65.71310802463407
4.321854166666667 67.67442423376119
4.332520833333334 69.40083320102849
4.343187500000001 71.39396768508595
4.353854166666667 72.71559982832555
4.364520833333334 73.50800103237641
4.375187500000001 73.82463433333537
4.385854166666667 73.3944647239329
4.396520833333334 72.80534117932824
4.407187500000001 72.650343888246
4.417854166666667 72.82050702295751
4.428520833333334 73.07309664385072
4.439187500000001 73.30803398260902
4.449854166666667 73.22308114532972
4.460520833333334 72.89743901905325
4.471187500000001 72.71311596196837
4.481854166666667 72.74820589617318
4.492520833333334 73.2332910375197
4.503187500000001 73.75994093012847
4.513854166666667 73.85065411923769
4.524520833333334 73.56746127874715
4.5351875 73.38591483929144
4.545854166666667 73.40645228335029
4.556520833333334 73.44800670402138
4.5671875 73.5814949084039
4.5778541666666674 73.64140403375926
4.588520833333334 73.47758769413245
4.5991875 73.36589329431911
4.6098541666666675 73.2916565175914
4.620520833333334 73.07536111701233
4.6311875 73.04803997401253
4.6418541666666675 72.93217709644478
4.652520833333334 72.76003123163915
4.6631875 72.67131732990018
4.6738541666666675 72.53175056465746
4.684520833333334 72.48293474136321
4.6951875 72.91335884414178
4.705854166666668 73.30754546328288
4.716520833333334 72.83340445318964
4.7271875 72.39191953656972
4.737854166666668 72.06960264218803
4.748520833333334 71.59142957759707
4.7591875 70.52572187079262
4.769854166666668 69.51844115480716
4.780520833333334 68.44259710851175
4.7911875 65.58704950160246
4.801854166666668 64.6443561606833
4.812520833333334 64.56726069519749
4.8231875 64.88610219542568
4.833854166666668 65.31335228831179
4.844520833333334 66.71262431974529
4.8551875 66.48440753540888
4.865854166666668 65.3627473544408
4.876520833333334 65.55195563244301
4.8871875000000005 65.67953853650144
4.897854166666668 64.69985533055996
4.908520833333334 65.13584656205087
4.9191875000000005 66.73474253685607
4.929854166666667 66.80681608562062
4.940520833333334 66.07701768307622
4.9511875000000005 66.25976362683659
4.961854166666667 67.19896423998902
4.972520833333334 66.90591544958858
4.9831875000000005 66.13035433524978
4.993854166666667 65.37166466834017
5.004520833333334 64.89531432610534
5.015187500000001 64.55522898624909
5.025854166666667 64.97674776023274
5.036520833333334 63.71860428877675
5.047187500000001 63.333515035010855
5.057854166666667 64.10170853961681
5.068520833333334 63.144448037972545
5.079187500000001 63.29496898282774
5.089854166666667 62.73391360481449
5.100520833333334 59.50892624751412
5.111187500000001 58.316613073030474
5.121854166666667 59.55379034814712
5.132520833333334 60.95265904647618
5.143187500000001 62.522168600245195
5.153854166666667 62.65109136395882
5.164520833333334 63.66717074831602
5.175187500000001 63.69120480171756
5.185854166666667 64.60640002882333
5.196520833333334 65.56689502100616
5.207187500000001 65.28313501466494
5.217854166666667 64.91021055765208
5.228520833333334 65.54102216079401
5.239187500000001 66.13256260626171
5.249854166666667 66.0651486312649
5.260520833333334 66.420007440808
5.271187500000001 65.09469846955231
5.281854166666667 63.53140839146195
5.2925208333333345 63.2221770006968
5.303187500000001 62.341632515141455
5.313854166666667 60.745872165413985
5.324520833333334 58.54944406317459
5.335187500000001 57.73985999542803
5.345854166666667 59.759994878785314
5.356520833333334 59.81205046442898
5.367187500000001 60.985107763473216
5.377854166666667 64.39812300642933
5.388520833333334 67.70753739593445
5.399187500000001 70.4507462885472
5.409854166666667 72.60161929691031
5.420520833333334 74.10332077144028
5.431187500000001 75.22146723872244
5.441854166666667 75.99092446970174
5.452520833333334 76.77983633517516
5.463187500000001 77.81282121185282
5.473854166666667 78.61692681501601
5.484520833333334 79.07323442698548
5.495187500000001 79.30565462273674
5.505854166666667 79.38351925280293
5.516520833333334 79.6603062222211
5.527187500000001 80.67100180678706
5.537854166666667 82.26424803488302
5.548520833333334 82.94316027216303
5.559187500000001 81.99580031743629
5.569854166666667 80.75717351226423
5.580520833333334 80.10833930872843
5.591187500000001 79.86201239740141
5.6018541666666675 80.06422406688996
5.612520833333334 80.6339772760964
5.623187500000001 81.13146022426497
5.6338541666666675 81.45185755940722
5.644520833333334 81.68995300895213
5.655187500000001 81.74314544325776
5.6658541666666675 81.69924965416587
5.676520833333334 81.77899032272776
5.687187500000001 81.68847233282058
5.6978541666666676 80.91048709467702
5.708520833333334 79.31969167039311
5.7191875 78.18154708082986
5.729854166666668 77.99351540276098
5.740520833333334 78.47399894966982
5.7511875 79.55254277927257
5.761854166666668 80.38862009067932
5.772520833333334 80.50072030680185
5.7831875 80.00564538456726
5.793854166666668 79.85823478731913
5.804520833333334 80.4623191875456
5.8151875 80.56317815526452
5.825854166666668 79.76573397081202
5.836520833333334 78.17397563561086
5.8471875 75.80930121446241
5.857854166666668 72.48122910995248
5.868520833333334 68.86919649431348
5.8791875000000005 68.37093045601297
5.889854166666668 68.88067811201927
5.900520833333334 66.94100330432512
5.9111875000000005 62.40891585740869
5.921854166666668 60.208194239773974
5.932520833333334 60.31832028950823
5.9431875000000005 59.585648249814504
5.953854166666668 65.2823088992215
5.964520833333334 72.27597444687963
5.9751875000000005 75.71529400770147
5.985854166666668 75.51502310497821
5.996520833333334 72.59778558748181
6.007187500000001 68.99773631420702
6.017854166666668 65.79334649808813
6.028520833333334 64.2759701515541
6.039187500000001 63.94999015254051
6.049854166666668 64.15420433347802
6.060520833333334 65.42010966246254
6.071187500000001 68.6798692145542
6.081854166666668 72.33791272417832
6.092520833333334 74.61074131487715
6.103187500000001 75.20903314653926
6.113854166666667 74.61041175591645
6.124520833333334 73.80452426580648
6.135187500000001 73.69453133713448
6.145854166666667 73.68919985745372
6.156520833333334 73.69805343076705
6.167187500000001 73.74312137993651
6.177854166666667 73.44995082443755
6.188520833333334 73.02951752110107
6.199187500000001 72.82323854281798
6.209854166666667 72.92083112966333
6.220520833333334 72.98934939902952
6.231187500000001 73.0118245435718
6.241854166666667 73.03862904924556
6.252520833333334 73.13249310827396
6.263187500000001 72.94388955660888
6.273854166666667 72.60046636110447
6.2845208333333344 72.38880388768783
6.295187500000001 72.40267886280728
6.305854166666667 72.66050582821248
6.3165208333333345 72.81252795469253
6.327187500000001 72.73235912823951
6.337854166666667 71.66052668085052
6.3485208333333345 69.0355711214192
6.359187500000001 67.15000164388817
6.369854166666667 66.2695350503337
6.3805208333333345 65.74356275337855
6.391187500000001 66.46735942243188
6.401854166666667 66.73901256355461
6.412520833333335 66.0929478166665
6.423187500000001 63.89461252579264
6.433854166666667 60.234667378714065
6.444520833333335 60.55054927860859
6.455187500000001 63.61267777300215
6.465854166666667 67.49439452984461
6.476520833333335 68.53809560017899
6.487187500000001 69.3989995020804
6.497854166666667 71.10270158837105
6.508520833333334 72.26929348447686
6.519187500000001 73.86874530190929
6.529854166666667 75.44061630389906
6.540520833333334 76.25984876586233
6.551187500000001 76.2999714283009
6.561854166666667 75.91764515205543
6.572520833333334 75.6603248554657
6.583187500000001 75.40423182598522
6.5938541666666675 74.25720762608542
6.604520833333334 71.84703473410218
6.615187500000001 68.40645588029601
6.6258541666666675 65.09181533998749
6.636520833333334 63.398791207582974
6.647187500000001 61.66873888314572
6.6578541666666675 63.933550620558805
6.668520833333334 67.44946178522639
6.679187500000001 70.1553065317032
6.6898541666666675 71.64507196015563
6.700520833333334 71.9169719246133
6.711187500000001 71.7285144938907
6.721854166666668 71.40577046031393
6.732520833333334 70.92507830156256
6.743187500000001 70.04953399993471
6.753854166666668 67.58274773680478
6.764520833333334 64.2539962099243
6.775187500000001 62.35316298252584
6.785854166666668 61.00090003402353
6.796520833333334 60.38283565370342
6.807187500000001 65.15453853223887
6.817854166666668 70.6576249293249
6.828520833333334 73.81445581781446
6.839187500000001 74.34478222433457
6.849854166666668 73.06025523017485
6.860520833333334 71.17406530537227
6.871187500000001 69.6736743644871
6.881854166666668 68.8208284912746
6.892520833333334 67.83452677570958
6.9031875000000005 66.63449134118711
6.913854166666668 66.06250669036842
6.924520833333334 68.05194991096616
6.9351875000000005 71.41899937850613
6.945854166666668 73.14324036329191
6.956520833333334 72.99506568856178
6.9671875000000005 72.1790026780743
6.977854166666668 71.71509128975622
6.988520833333334 71.68420333432287
6.999187500000001 71.6799985563853
7.009854166666668 71.73733630186129
7.020520833333334 72.24192321926809
7.031187500000001 72.64834516128249
7.041854166666668 72.89292264508732
7.052520833333334 73.20559601693157
7.063187500000001 73.09540458109251
7.073854166666668 72.72468060161738
7.084520833333334 72.37357024319618
7.095187500000001 72.06144867727916
7.105854166666668 71.56663318470716
7.116520833333334 71.42370277974335
7.127187500000001 71.83088380234385
7.137854166666668 72.55741633424336
7.148520833333334 73.18498901740817
7.159187500000001 73.37164439376969
7.169854166666668 73.3370067521457
7.180520833333334 73.29620675409559
7.191187500000001 73.40603136345534
7.201854166666668 73.50305090137519
7.212520833333334 72.17263623966103
7.223187500000001 68.76501166632751
7.233854166666668 63.8274573763072
7.244520833333334 60.311716595837254
7.255187500000001 60.20186765734347
7.265854166666667 62.86784045319977
7.276520833333334 66.23130552477069
7.287187500000001 69.41813053122296
7.297854166666667 74.3328621979054
7.3085208333333345 79.68644135486298
7.319187500000001 83.36453899212655
7.329854166666667 85.43049955693809
7.3405208333333345 86.48641343339116
7.351187500000001 86.69170917240449
7.361854166666667 85.76962986423858
7.3725208333333345 83.24335771120698
7.383187500000001 78.7687731186719
7.393854166666667 75.25248792646576
7.4045208333333346 77.62308450875281
7.415187500000001 80.36074514254705
7.425854166666667 82.38637865389921
7.436520833333335 83.37725012785737
7.447187500000001 83.34511781138684
7.457854166666667 82.5011698722476
7.468520833333335 80.62843679216616
7.479187500000001 78.12197913065884
7.489854166666667 75.23064141187801
7.500520833333335 73.25381972357417
7.511187500000001 73.545155352947
7.521854166666667 72.88553005353897
7.532520833333335 72.20453756443698
7.543187500000001 72.22666603412105
7.553854166666667 72.21763672111761
7.564520833333335 71.85156640286151
7.575187500000001 70.32803304569889
7.5858541666666675 68.7940002323185
7.596520833333335 69.33483881444087
7.607187500000001 69.87825001205822
7.6178541666666675 68.27698564232188
7.628520833333335 66.98599433790167
7.639187500000001 68.43412095168729
7.6498541666666675 70.04321107772967
7.660520833333334 72.44663593974803
7.671187500000001 75.07401757553413
7.6818541666666675 76.27625636690395
7.692520833333334 75.95628937482458
7.703187500000001 74.85743381282175
7.713854166666668 73.93115813092491
7.724520833333334 72.07774848901568
7.735187500000001 68.53961169480657
7.745854166666668 65.77935024802208
7.756520833333334 66.38913740885808
7.767187500000001 66.64447933398361
7.777854166666668 66.33505622785309
7.788520833333334 65.63014416115153
7.799187500000001 64.32232072608109
7.809854166666668 62.08045895716679
7.820520833333334 60.75042209491929
7.831187500000001 61.6447755461473
7.841854166666668 62.671362187133695
7.852520833333334 63.51701886463701
7.863187500000001 64.65407506910034
7.873854166666668 66.62634291859288
7.884520833333334 68.2283805739973
7.895187500000001 68.83248930426033
7.905854166666668 68.84702525399986
7.916520833333334 67.79581716854703
7.927187500000001 66.22157349386607
7.937854166666668 64.24746117607994
7.948520833333334 61.9004698680268
7.959187500000001 61.67834219066936
7.969854166666668 61.43822780702973
7.980520833333334 62.34000917792217
7.991187500000001 62.549178560809366
8.001854166666668 61.16193778969623
8.012520833333333 60.49691415642152
8.0231875 60.34855044061612
8.033854166666668 59.69752539147771
8.044520833333335 58.60770917423386
8.0551875 58.60055421494738
8.065854166666668 57.93833899577092
8.076520833333335 58.155229349844355
8.0871875 60.95219300526824
8.097854166666668 62.207237777821796
8.108520833333335 61.662741659489846
8.1191875 61.8763580940255
8.129854166666668 63.0438058941033
8.140520833333335 62.62227028210439
8.1511875 63.0608577069119
8.161854166666668 64.89003721340245
8.172520833333335 64.43602235536949
8.1831875 64.39186104198876
8.193854166666668 65.7507209094462
8.204520833333335 66.75919152743379
8.2151875 65.8628081839124
8.225854166666668 65.2730291896802
8.236520833333334 65.6680013837857
8.2471875 63.96030901531298
8.257854166666668 62.02867622384584
8.268520833333334 61.309971399630776
8.2791875 62.55303032388083
8.289854166666668 61.05384058014954
8.300520833333334 61.804399325679924
8.3111875 62.722660330452975
8.321854166666668 63.470893901600505
8.332520833333334 63.24700936455046
8.3431875 62.44692419353928
8.353854166666668 62.39344761650412
8.364520833333334 62.069193809218355
8.375187500000001 60.85465826802115
8.385854166666668 61.83340967814714
8.396520833333334 63.16688063091203
8.407187500000001 62.64135574451497
8.417854166666668 61.73025596583302
8.428520833333334 61.35905128591019
8.439187500000001 61.25548284584208
8.449854166666668 60.74589621877564
8.460520833333334 60.717603484726254
8.471187500000001 59.8406453699812
8.481854166666668 57.30069864806133
8.492520833333334 58.531405013806655
8.503187500000001 65.20179858104063
8.513854166666668 70.10783287773823
8.524520833333334 72.59410385567149
8.535187500000001 73.4417929762287
8.545854166666668 73.90083357861576
8.556520833333334 75.04001067701455
8.567187500000001 76.57751630381567
8.577854166666668 77.80132098596015
8.588520833333334 78.60399499611302
8.599187500000001 79.06617323582788
8.609854166666668 78.91431588600331
8.620520833333334 78.11475232213735
8.631187500000001 77.18382706796935
8.641854166666668 76.62555050230162
8.652520833333334 76.29056927452793
8.663187500000001 76.05610234529428
8.673854166666668 75.93000309665675
8.684520833333334 75.7241151227265
8.695187500000001 75.51065277789932
8.705854166666668 75.30933601354299
8.716520833333334 75.07213182638802
8.727187500000001 75.0094450037701
8.737854166666668 75.22911039060148
8.748520833333334 75.34644040236836
8.759187500000001 75.38006314409375
8.769854166666669 75.43551199767775
8.780520833333334 75.52862963810134
8.791187500000001 75.55341142874751
8.801854166666669 75.54296225823437
8.812520833333334 75.43972197743896
8.823187500000001 75.16714430994132
8.833854166666669 74.77758008388021
8.844520833333334 74.42456494690495
8.855187500000001 74.20881783471786
8.865854166666669 73.89894319379138
8.876520833333334 73.47376084983853
8.887187500000001 73.0386495970655
8.897854166666669 72.8091179388515
8.908520833333334 72.8784741947732
8.919187500000001 72.85972163173855
8.929854166666669 72.67191154054672
8.940520833333334 72.41079820435762
8.951187500000001 72.18421650091523
8.961854166666669 71.65384260321274
8.972520833333334 70.98548520162835
8.983187500000001 70.60836577797615
8.993854166666669 70.18447573778417
9.004520833333334 69.73024219513032
9.015187500000001 69.20134086476817
9.025854166666667 68.90924285552111
9.036520833333334 68.3747006436665
9.047187500000001 67.5203179197547
9.057854166666667 67.59069869762926
9.068520833333334 68.06113066899992
9.079187500000002 68.15547764344902
9.089854166666667 68.63047749062412
9.100520833333334 69.45004304989511
9.111187500000002 68.7264532910328
9.121854166666667 66.37498552216017
9.132520833333334 64.78172918890205
9.143187500000002 63.60270822044608
9.153854166666667 61.41452591293452
9.164520833333334 58.42109709902677
9.175187500000002 55.93216577292699
9.185854166666667 58.455440475850736
9.196520833333334 59.268248045298805
9.207187500000002 58.33153883099682
9.217854166666667 60.684103441580355
9.228520833333334 62.46769012273884
9.239187500000002 61.77395332809064
9.249854166666667 61.79154899376768
9.260520833333334 64.06059230120404
9.271187500000002 63.60199538804839
9.281854166666667 61.40064883217462
9.292520833333334 62.37204794950796
9.303187500000002 62.589065418598096
9.313854166666667 59.88229778223247
9.324520833333334 53.83712718228041
9.335187500000002 51.550301236136995
9.345854166666667 53.32810383017745
9.356520833333335 64.26924417878841
9.367187500000002 72.94815657283051
9.377854166666667 77.45567333477179
9.388520833333335 79.23623392017507
9.399187500000002 79.7178746484814
9.409854166666667 79.85340795069395
9.420520833333335 80.09052961094041
9.431187500000002 80.1725232799667
9.441854166666667 79.75198752965886
9.452520833333335 79.1329279589213
9.463187500000002 79.35350669810711
9.473854166666667 80.35732136053268
9.484520833333335 81.15875890958563
9.495187500000002 81.48740429933893
9.505854166666667 81.65944609299629
9.516520833333335 81.82962978578212
9.527187500000002 81.9390077597272
9.537854166666667 81.79542867657554
9.548520833333335 81.26702510650718
9.559187500000002 80.30534206896621
9.569854166666667 79.18373759756744
9.580520833333335 78.02601440204599
9.591187500000002 76.1524011265517
9.601854166666667 73.10181829054459
9.612520833333335 69.41790998269883
9.623187500000002 66.86992731523641
9.633854166666667 66.23272559532937
9.644520833333335 65.76691327708252
9.655187500000002 65.50859631135896
9.665854166666668 65.51094619346323
9.676520833333335 64.95217295260838
9.687187500000002 64.9804308676262
9.697854166666668 68.33178710609076
9.708520833333335 74.21178808040219
9.719187500000002 79.20411466616757
9.729854166666668 82.47099363022933
9.740520833333335 84.24555546595194
9.751187500000002 84.96264572562185
9.761854166666668 84.99538800034769
9.772520833333335 84.3766008985606
9.783187500000002 83.24028133216012
9.793854166666668 82.11593279060773
9.804520833333335 80.42901670566252
9.8151875 77.41444472283747
9.825854166666668 75.94771848585782
9.836520833333335 76.6261419159297
9.8471875 75.929964514867
9.857854166666668 74.32299275091889
9.868520833333335 73.69819266648838
9.8791875 74.14048215632349
9.889854166666668 74.01436454154465
9.900520833333335 73.09624069308354
9.9111875 72.4303224397279
9.921854166666668 75.85467945853091
9.932520833333335 79.75849126102523
9.9431875 81.40838789729032
9.953854166666668 81.77090535959067
9.964520833333335 81.85370567447094
9.9751875 82.09392681924521
9.985854166666668 81.96009505854286
9.996520833333335 81.38628173304548
10.0071875 80.7700166605781
10.017854166666668 79.55722673781236
10.028520833333335 77.18079798671303
10.0391875 74.2424358783482
10.049854166666668 72.35748630836072
10.060520833333335 71.77542766017065
10.0711875 72.70901990240867
10.081854166666668 74.89859304289163
10.092520833333335 76.94892773492198
10.1031875 78.0150531919883
10.113854166666668 78.18015079360349
10.124520833333335 77.63248201694634
10.1351875 76.40553157168131
10.145854166666668 74.60639381164049
10.156520833333335 72.09286993225275
10.1671875 69.60220401536309
10.177854166666668 69.89580993699764
10.188520833333335 71.43382247128443
10.1991875 72.24273458974429
10.209854166666668 72.93180223050125
10.220520833333335 74.04494644473577
10.2311875 75.1694526706442
10.241854166666668 75.86180925021239
10.252520833333335 75.85957457383948
10.2631875 74.93321201397515
10.273854166666668 74.04648108284213
10.284520833333335 74.01192667992068
10.2951875 74.13352066034592
10.305854166666668 74.27119930197536
10.316520833333335 74.12118376695484
10.3271875 73.6470184554224
10.337854166666668 72.99120660664967
10.348520833333335 71.18190476643969
10.3591875 67.9604929037767
10.369854166666668 64.82896562673415
10.380520833333335 61.6314865576874
10.391187500000001 59.09733908778318
10.401854166666668 58.10076580771003
10.412520833333335 59.40791020103919
10.423187500000001 60.666472797874846
10.433854166666668 59.76990198041232
10.444520833333335 60.34878987093375
10.455187500000001 61.61301711909096
10.465854166666668 60.34440503170917
10.476520833333336 58.505105620859325
10.487187500000001 58.12245397242158
10.497854166666668 58.83330930821428
10.508520833333336 58.46817413198019
10.519187500000001 59.443392410922314
10.529854166666668 61.841980946817216
10.540520833333336 62.21333355625397
10.551187500000001 59.81672940531739
10.561854166666668 59.03587882893169
10.572520833333336 60.58890757093121
10.583187500000001 59.54603819167079
10.593854166666668 58.14430548589142
10.604520833333334 59.62612859453344
10.615187500000001 61.35890488778435
10.625854166666668 60.6934750441126
10.636520833333334 60.89717019759001
10.647187500000001 65.05859439862243
10.657854166666668 71.08568266158728
10.668520833333334 75.4986842201697
10.679187500000001 77.60728511552824
10.689854166666668 78.38840131778963
10.700520833333334 78.91075590887797
10.711187500000001 79.2604700425272
10.721854166666668 79.29286624857224
10.732520833333334 79.19033577287856
10.743187500000001 79.05337290170529
10.753854166666668 78.7937137962324
10.764520833333334 78.52363489706833
10.775187500000001 78.01220872283265
10.785854166666669 76.35081888627921
10.796520833333334 72.63627392888614
10.807187500000001 66.6270564664574
10.817854166666669 60.860648615017325
10.828520833333334 59.466479177273584
10.839187500000001 60.979081915244045
10.849854166666669 63.06632829387928
10.860520833333334 68.19461745755464
10.871187500000001 73.26884054697713
10.881854166666669 75.8321275287497
10.892520833333334 76.73229913220482
10.903187500000001 77.00597324693251
10.913854166666669 77.37049561309783
10.924520833333334 77.68203596491793
10.935187500000001 77.50879050921247
10.945854166666669 76.76278101645981
10.956520833333334 75.5388601991128
10.967187500000001 73.82216883760148
10.977854166666669 71.57392508900938
10.988520833333334 70.02196642890199
10.999187500000001 69.27447226073055
11.009854166666669 67.83583955177357
11.020520833333334 66.64290164947411
11.031187500000001 69.66989328016194
11.041854166666669 72.93775194668531
11.052520833333334 75.10569099799855
11.063187500000002 77.69606733410504
11.073854166666669 80.01098737359568
11.084520833333334 80.08724038072843
11.095187500000002 77.98173068413375
11.105854166666669 75.25410607247343
11.116520833333334 71.29321234042197
11.127187500000002 65.71255752149575
11.137854166666669 62.931897315545484
11.148520833333334 62.963796410476235
11.159187500000002 62.23093386917164
11.169854166666669 61.464038442807265
11.180520833333334 61.314572578667914
11.191187500000002 61.52256605020312
11.201854166666669 66.33868761429075
11.212520833333334 71.35499078861942
11.223187500000002 73.72566763090138
11.233854166666669 74.27697100435674
11.244520833333334 73.62327491837782
11.255187500000002 71.54909304973452
11.265854166666669 68.74990932526299
11.276520833333334 67.58782470168784
11.287187500000002 67.3051528580292
11.297854166666669 67.82777649464359
11.308520833333334 69.04037355128155
11.319187500000002 69.22626013926441
11.329854166666669 68.26388848721844
11.340520833333334 68.7822906599756
11.351187500000002 69.5749486188457
11.361854166666667 69.79352816269244
11.372520833333335 69.70423875470682
11.383187500000002 69.5341738180238
11.393854166666667 70.07960132879417
11.404520833333335 71.22020392122087
11.415187500000002 72.69121637243761
11.425854166666667 74.72114471655051
11.436520833333335 76.97423393263432
11.447187500000002 78.97448602301785
11.457854166666667 80.26806004237004
11.468520833333335 80.31580011364723
11.479187500000002 79.47917598865268
11.489854166666667 79.15462201676439
11.500520833333335 78.83766418392959
11.511187500000002 77.18518990752005
11.521854166666667 74.15007849497061
11.532520833333335 70.0392491158853
11.543187500000002 67.27355872334913
11.553854166666667 65.89891081939939
