Time_s   F0_Hz
0.022625   --undefined--
0.032625   --undefined--
0.042625   --undefined--
0.052625   --undefined--
0.062625   --undefined--
0.072625   --undefined--
0.082625   --undefined--
0.092625   --undefined--
0.102625   --undefined--
0.112625   --undefined--
0.122625   --undefined--
0.132625   --undefined--
0.142625   --undefined--
0.152625   --undefined--
0.162625   --undefined--
0.172625   --undefined--
0.182625   --undefined--
0.192625   --undefined--
0.202625   --undefined--
0.212625   --undefined--
0.222625   --undefined--
0.232625   --undefined--
0.242625   259.995537
0.252625   260.408711
0.262625   262.041559
0.272625   263.165574
0.282625   262.932336
0.292625   263.145265
0.302625   263.517997
0.312625   263.227019
0.322625   261.666826
0.332625   263.007843
0.342625   267.888925
0.352625   277.208159
0.362625   289.717855
0.372625   289.888736
0.382625   281.099480
0.392625   276.047544
0.402625   282.759428
0.412625   300.140229
0.422625   307.121714
0.432625   306.887805
0.442625   305.439571
0.452625   304.462132
0.462625   303.569920
0.472625   302.850261
0.482625   302.561469
0.492625   301.983929
0.502625   301.340886
0.512625   300.652084
0.522625   300.542755
0.532625   299.816786
0.542625   298.748750
0.552625   296.354741
0.562625   294.021585
0.572625   293.992676
0.582625   294.755420
0.592625   295.291364
0.602625   295.791458
0.612625   296.283029
0.622625   295.898980
0.632625   295.273396
0.642625   295.206017
0.652625   295.295399
0.662625   295.360622
0.672625   295.232247
0.682625   296.153170
0.692625   295.494839
0.702625   295.284453
0.712625   296.045508
0.722625   296.473042
0.732625   296.546490
0.742625   295.219460
0.752625   296.345943
0.762625   299.149867
0.772625   297.533508
0.782625   296.822238
0.792625   296.477616
0.802625   296.224266
0.812625   295.752061
0.822625   294.288757
0.832625   382.980272
0.842625   384.210271
0.852625   377.482127
0.862625   295.207048
0.872625   296.658114
0.882625   295.231833
0.892625   295.004538
0.902625   291.424025
0.912625   287.076862
0.922625   280.635238
0.932625   275.654262
0.942625   274.440868
0.952625   274.119702
0.962625   276.201879
0.972625   272.162761
0.982625   276.390857
0.992625   254.041868
1.002625   251.995033
1.012625   250.911814
1.022625   249.755224
1.032625   248.025357
1.042625   246.357210
1.052625   256.422738
1.062625   244.049303
1.072625   244.093911
1.082625   243.557672
1.092625   240.858832
1.102625   --undefined--
1.112625   --undefined--
1.122625   --undefined--
1.132625   254.739657
1.142625   253.964859
1.152625   254.165143
1.162625   247.852687
1.172625   242.447956
1.182625   239.123341
1.192625   228.704274
1.202625   223.824389
1.212625   --undefined--
1.222625   --undefined--
1.232625   --undefined--
1.242625   --undefined--
1.252625   --undefined--
1.262625   --undefined--
1.272625   --undefined--
1.282625   --undefined--
1.292625   --undefined--
1.302625   --undefined--
1.312625   --undefined--
1.322625   --undefined--
1.332625   --undefined--
1.342625   --undefined--
1.352625   --undefined--
1.362625   --undefined--
1.372625   201.483415
1.382625   199.754201
1.392625   196.218588
1.402625   192.266270
1.412625   189.939176
1.422625   185.635540
1.432625   182.572783
1.442625   180.202095
1.452625   178.690621
1.462625   177.419540
1.472625   176.191777
1.482625   175.001595
1.492625   172.266138
1.502625   171.419852
1.512625   170.002322
1.522625   168.582038
1.532625   167.159839
1.542625   176.146005
1.552625   179.554056
1.562625   177.355248
1.572625   176.400486
1.582625   --undefined--
1.592625   --undefined--
1.602625   --undefined--
1.612625   --undefined--
1.622625   --undefined--
1.632625   --undefined--
1.642625   --undefined--
1.652625   --undefined--
1.662625   --undefined--
1.672625   --undefined--
1.682625   232.865289
1.692625   231.278785
1.702625   232.723324
1.712625   237.560202
1.722625   238.975149
1.732625   236.551785
1.742625   232.280818
1.752625   234.757540
1.762625   237.373128
1.772625   235.803182
1.782625   232.812824
1.792625   232.888780
1.802625   235.389460
1.812625   235.148460
1.822625   239.011535
1.832625   243.523042
1.842625   241.649449
1.852625   239.915260
1.862625   240.206792
1.872625   241.473170
1.882625   --undefined--
1.892625   --undefined--
1.902625   --undefined--
1.912625   --undefined--
1.922625   --undefined--
1.932625   --undefined--
1.942625   --undefined--
1.952625   --undefined--
1.962625   --undefined--
1.972625   --undefined--
1.982625   --undefined--
1.992625   229.165796
2.002625   227.507930
2.012625   225.335681
2.022625   223.652436
2.032625   222.688982
2.042625   222.185785
2.052625   221.549344
2.062625   220.330849
2.072625   219.342408
2.082625   219.031871
2.092625   219.015170
2.102625   218.819892
2.112625   218.964020
2.122625   218.177571
2.132625   214.302517
2.142625   213.199608
2.152625   210.430905
2.162625   211.463598
2.172625   213.636181
2.182625   214.943823
2.192625   215.097229
2.202625   214.274201
2.212625   213.424553
2.222625   211.575444
2.232625   208.682846
2.242625   207.772429
2.252625   211.850971
2.262625   210.377135
2.272625   210.481798
2.282625   210.840983
2.292625   212.329951
2.302625   212.407117
2.312625   204.970274
2.322625   204.291341
2.332625   203.871876
2.342625   201.384716
2.352625   198.779622
2.362625   198.461011
2.372625   198.284964
2.382625   197.061949
2.392625   195.334554
2.402625   193.761557
2.412625   192.747971
2.422625   191.580207
2.432625   190.422763
2.442625   189.784665
2.452625   189.413058
2.462625   189.086669
2.472625   187.866869
2.482625   188.328839
2.492625   188.660009
2.502625   188.655551
2.512625   188.870839
2.522625   189.340982
2.532625   189.863780
2.542625   189.405642
2.552625   189.824149
2.562625   190.263616
2.572625   190.356661
2.582625   190.433331
2.592625   --undefined--
2.602625   210.974377
2.612625   206.996137
2.622625   204.227029
2.632625   201.173629
2.642625   196.853001
2.652625   192.744335
2.662625   190.032466
2.672625   188.460692
2.682625   187.681316
2.692625   187.561269
2.702625   187.467329
2.712625   187.141633
2.722625   186.981617
2.732625   187.127906
2.742625   187.506417
2.752625   187.787455
2.762625   187.977314
2.772625   187.939408
2.782625   187.841565
2.792625   188.053205
2.802625   188.155445
2.812625   187.898380
2.822625   187.855533
2.832625   187.812402
2.842625   187.621509
2.852625   186.773270
2.862625   --undefined--
2.872625   --undefined--
2.882625   --undefined--
2.892625   --undefined--
2.902625   --undefined--
2.912625   --undefined--
2.922625   --undefined--
2.932625   --undefined--
2.942625   --undefined--
2.952625   --undefined--
2.962625   --undefined--
2.972625   --undefined--
2.982625   --undefined--
2.992625   --undefined--
3.002625   --undefined--
3.012625   --undefined--
3.022625   --undefined--
3.032625   --undefined--
3.042625   --undefined--
3.052625   --undefined--
3.062625   --undefined--
3.072625   --undefined--
3.082625   --undefined--
3.092625   220.592040
3.102625   222.049178
3.112625   221.281460
3.122625   219.747726
3.132625   219.465688
3.142625   219.717304
3.152625   219.760545
3.162625   219.494837
3.172625   218.877588
3.182625   219.001578
3.192625   219.534775
3.202625   218.575472
3.212625   216.730703
3.222625   215.407868
3.232625   214.064548
3.242625   213.762891
3.252625   214.159562
3.262625   214.388276
3.272625   214.580580
3.282625   215.262753
3.292625   216.163502
3.302625   215.162737
3.312625   215.851618
3.322625   215.042507
3.332625   214.058884
3.342625   214.183018
3.352625   214.479454
3.362625   214.832111
3.372625   215.210873
3.382625   215.714613
3.392625   215.152955
3.402625   214.468322
3.412625   214.597097
3.422625   218.185262
3.432625   214.638573
3.442625   209.713671
3.452625   206.305469
3.462625   204.307734
3.472625   202.294770
3.482625   199.944428
3.492625   198.359478
3.502625   199.383043
3.512625   198.896811
3.522625   198.635179
3.532625   199.430021
3.542625   200.826288
3.552625   201.296881
3.562625   200.233221
3.572625   201.813379
3.582625   201.394060
3.592625   203.197905
3.602625   206.377848
3.612625   204.546891
3.622625   201.619265
3.632625   199.144710
3.642625   196.416252
3.652625   193.016149
3.662625   188.432813
3.672625   184.870683
3.682625   182.637045
3.692625   180.478663
3.702625   180.301608
3.712625   180.174957
3.722625   179.820273
3.732625   179.955803
3.742625   181.194361
3.752625   179.635627
3.762625   177.744199
3.772625   177.369930
3.782625   176.938989
3.792625   177.900220
3.802625   177.728647
3.812625   177.806549
3.822625   179.299417
3.832625   179.682475
3.842625   178.979246
3.852625   177.950076
3.862625   --undefined--
3.872625   --undefined--
3.882625   --undefined--
3.892625   --undefined--
3.902625   --undefined--
3.912625   --undefined--
3.922625   --undefined--
3.932625   --undefined--
3.942625   364.604458
3.952625   364.652842
3.962625   --undefined--
3.972625   --undefined--
3.982625   --undefined--
3.992625   --undefined--
4.002625   --undefined--
4.012625   --undefined--
4.022625   --undefined--
4.032625   --undefined--
4.042625   --undefined--
4.052625   --undefined--
4.062625   --undefined--
4.072625   --undefined--
4.082625   --undefined--
4.092625   --undefined--
4.102625   --undefined--
4.112625   --undefined--
4.122625   --undefined--
4.132625   --undefined--
4.142625   --undefined--
4.152625   --undefined--
4.162625   --undefined--
4.172625   --undefined--
4.182625   --undefined--
4.192625   --undefined--
4.202625   --undefined--
4.212625   --undefined--
4.222625   --undefined--
4.232625   --undefined--
4.242625   --undefined--
4.252625   --undefined--
4.262625   --undefined--
4.272625   --undefined--
4.282625   --undefined--
4.292625   --undefined--
4.302625   --undefined--
4.312625   --undefined--
4.322625   --undefined--
4.332625   --undefined--
4.342625   --undefined--
4.352625   --undefined--
4.362625   --undefined--
4.372625   --undefined--
4.382625   --undefined--
4.392625   --undefined--
4.402625   --undefined--
4.412625   --undefined--
4.422625   --undefined--
4.432625   --undefined--
4.442625   --undefined--
4.452625   269.444426
4.462625   265.009757
4.472625   266.308022
4.482625   264.997233
4.492625   262.893439
4.502625   261.453902
4.512625   261.461045
4.522625   263.310903
4.532625   263.224412
4.542625   261.371153
4.552625   262.496279
4.562625   261.673004
4.572625   263.047266
4.582625   264.583910
4.592625   254.087567
4.602625   252.900563
4.612625   250.740650
4.622625   248.172745
4.632625   244.646641
4.642625   242.374942
4.652625   241.537804
4.662625   243.503651
4.672625   245.084043
4.682625   242.198582
4.692625   241.100129
4.702625   242.718489
4.712625   242.967716
4.722625   244.551503
4.732625   --undefined--
4.742625   --undefined--
4.752625   --undefined--
4.762625   --undefined--
4.772625   --undefined--
4.782625   --undefined--
4.792625   --undefined--
4.802625   240.943899
4.812625   264.954261
4.822625   267.587942
4.832625   267.743894
4.842625   267.121010
4.852625   263.666328
4.862625   259.491982
4.872625   258.762469
4.882625   254.201149
4.892625   250.139184
4.902625   251.086250
4.912625   242.986269
4.922625   243.066552
4.932625   246.307174
4.942625   246.295075
4.952625   246.516903
4.962625   236.181260
4.972625   239.515215
4.982625   240.424659
4.992625   238.391805
5.002625   233.957067
5.012625   233.772807
5.022625   236.562863
5.032625   232.614978
5.042625   236.406730
5.052625   234.725696
5.062625   231.666025
5.072625   217.045759
5.082625   220.234666
5.092625   224.738677
5.102625   225.750305
5.112625   225.797102
5.122625   215.976820
5.132625   214.007659
5.142625   214.853558
5.152625   215.812018
5.162625   214.849177
5.172625   213.508373
5.182625   210.039936
5.192625   207.454239
5.202625   209.975033
5.212625   212.926461
5.222625   213.016580
5.232625   --undefined--
5.242625   --undefined--
5.252625   449.958639
5.262625   449.420216
5.272625   --undefined--
5.282625   --undefined--
5.292625   --undefined--
5.302625   --undefined--
5.312625   212.081172
5.322625   209.906721
5.332625   207.753911
5.342625   205.592354
5.352625   204.268256
5.362625   201.431731
5.372625   196.902433
5.382625   195.648792
5.392625   192.270161
5.402625   191.560291
5.412625   191.481870
5.422625   188.452243
5.432625   186.970042
5.442625   185.411920
5.452625   185.396335
5.462625   185.022232
5.472625   184.617335
5.482625   182.013017
5.492625   180.583541
5.502625   190.079514
5.512625   174.916330
5.522625   174.901606
5.532625   175.355541
5.542625   176.375149
5.552625   177.425438
5.562625   177.128295
5.572625   176.898141
5.582625   177.494674
5.592625   177.557682
5.602625   177.124416
5.612625   176.847419
5.622625   175.969629
5.632625   --undefined--
5.642625   --undefined--
5.652625   --undefined--
5.662625   --undefined--
5.672625   --undefined--
5.682625   --undefined--
5.692625   --undefined--
5.702625   --undefined--
5.712625   --undefined--
5.722625   --undefined--
5.732625   --undefined--
5.742625   --undefined--
5.752625   232.778441
5.762625   233.059657
5.772625   231.879509
5.782625   230.241446
5.792625   229.801009
5.802625   228.879124
5.812625   226.226503
5.822625   226.419415
5.832625   225.796239
5.842625   223.818575
5.852625   --undefined--
5.862625   265.480855
5.872625   274.731173
5.882625   279.856741
5.892625   286.452653
5.902625   291.124813
5.912625   292.219886
5.922625   292.961069
5.932625   293.327339
5.942625   292.814564
5.952625   291.437945
5.962625   293.105158
5.972625   293.607807
5.982625   293.212005
5.992625   292.788266
6.002625   293.832433
6.012625   294.149416
6.022625   293.514011
6.032625   295.323365
6.042625   300.306240
6.052625   297.339186
6.062625   290.901708
6.072625   292.444413
6.082625   294.552138
6.092625   294.914579
6.102625   293.694777
6.112625   291.630638
6.122625   273.680138
6.132625   270.346774
6.142625   267.207352
6.152625   265.095529
6.162625   261.791616
6.172625   258.047038
6.182625   255.087351
6.192625   247.409122
6.202625   243.867049
6.212625   --undefined--
6.222625   --undefined--
6.232625   --undefined--
6.242625   235.678281
6.252625   233.286820
6.262625   226.539603
6.272625   226.588914
6.282625   228.442679
6.292625   235.104299
6.302625   238.608088
6.312625   219.117166
6.322625   219.232574
6.332625   216.233148
6.342625   213.110085
6.352625   211.264716
6.362625   209.004394
6.372625   204.569839
6.382625   201.907649
6.392625   200.230136
6.402625   199.621103
6.412625   199.050974
6.422625   198.505391
6.432625   199.475161
6.442625   199.847713
6.452625   200.673694
6.462625   201.801062
6.472625   --undefined--
6.482625   --undefined--
6.492625   --undefined--
6.502625   --undefined--
6.512625   --undefined--
6.522625   --undefined--
6.532625   --undefined--
6.542625   --undefined--
6.552625   198.448639
6.562625   197.998464
6.572625   203.071091
6.582625   197.251257
6.592625   197.799965
6.602625   197.996989
6.612625   199.489774
6.622625   191.605230
6.632625   187.057018
6.642625   188.158982
6.652625   187.020401
6.662625   195.370150
6.672625   189.587022
6.682625   --undefined--
6.692625   --undefined--
6.702625   199.740758
6.712625   200.666948
6.722625   197.153921
6.732625   193.828933
6.742625   191.361046
6.752625   188.942045
6.762625   187.598042
6.772625   187.081152
6.782625   186.900308
6.792625   187.176532
6.802625   187.539512
6.812625   187.688329
6.822625   188.121531
6.832625   187.463857
6.842625   185.692324
6.852625   185.044023
6.862625   185.853901
6.872625   186.490927
6.882625   187.607674
6.892625   187.925718
6.902625   219.023259
6.912625   229.898158
6.922625   238.752006
6.932625   242.213934
6.942625   246.732661
6.952625   249.553197
6.962625   250.677926
6.972625   251.186586
6.982625   251.682491
6.992625   252.564111
7.002625   253.838753
7.012625   254.993861
7.022625   256.417794
7.032625   258.382757
7.042625   256.817089
7.052625   254.076328
7.062625   249.680176
7.072625   248.178133
7.082625   261.781405
7.092625   259.661078
7.102625   256.684734
7.112625   233.611339
7.122625   224.079155
7.132625   251.148612
7.142625   250.704256
7.152625   247.187748
7.162625   254.137742
7.172625   255.226598
7.182625   251.184021
7.192625   251.070219
7.202625   249.360996
7.212625   230.658895
7.222625   229.466888
7.232625   220.334091
7.242625   220.053748
7.252625   203.423026
7.262625   202.325865
7.272625   202.340958
7.282625   195.171274
7.292625   192.950967
7.302625   192.818325
7.312625   193.426704
7.322625   194.326602
7.332625   194.312018
7.342625   194.448049
7.352625   194.294178
7.362625   193.138918
7.372625   193.715541
7.382625   194.605139
7.392625   194.393355
7.402625   193.366795
7.412625   189.268647
7.422625   195.131432
7.432625   194.458170
7.442625   195.441319
7.452625   195.209761
7.462625   --undefined--
7.472625   --undefined--
7.482625   204.258911
7.492625   202.754824
7.502625   200.313058
7.512625   194.399136
7.522625   191.008395
7.532625   187.690976
7.542625   185.471765
7.552625   181.835050
7.562625   179.110940
7.572625   176.932288
7.582625   174.510938
7.592625   172.988680
7.602625   170.848106
7.612625   168.550060
7.622625   167.330441
7.632625   --undefined--
7.642625   --undefined--
7.652625   --undefined--
7.662625   --undefined--
7.672625   --undefined--
7.682625   --undefined--
7.692625   --undefined--
7.702625   --undefined--
7.712625   --undefined--
7.722625   --undefined--
7.732625   --undefined--
7.742625   --undefined--
7.752625   --undefined--
7.762625   --undefined--
7.772625   --undefined--
7.782625   --undefined--
7.792625   --undefined--
7.802625   --undefined--
7.812625   --undefined--
7.822625   --undefined--
7.832625   --undefined--
7.842625   --undefined--
7.852625   --undefined--
7.862625   --undefined--
7.872625   --undefined--
7.882625   --undefined--
7.892625   --undefined--
7.902625   --undefined--
7.912625   --undefined--
7.922625   --undefined--
7.932625   --undefined--
7.942625   --undefined--
7.952625   --undefined--
7.962625   --undefined--
7.972625   --undefined--
7.982625   --undefined--
7.992625   --undefined--
8.002625   --undefined--
8.012625   --undefined--
8.022625   --undefined--
8.032625   --undefined--
8.042625   --undefined--
8.052625   --undefined--
8.062625   --undefined--
8.072625   --undefined--
8.082625   --undefined--
8.092625   --undefined--
8.102625   --undefined--
8.112625   --undefined--
8.122625   --undefined--
8.132625   --undefined--
8.142625   --undefined--
8.152625   --undefined--
8.162625   --undefined--
8.172625   --undefined--
8.182625   --undefined--
8.192625   --undefined--
8.202625   --undefined--
8.212625   --undefined--
8.222625   250.422428
8.232625   249.867408
8.242625   246.029716
8.252625   242.961852
8.262625   242.590865
8.272625   243.499458
8.282625   245.750012
8.292625   247.562734
8.302625   248.669097
8.312625   248.902542
8.322625   248.295306
8.332625   246.760474
8.342625   246.495523
8.352625   246.154929
8.362625   246.580188
8.372625   247.368533
8.382625   247.638542
8.392625   246.731053
8.402625   247.284510
8.412625   284.208055
8.422625   284.137767
8.432625   281.863740
8.442625   279.629470
8.452625   278.045860
8.462625   275.959962
8.472625   273.561573
8.482625   271.137246
8.492625   270.490067
8.502625   270.907084
8.512625   271.487530
8.522625   271.683810
8.532625   272.033595
8.542625   271.884415
8.552625   270.686850
8.562625   269.798873
8.572625   270.313830
8.582625   269.037480
8.592625   267.614026
8.602625   267.355507
8.612625   266.894011
8.622625   264.228773
8.632625   262.302241
8.642625   261.396130
8.652625   261.469215
8.662625   260.164526
8.672625   258.480885
8.682625   255.242989
8.692625   252.607676
8.702625   249.857846
8.712625   245.932233
8.722625   242.526491
8.732625   255.436550
8.742625   254.754683
8.752625   252.379335
8.762625   235.037272
8.772625   234.348132
8.782625   230.185706
8.792625   228.918924
8.802625   245.781616
8.812625   251.671733
8.822625   253.969166
8.832625   250.963139
8.842625   --undefined--
8.852625   --undefined--
8.862625   --undefined--
8.872625   --undefined--
8.882625   --undefined--
8.892625   --undefined--
8.902625   218.247247
8.912625   213.508897
8.922625   210.302099
8.932625   208.313713
8.942625   209.678406
8.952625   209.589703
8.962625   208.339405
8.972625   209.067430
8.982625   209.152025
8.992625   210.099121
9.002625   211.880320
9.012625   --undefined--
9.022625   --undefined--
9.032625   --undefined--
9.042625   --undefined--
9.052625   --undefined--
9.062625   --undefined--
9.072625   --undefined--
9.082625   --undefined--
9.092625   --undefined--
9.102625   --undefined--
9.112625   --undefined--
9.122625   --undefined--
9.132625   --undefined--
9.142625   --undefined--
9.152625   250.494542
9.162625   249.407339
9.172625   245.561668
9.182625   240.473214
9.192625   236.938182
9.202625   233.516893
9.212625   231.849254
9.222625   230.336092
9.232625   228.732891
9.242625   227.277855
9.252625   226.993796
9.262625   228.476700
9.272625   229.162028
9.282625   228.720670
9.292625   229.723279
9.302625   229.368884
9.312625   226.194519
9.322625   207.200399
9.332625   208.930246
9.342625   --undefined--
9.352625   --undefined--
9.362625   --undefined--
9.372625   --undefined--
9.382625   --undefined--
9.392625   --undefined--
9.402625   --undefined--
9.412625   --undefined--
9.422625   202.337766
9.432625   209.256055
9.442625   209.197503
9.452625   208.425225
9.462625   206.322196
9.472625   204.699849
9.482625   204.036354
9.492625   204.014738
9.502625   207.464819
9.512625   207.255130
9.522625   206.355824
9.532625   205.924575
9.542625   205.720537
9.552625   --undefined--
9.562625   --undefined--
9.572625   250.335738
9.582625   249.484655
9.592625   248.418714
9.602625   215.628386
9.612625   212.471499
9.622625   237.475315
9.632625   238.981151
9.642625   240.816463
9.652625   239.910321
9.662625   244.017498
9.672625   215.972982
9.682625   205.834393
9.692625   206.144344
9.702625   206.934004
9.712625   204.896267
9.722625   202.010115
9.732625   195.973521
9.742625   191.390719
9.752625   189.197334
9.762625   186.872846
9.772625   185.253830
9.782625   183.677705
9.792625   179.497002
9.802625   176.388989
9.812625   174.573602
9.822625   173.953777
9.832625   171.649176
9.842625   170.202840
9.852625   171.150461
9.862625   170.869036
9.872625   169.302261
9.882625   167.090631
9.892625   166.883695
9.902625   166.631597
9.912625   165.121603
9.922625   165.236396
9.932625   166.595480
9.942625   178.154465
9.952625   167.356315
9.962625   166.929303
9.972625   --undefined--
9.982625   --undefined--
9.992625   --undefined--
10.002625   --undefined--
10.012625   --undefined--
10.022625   --undefined--
10.032625   --undefined--
10.042625   --undefined--
10.052625   --undefined--
10.062625   --undefined--
10.072625   --undefined--
10.082625   --undefined--
10.092625   --undefined--
10.102625   --undefined--
10.112625   --undefined--
10.122625   --undefined--
10.132625   --undefined--
10.142625   --undefined--
10.152625   --undefined--
10.162625   --undefined--
10.172625   --undefined--
10.182625   --undefined--
10.192625   --undefined--
10.202625   --undefined--
10.212625   --undefined--
10.222625   --undefined--
10.232625   --undefined--
10.242625   --undefined--
10.252625   --undefined--
10.262625   --undefined--
10.272625   --undefined--
10.282625   --undefined--
10.292625   --undefined--
10.302625   --undefined--
10.312625   --undefined--
10.322625   --undefined--
10.332625   --undefined--
10.342625   188.420543
10.352625   187.646917
10.362625   187.076939
10.372625   187.038410
10.382625   187.077559
10.392625   --undefined--
10.402625   --undefined--
10.412625   --undefined--
10.422625   --undefined--
10.432625   --undefined--
10.442625   --undefined--
10.452625   --undefined--
10.462625   --undefined--
10.472625   --undefined--
10.482625   --undefined--
10.492625   --undefined--
10.502625   --undefined--
10.512625   --undefined--
10.522625   --undefined--
10.532625   --undefined--
10.542625   --undefined--
10.552625   --undefined--
10.562625   --undefined--
10.572625   --undefined--
10.582625   --undefined--
10.592625   --undefined--
10.602625   --undefined--
10.612625   --undefined--
10.622625   --undefined--
10.632625   --undefined--
10.642625   --undefined--
10.652625   --undefined--
10.662625   --undefined--
10.672625   --undefined--
10.682625   --undefined--
10.692625   --undefined--
10.702625   --undefined--
10.712625   --undefined--
10.722625   --undefined--
10.732625   --undefined--
10.742625   --undefined--
10.752625   --undefined--
10.762625   --undefined--
10.772625   --undefined--
10.782625   --undefined--
10.792625   --undefined--
10.802625   --undefined--
10.812625   --undefined--
10.822625   --undefined--
10.832625   --undefined--
10.842625   --undefined--
10.852625   --undefined--
10.862625   --undefined--
10.872625   --undefined--
10.882625   --undefined--
10.892625   --undefined--
10.902625   --undefined--
10.912625   --undefined--
10.922625   --undefined--
10.932625   --undefined--
10.942625   --undefined--
10.952625   --undefined--
10.962625   --undefined--
10.972625   --undefined--
10.982625   --undefined--
10.992625   --undefined--
11.002625   --undefined--
11.012625   --undefined--
11.022625   --undefined--
11.032625   --undefined--
11.042625   --undefined--
11.052625   --undefined--
11.062625   --undefined--
11.072625   --undefined--
11.082625   --undefined--
11.092625   --undefined--
11.102625   --undefined--
11.112625   --undefined--
11.122625   --undefined--
11.132625   --undefined--
11.142625   --undefined--
11.152625   --undefined--
11.162625   --undefined--
11.172625   --undefined--
11.182625   --undefined--
11.192625   --undefined--
11.202625   --undefined--
11.212625   --undefined--
11.222625   --undefined--
11.232625   --undefined--
11.242625   --undefined--
11.252625   --undefined--
11.262625   --undefined--
11.272625   --undefined--
11.282625   --undefined--
11.292625   --undefined--
11.302625   --undefined--
11.312625   --undefined--
11.322625   --undefined--
11.332625   --undefined--
11.342625   --undefined--
11.352625   --undefined--
11.362625   --undefined--
11.372625   196.139708
11.382625   193.021739
11.392625   190.784464
11.402625   189.177641
11.412625   187.904315
11.422625   187.344086
11.432625   186.706148
11.442625   184.968847
11.452625   183.689563
11.462625   182.880903
11.472625   182.065074
11.482625   182.153925
11.492625   181.734452
11.502625   180.625490
11.512625   180.412207
11.522625   179.501682
11.532625   179.262458
11.542625   178.594499
11.552625   178.373483
11.562625   176.921903
11.572625   175.929540
11.582625   175.459475
11.592625   175.899979
11.602625   175.238722
11.612625   174.687504
11.622625   174.959899
11.632625   174.568361
11.642625   174.426693
11.652625   174.299430
11.662625   172.526906
11.672625   170.648408
11.682625   171.017364
11.692625   172.391691
11.702625   --undefined--
11.712625   --undefined--
11.722625   --undefined--
11.732625   --undefined--
11.742625   --undefined--
11.752625   --undefined--
11.762625   --undefined--
11.772625   --undefined--
11.782625   --undefined--
11.792625   --undefined--
11.802625   --undefined--
11.812625   --undefined--
11.822625   --undefined--
11.832625   --undefined--
11.842625   --undefined--
11.852625   --undefined--
11.862625   --undefined--
11.872625   --undefined--
11.882625   --undefined--
11.892625   --undefined--
11.902625   --undefined--
11.912625   --undefined--
11.922625   --undefined--
11.932625   --undefined--
11.942625   --undefined--
11.952625   --undefined--
11.962625   --undefined--
11.972625   --undefined--
11.982625   --undefined--
11.992625   --undefined--
12.002625   --undefined--
12.012625   --undefined--
12.022625   --undefined--
12.032625   --undefined--
12.042625   --undefined--
12.052625   --undefined--
12.062625   --undefined--
12.072625   --undefined--
12.082625   --undefined--
12.092625   --undefined--
12.102625   --undefined--
12.112625   --undefined--
12.122625   --undefined--
12.132625   --undefined--
12.142625   --undefined--
12.152625   --undefined--
12.162625   --undefined--
12.172625   --undefined--
