Time_s   Intensity_dB
0.070094   60.986193
0.086094   62.878708
0.102094   67.908468
0.118094   71.887354
0.134094   73.462246
0.150094   73.946720
0.166094   74.224574
0.182094   74.148554
0.198094   74.048444
0.214094   73.900559
0.230094   73.352304
0.246094   72.636165
0.262094   72.194231
0.278094   71.774909
0.294094   70.967618
0.310094   69.768387
0.326094   68.639141
0.342094   68.053446
0.358094   67.165997
0.374094   65.669575
0.390094   63.816861
0.406094   62.019023
0.422094   60.797452
0.438094   60.253976
0.454094   60.800176
0.470094   61.573283
0.486094   62.268988
0.502094   62.165013
0.518094   61.065471
0.534094   58.876394
0.550094   54.904290
0.566094   51.909918
0.582094   52.280193
0.598094   55.072043
0.614094   56.666971
0.630094   55.882692
0.646094   56.022761
0.662094   56.769055
0.678094   56.186044
0.694094   54.782001
0.710094   55.495179
0.726094   57.325059
0.742094   58.491418
0.758094   58.377893
0.774094   57.089192
0.790094   56.357122
0.806094   56.004902
0.822094   55.403470
0.838094   55.101915
0.854094   56.080833
0.870094   56.624178
0.886094   57.199267
0.902094   56.008027
0.918094   52.114180
0.934094   52.549532
0.950094   56.130622
0.966094   56.747410
0.982094   55.455932
0.998094   55.213616
1.014094   56.340265
1.030094   56.422823
1.046094   55.534334
1.062094   54.116815
1.078094   55.393122
1.094094   60.090527
1.110094   62.946115
1.126094   63.679861
1.142094   63.702028
1.158094   62.787994
1.174094   62.060770
1.190094   62.371647
1.206094   61.830571
1.222094   61.330604
1.238094   61.181265
1.254094   61.298222
1.270094   60.732655
1.286094   60.564864
1.302094   61.609558
1.318094   63.537115
1.334094   64.978370
1.350094   66.584739
1.366094   70.262065
1.382094   75.127138
1.398094   80.043929
1.414094   82.769439
1.430094   83.013874
1.446094   81.821408
1.462094   79.872525
1.478094   77.270143
1.494094   74.525313
1.510094   71.827930
1.526094   68.168208
1.542094   64.366825
1.558094   64.299478
1.574094   67.359752
1.590094   69.280498
1.606094   69.716555
1.622094   69.293662
1.638094   69.037727
1.654094   69.099234
1.670094   69.108513
1.686094   70.041845
1.702094   72.301452
1.718094   74.458058
1.734094   75.357882
1.750094   74.964808
1.766094   73.156163
1.782094   69.642092
1.798094   65.731190
1.814094   63.064532
1.830094   61.170199
1.846094   60.984586
1.862094   62.088638
1.878094   63.024082
1.894094   62.752020
1.910094   64.783573
1.926094   69.323894
1.942094   73.250147
1.958094   75.379491
1.974094   75.375565
1.990094   73.221219
2.006094   69.777732
2.022094   65.896400
2.038094   65.086691
2.054094   66.143666
2.070094   65.642074
2.086094   64.445324
2.102094   62.303180
2.118094   59.850624
2.134094   57.589242
2.150094   56.822979
2.166094   57.927736
2.182094   59.166353
2.198094   60.062831
2.214094   63.370149
2.230094   67.184579
2.246094   68.374675
2.262094   67.137191
2.278094   67.116889
2.294094   68.881227
2.310094   68.977216
2.326094   66.894920
2.342094   63.298205
2.358094   59.195300
2.374094   56.288104
2.390094   55.869955
2.406094   55.014822
2.422094   54.120403
2.438094   55.178489
2.454094   54.202321
2.470094   53.650950
2.486094   55.846875
2.502094   58.505853
2.518094   59.769379
2.534094   59.942191
2.550094   60.407048
2.566094   61.039868
2.582094   60.602248
2.598094   60.564746
2.614094   60.654221
2.630094   61.177577
2.646094   63.333262
2.662094   65.896245
2.678094   66.735587
2.694094   67.170308
2.710094   70.877583
2.726094   73.351803
2.742094   74.167070
2.758094   74.653027
2.774094   75.062542
2.790094   75.344086
2.806094   75.498972
2.822094   75.291437
2.838094   74.689626
2.854094   74.670899
2.870094   75.420940
2.886094   76.179147
2.902094   76.841047
2.918094   76.965518
2.934094   76.567069
2.950094   75.838916
2.966094   74.288622
2.982094   71.050017
2.998094   65.495273
3.014094   58.397933
3.030094   57.402114
3.046094   61.837190
3.062094   63.570120
3.078094   63.171916
3.094094   62.451818
3.110094   60.960304
3.126094   60.677075
3.142094   63.560023
3.158094   66.892296
3.174094   69.179991
3.190094   70.367559
3.206094   71.036021
3.222094   71.569538
3.238094   71.976810
3.254094   72.275072
3.270094   72.581749
3.286094   72.931968
3.302094   73.328010
3.318094   73.517486
3.334094   73.227829
3.350094   73.082701
3.366094   73.560480
3.382094   73.703131
3.398094   73.122171
3.414094   72.475163
3.430094   72.152770
3.446094   71.845202
3.462094   71.595052
3.478094   71.706722
3.494094   72.260207
3.510094   73.269132
3.526094   74.254081
3.542094   73.732719
3.558094   70.488809
3.574094   64.398046
3.590094   58.011571
3.606094   54.124265
3.622094   55.226832
3.638094   58.418143
3.654094   63.855431
3.670094   68.213103
3.686094   70.606019
3.702094   71.478979
3.718094   71.663826
3.734094   71.956501
3.750094   72.446488
3.766094   72.368873
3.782094   70.626377
3.798094   66.270878
3.814094   59.379535
3.830094   56.156032
3.846094   59.385365
3.862094   63.342708
3.878094   65.099029
3.894094   64.606820
3.910094   64.142813
3.926094   64.158671
3.942094   63.589525
3.958094   63.013974
3.974094   62.537753
3.990094   61.586930
4.006094   61.028476
4.022094   60.755237
4.038094   60.618177
4.054094   59.289826
4.070094   58.906611
4.086094   59.199512
4.102094   59.870114
4.118094   64.903799
4.134094   69.463612
4.150094   72.525549
4.166094   73.666219
4.182094   72.450045
4.198094   68.618910
4.214094   62.094967
4.230094   56.708953
4.246094   58.733996
4.262094   62.953195
4.278094   67.482406
4.294094   70.115666
4.310094   70.467809
4.326094   69.655056
4.342094   68.556332
4.358094   69.535428
4.374094   73.219868
4.390094   75.301225
4.406094   74.686534
4.422094   71.998715
4.438094   70.671648
4.454094   71.109733
4.470094   69.802700
4.486094   65.829395
4.502094   61.177272
4.518094   60.156059
4.534094   61.067360
4.550094   62.279114
4.566094   63.136307
4.582094   63.480328
4.598094   64.001813
4.614094   64.916909
4.630094   64.880306
4.646094   64.428824
4.662094   64.253759
4.678094   63.119569
4.694094   62.135564
4.710094   62.163217
4.726094   62.012557
4.742094   61.193641
4.758094   59.931533
4.774094   58.830608
4.790094   58.880949
4.806094   59.666498
